#!ascii label  , from subject TEMPLATE vox2ras=TkReg
448
27501  -19.200  -30.281  61.132 0.0000000000
37572  -41.347  -12.313  53.748 0.0000000000
40081  -45.036  -8.127  51.161 0.0000000000
41940  -50.285  -4.937  47.588 0.0000000000
36984  -39.053  -13.881  55.316 0.0000000000
41339  -47.231  -6.470  49.168 0.0000000000
47099  -53.326  1.842  43.929 0.0000000000
48588  -55.442  4.447  40.819 0.0000000000
35805  -43.361  -15.395  52.256 0.0000000000
37003  -45.518  -13.422  51.515 0.0000000000
38812  -42.853  -10.343  51.584 0.0000000000
30699  -20.509  -24.813  61.920 0.0000000000
31201  -25.967  -23.436  61.845 0.0000000000
31739  -29.733  -21.987  60.175 0.0000000000
32847  -33.617  -20.450  59.477 0.0000000000
33438  -36.142  -19.454  57.327 0.0000000000
34597  -38.724  -17.896  54.766 0.0000000000
35199  -41.096  -16.551  53.889 0.0000000000
38201  -46.702  -11.550  49.100 0.0000000000
49324  -56.474  5.324  39.119 0.0000000000
36993  -42.020  -13.455  52.712 0.0000000000
37580  -42.731  -12.320  52.084 0.0000000000
38806  -42.022  -10.803  53.158 0.0000000000
31725  -23.201  -22.130  62.639 0.0000000000
30702  -22.909  -24.230  61.582 0.0000000000
35184  -36.290  -16.603  57.407 0.0000000000
34006  -37.602  -18.583  56.169 0.0000000000
35192  -37.681  -16.343  55.705 0.0000000000
36989  -40.224  -13.300  54.346 0.0000000000
36393  -39.320  -14.428  54.162 0.0000000000
36399  -41.049  -14.324  53.246 0.0000000000
35209  -42.354  -15.829  52.652 0.0000000000
38817  -44.586  -10.760  50.073 0.0000000000
37593  -46.103  -12.254  50.221 0.0000000000
39471  -46.150  -9.828  49.819 0.0000000000
41935  -48.488  -5.308  48.708 0.0000000000
40698  -47.886  -7.537  48.085 0.0000000000
40702  -48.830  -7.141  47.169 0.0000000000
41352  -50.248  -5.743  46.239 0.0000000000
45704  -54.482  0.482  43.142 0.0000000000
45009  -52.992  -0.658  44.725 0.0000000000
36386  -38.054  -14.411  56.248 0.0000000000
43167  -49.785  -3.337  48.566 0.0000000000
47845  -54.427  3.597  42.257 0.0000000000
46400  -55.269  1.479  41.222 0.0000000000
47860  -57.082  3.504  37.784 0.0000000000
34618  -45.530  -17.064  51.783 0.0000000000
36405  -44.578  -14.508  51.907 0.0000000000
37584  -43.945  -12.186  51.111 0.0000000000
29074  -18.843  -27.122  60.477 0.0000000000
30177  -26.817  -25.413  61.441 0.0000000000
31204  -28.236  -23.070  61.468 0.0000000000
30714  -28.969  -24.414  60.863 0.0000000000
31215  -30.592  -23.462  59.833 0.0000000000
31219  -32.790  -23.464  59.048 0.0000000000
31749  -34.599  -22.473  58.368 0.0000000000
33435  -35.169  -19.428  58.371 0.0000000000
32857  -37.033  -20.464  56.631 0.0000000000
35793  -38.670  -15.598  54.485 0.0000000000
34601  -39.994  -17.486  54.325 0.0000000000
33452  -41.477  -19.529  54.554 0.0000000000
34019  -42.944  -18.637  53.430 0.0000000000
34608  -44.110  -17.742  52.965 0.0000000000
40089  -46.763  -8.532  48.778 0.0000000000
44356  -51.875  -1.617  45.595 0.0000000000
43176  -50.936  -3.400  46.211 0.0000000000
28013  -17.997  -28.846  61.682 0.0000000000
37576  -41.699  -12.874  53.143 0.0000000000
37577  -42.118  -12.354  52.991 0.0000000000
37573  -41.797  -11.819  53.539 0.0000000000
35782  -36.610  -15.682  57.381 0.0000000000
35185  -36.804  -16.614  56.796 0.0000000000
35783  -37.123  -15.691  56.821 0.0000000000
37571  -40.677  -12.601  54.250 0.0000000000
36395  -40.559  -13.798  53.714 0.0000000000
36990  -40.809  -13.261  53.683 0.0000000000
36400  -41.864  -14.357  52.747 0.0000000000
38821  -44.924  -10.323  50.004 0.0000000000
40085  -45.190  -8.468  50.403 0.0000000000
41939  -49.540  -5.347  47.833 0.0000000000
41344  -48.953  -6.138  47.777 0.0000000000
41943  -49.789  -5.723  47.148 0.0000000000
41349  -49.849  -5.938  46.692 0.0000000000
41944  -50.482  -5.284  46.962 0.0000000000
45015  -55.025  -0.063  42.129 0.0000000000
44362  -54.265  -1.125  43.108 0.0000000000
44366  -54.403  -1.392  42.412 0.0000000000
48585  -54.687  4.456  41.881 0.0000000000
47847  -54.965  3.522  41.760 0.0000000000
47108  -55.302  2.543  41.376 0.0000000000
47109  -55.583  3.102  40.939 0.0000000000
46403  -55.807  2.106  40.027 0.0000000000
47852  -56.111  3.565  40.046 0.0000000000
48597  -57.014  4.458  38.158 0.0000000000
35212  -45.158  -16.445  52.136 0.0000000000
35806  -44.386  -15.473  52.149 0.0000000000
38188  -42.845  -11.306  51.940 0.0000000000
37581  -43.327  -12.220  51.486 0.0000000000
38189  -43.430  -11.298  51.331 0.0000000000
38815  -43.544  -10.350  51.008 0.0000000000
39464  -43.098  -9.320  51.344 0.0000000000
29079  -20.596  -27.135  60.704 0.0000000000
29628  -21.207  -25.856  61.394 0.0000000000
31207  -24.410  -23.836  61.526 0.0000000000
32279  -29.262  -21.408  60.354 0.0000000000
32276  -28.766  -22.035  60.635 0.0000000000
31211  -28.701  -23.459  61.117 0.0000000000
31212  -29.398  -23.584  60.595 0.0000000000
30715  -29.713  -24.438  60.359 0.0000000000
31740  -30.211  -22.535  59.999 0.0000000000
32287  -32.952  -21.436  59.386 0.0000000000
31746  -34.038  -22.505  58.791 0.0000000000
32288  -33.939  -21.462  59.099 0.0000000000
34001  -35.822  -18.508  57.597 0.0000000000
33998  -35.363  -18.516  58.134 0.0000000000
33437  -35.651  -19.435  57.849 0.0000000000
32294  -35.559  -21.060  57.814 0.0000000000
32855  -36.425  -20.426  57.114 0.0000000000
32298  -36.772  -21.418  56.991 0.0000000000
33441  -36.687  -19.486  56.809 0.0000000000
34008  -38.180  -18.627  55.617 0.0000000000
33445  -38.000  -19.555  55.954 0.0000000000
33446  -38.527  -19.599  55.356 0.0000000000
34010  -39.509  -18.955  54.792 0.0000000000
35790  -38.107  -15.504  55.384 0.0000000000
36388  -38.635  -14.480  55.028 0.0000000000
35795  -40.271  -15.533  53.533 0.0000000000
35198  -40.166  -16.520  54.070 0.0000000000
34602  -40.906  -17.481  54.308 0.0000000000
34015  -40.676  -18.536  54.614 0.0000000000
34016  -41.549  -18.447  54.309 0.0000000000
34606  -42.385  -17.616  53.535 0.0000000000
35210  -42.999  -16.144  52.483 0.0000000000
35205  -43.494  -16.969  52.818 0.0000000000
35211  -44.184  -16.558  52.501 0.0000000000
34612  -44.511  -17.395  52.672 0.0000000000
30696  -20.845  -24.078  62.285 0.0000000000
30159  -19.262  -25.065  62.112 0.0000000000
29625  -18.421  -26.088  61.279 0.0000000000
36412  -46.195  -14.497  51.559 0.0000000000
37004  -46.575  -13.544  51.282 0.0000000000
37594  -47.109  -12.467  49.840 0.0000000000
41338  -46.532  -6.771  49.711 0.0000000000
40088  -46.105  -8.452  49.315 0.0000000000
40695  -46.552  -7.507  49.199 0.0000000000
40092  -48.359  -8.581  47.543 0.0000000000
39478  -47.934  -9.564  48.043 0.0000000000
44359  -53.120  -1.444  44.344 0.0000000000
45008  -52.326  -0.755  45.241 0.0000000000
43783  -51.786  -2.321  45.293 0.0000000000
43782  -51.342  -2.416  45.895 0.0000000000
43181  -51.441  -2.924  44.898 0.0000000000
42582  -50.747  -4.477  44.880 0.0000000000
49321  -55.371  5.520  40.535 0.0000000000
48591  -56.292  4.463  39.569 0.0000000000
49323  -55.977  5.439  39.728 0.0000000000
50073  -56.263  6.404  39.127 0.0000000000
36403  -42.627  -14.390  52.339 0.0000000000
36404  -43.557  -14.422  52.076 0.0000000000
36995  -42.686  -13.392  52.167 0.0000000000
38811  -42.344  -10.380  52.257 0.0000000000
30697  -21.473  -24.014  62.029 0.0000000000
30701  -21.973  -24.362  61.697 0.0000000000
31729  -25.671  -22.393  62.112 0.0000000000
34591  -36.600  -17.571  56.940 0.0000000000
34005  -36.977  -18.544  56.632 0.0000000000
34593  -37.165  -17.600  56.396 0.0000000000
34594  -37.745  -17.678  55.875 0.0000000000
35189  -37.821  -16.983  55.639 0.0000000000
36985  -39.497  -13.390  55.145 0.0000000000
36988  -39.785  -13.842  54.293 0.0000000000
35799  -40.537  -15.026  53.277 0.0000000000
35800  -41.160  -15.453  53.295 0.0000000000
35200  -41.830  -16.874  53.637 0.0000000000
35801  -41.905  -15.273  52.972 0.0000000000
35804  -42.468  -15.253  52.467 0.0000000000
31724  -22.395  -22.295  62.987 0.0000000000
37585  -44.845  -12.314  50.801 0.0000000000
37586  -45.908  -12.662  50.953 0.0000000000
38199  -45.344  -11.398  49.979 0.0000000000
38200  -46.179  -11.511  49.650 0.0000000000
38823  -46.495  -10.573  49.580 0.0000000000
41934  -47.790  -5.798  49.051 0.0000000000
41342  -47.632  -6.805  48.492 0.0000000000
41343  -48.326  -6.449  48.116 0.0000000000
40699  -48.411  -7.349  47.543 0.0000000000
46395  -54.181  1.327  43.329 0.0000000000
46393  -53.639  1.278  43.921 0.0000000000
45702  -54.036  0.410  43.866 0.0000000000
44361  -53.700  -1.444  43.626 0.0000000000
38176  -41.170  -11.264  54.428 0.0000000000
37568  -40.322  -12.247  55.018 0.0000000000
40688  -45.609  -7.429  50.847 0.0000000000
41930  -47.666  -5.315  49.637 0.0000000000
42564  -48.524  -4.467  49.177 0.0000000000
42565  -49.210  -4.225  48.782 0.0000000000
42566  -49.896  -4.004  48.409 0.0000000000
47102  -53.769  2.444  43.209 0.0000000000
46396  -54.629  1.392  42.730 0.0000000000
46398  -55.061  1.523  42.023 0.0000000000
45709  -55.160  0.623  40.906 0.0000000000
47853  -56.494  3.519  39.352 0.0000000000
47118  -56.974  2.508  38.299 0.0000000000
35215  -45.696  -16.544  51.572 0.0000000000
35807  -45.408  -15.522  51.842 0.0000000000
36998  -45.384  -13.957  51.693 0.0000000000
36996  -43.718  -13.328  51.668 0.0000000000
37001  -43.854  -12.692  51.400 0.0000000000
37002  -44.475  -12.932  51.441 0.0000000000
38192  -43.986  -11.376  50.650 0.0000000000
38816  -44.285  -10.343  50.450 0.0000000000
38805  -41.570  -10.406  53.425 0.0000000000
38809  -41.956  -10.288  52.887 0.0000000000
39461  -42.545  -9.294  52.160 0.0000000000
28015  -19.313  -28.663  61.239 0.0000000000
28530  -20.446  -28.222  60.713 0.0000000000
29639  -27.284  -26.202  61.066 0.0000000000
32269  -26.390  -21.505  62.178 0.0000000000
31730  -26.617  -22.423  62.146 0.0000000000
31202  -26.885  -23.241  62.008 0.0000000000
30178  -27.710  -25.368  61.262 0.0000000000
30720  -31.530  -24.393  59.212 0.0000000000
30722  -32.307  -24.379  58.959 0.0000000000
33432  -34.033  -19.476  59.305 0.0000000000
33997  -34.817  -18.510  58.581 0.0000000000
32848  -34.342  -20.386  59.078 0.0000000000
32293  -35.074  -21.429  58.297 0.0000000000
31750  -35.161  -22.482  57.965 0.0000000000
33442  -37.340  -19.518  56.388 0.0000000000
36385  -37.677  -14.879  56.355 0.0000000000
35789  -37.803  -15.987  55.565 0.0000000000
34599  -38.530  -17.238  54.854 0.0000000000
36392  -38.825  -14.965  54.204 0.0000000000
35197  -39.273  -16.545  54.219 0.0000000000
34600  -39.085  -17.499  54.401 0.0000000000
34014  -39.775  -18.312  54.543 0.0000000000
33451  -40.649  -19.639  54.859 0.0000000000
33457  -43.397  -19.684  53.298 0.0000000000
34607  -43.203  -17.693  53.161 0.0000000000
34023  -44.476  -19.101  52.706 0.0000000000
34024  -44.940  -18.727  52.359 0.0000000000
28525  -18.022  -27.955  61.784 0.0000000000
40086  -45.626  -8.486  49.849 0.0000000000
39475  -46.625  -9.502  49.360 0.0000000000
38826  -47.117  -10.525  49.077 0.0000000000
40091  -47.491  -8.549  48.211 0.0000000000
39477  -47.327  -9.514  48.728 0.0000000000
38204  -47.173  -11.420  48.474 0.0000000000
43774  -50.169  -2.577  48.098 0.0000000000
43171  -50.556  -3.614  47.591 0.0000000000
45699  -52.712  0.152  44.914 0.0000000000
45698  -52.015  0.072  45.305 0.0000000000
44355  -51.315  -1.671  46.161 0.0000000000
43778  -50.887  -2.565  46.556 0.0000000000
42574  -51.017  -4.325  46.905 0.0000000000
41949  -50.769  -5.125  46.158 0.0000000000
27500  -18.254  -30.267  60.771 0.0000000000
36377  -36.610  -14.580  57.973 0.0000000000
36380  -36.932  -15.117  57.334 0.0000000000
36992  -41.425  -13.417  53.177 0.0000000000
40084  -44.705  -8.731  50.726 0.0000000000
39469  -44.821  -9.343  50.282 0.0000000000
45017  -54.897  -0.754  42.086 0.0000000000
47848  -55.368  3.609  41.146 0.0000000000
47850  -55.730  3.642  40.637 0.0000000000
47112  -55.757  2.635  40.527 0.0000000000
30163  -19.896  -25.294  61.442 0.0000000000
30164  -20.815  -25.496  61.418 0.0000000000
31208  -25.167  -23.959  61.531 0.0000000000
31736  -29.264  -22.591  60.496 0.0000000000
31737  -29.712  -23.065  60.337 0.0000000000
32854  -35.880  -20.356  57.594 0.0000000000
34596  -38.267  -17.675  55.277 0.0000000000
34009  -38.767  -18.691  54.996 0.0000000000
34603  -41.727  -17.547  54.014 0.0000000000
30695  -19.904  -24.405  62.486 0.0000000000
36411  -45.656  -14.103  51.675 0.0000000000
37597  -47.438  -12.527  48.721 0.0000000000
43787  -52.746  -2.101  44.529 0.0000000000
44358  -52.537  -1.651  45.029 0.0000000000
38185  -42.348  -11.251  52.727 0.0000000000
31194  -22.803  -22.883  62.455 0.0000000000
32268  -25.459  -21.420  62.198 0.0000000000
34590  -36.051  -17.560  57.461 0.0000000000
35188  -37.334  -16.628  56.121 0.0000000000
36986  -40.000  -12.909  55.009 0.0000000000
36394  -40.240  -14.341  53.634 0.0000000000
36398  -40.724  -14.774  53.278 0.0000000000
31193  -21.692  -23.296  62.518 0.0000000000
38193  -44.683  -11.407  50.241 0.0000000000
37592  -45.362  -12.121  50.392 0.0000000000
38194  -44.804  -11.001  49.895 0.0000000000
38822  -45.766  -10.510  49.763 0.0000000000
41340  -47.878  -6.161  48.712 0.0000000000
41938  -48.841  -5.824  48.142 0.0000000000
41347  -48.715  -6.670  47.512 0.0000000000
40096  -48.784  -7.884  47.133 0.0000000000
40703  -49.066  -7.485  46.675 0.0000000000
43790  -53.011  -2.223  43.909 0.0000000000
37569  -40.860  -11.952  54.530 0.0000000000
41931  -48.183  -4.809  49.339 0.0000000000
43166  -49.228  -3.276  49.030 0.0000000000
47844  -54.001  3.626  42.746 0.0000000000
47105  -54.122  3.022  42.563 0.0000000000
47103  -54.343  1.927  42.940 0.0000000000
47106  -54.563  2.484  42.334 0.0000000000
45707  -55.114  0.635  41.713 0.0000000000
46402  -55.440  1.543  40.362 0.0000000000
47114  -56.120  2.657  39.757 0.0000000000
48594  -56.745  4.434  38.927 0.0000000000
47856  -56.902  3.488  38.634 0.0000000000
36406  -45.474  -14.550  51.761 0.0000000000
36997  -44.865  -13.778  51.709 0.0000000000
28527  -19.529  -28.163  60.815 0.0000000000
29075  -19.848  -27.527  60.410 0.0000000000
29080  -21.549  -27.191  61.014 0.0000000000
29637  -25.542  -26.341  61.044 0.0000000000
29638  -26.430  -26.265  61.139 0.0000000000
29086  -26.922  -26.904  60.680 0.0000000000
32828  -26.871  -20.885  62.023 0.0000000000
31203  -27.625  -23.252  61.723 0.0000000000
30705  -27.038  -23.874  61.752 0.0000000000
30713  -28.138  -24.391  61.316 0.0000000000
30179  -28.566  -25.302  61.030 0.0000000000
29641  -28.886  -25.969  60.698 0.0000000000
30716  -30.264  -24.116  60.037 0.0000000000
30718  -30.273  -24.741  60.058 0.0000000000
30719  -30.814  -24.406  59.709 0.0000000000
31744  -32.466  -22.590  59.254 0.0000000000
31743  -31.704  -22.723  59.341 0.0000000000
31218  -31.972  -23.494  59.085 0.0000000000
31221  -34.246  -23.350  58.517 0.0000000000
33434  -34.606  -19.449  58.821 0.0000000000
32851  -34.914  -20.358  58.614 0.0000000000
32296  -35.457  -21.759  57.753 0.0000000000
32300  -37.322  -21.432  56.422 0.0000000000
35193  -38.109  -16.602  55.294 0.0000000000
35196  -38.572  -16.500  54.709 0.0000000000
35794  -39.379  -15.601  54.025 0.0000000000
34018  -42.215  -18.497  53.862 0.0000000000
35204  -42.306  -16.472  53.091 0.0000000000
34020  -43.892  -18.738  53.135 0.0000000000
34021  -44.461  -18.452  52.801 0.0000000000
34613  -45.231  -17.623  52.190 0.0000000000
29073  -18.119  -27.077  61.411 0.0000000000
28526  -18.707  -27.988  61.149 0.0000000000
37587  -46.888  -12.773  50.787 0.0000000000
40689  -46.022  -6.958  50.575 0.0000000000
40692  -45.548  -7.940  50.258 0.0000000000
40696  -47.183  -7.536  48.587 0.0000000000
38829  -47.572  -10.505  48.341 0.0000000000
43775  -50.543  -2.739  47.382 0.0000000000
45701  -53.340  0.315  44.368 0.0000000000
45006  -51.693  -0.842  45.730 0.0000000000
45695  -51.448  -0.225  45.800 0.0000000000
45005  -51.210  -0.855  46.333 0.0000000000
43177  -51.238  -2.929  45.532 0.0000000000
43173  -50.824  -3.455  47.042 0.0000000000
42577  -50.879  -4.353  46.166 0.0000000000
41945  -50.896  -4.815  46.571 0.0000000000
38181  -41.986  -11.313  53.358 0.0000000000
35786  -37.543  -15.553  56.090 0.0000000000
38820  -44.595  -9.844  50.352 0.0000000000
39470  -45.432  -9.455  49.839 0.0000000000
41936  -49.222  -4.866  48.429 0.0000000000
41348  -49.287  -6.391  47.118 0.0000000000
45705  -54.867  0.589  42.443 0.0000000000
45014  -54.685  -0.411  42.753 0.0000000000
47111  -55.524  2.029  40.903 0.0000000000
49328  -56.761  5.324  38.496 0.0000000000
47866  -57.117  3.544  36.849 0.0000000000
29078  -19.767  -26.727  60.426 0.0000000000
29631  -20.179  -26.114  60.833 0.0000000000
29632  -20.894  -26.189  61.225 0.0000000000
29633  -21.832  -26.310  61.270 0.0000000000
30711  -26.323  -24.423  61.652 0.0000000000
31213  -29.971  -23.534  60.195 0.0000000000
31745  -33.315  -22.490  59.117 0.0000000000
32292  -34.426  -21.784  58.640 0.0000000000
34587  -35.564  -17.570  58.003 0.0000000000
32852  -35.421  -20.349  58.116 0.0000000000
32297  -36.027  -21.415  57.393 0.0000000000
33447  -39.184  -19.682  54.956 0.0000000000
35206  -44.089  -17.169  52.738 0.0000000000
29626  -19.277  -25.989  60.785 0.0000000000
37588  -47.394  -13.088  50.386 0.0000000000
40693  -46.003  -7.496  50.003 0.0000000000
43180  -50.992  -3.761  45.403 0.0000000000
48590  -55.850  4.512  40.233 0.0000000000
50074  -56.576  5.869  38.762 0.0000000000
30700  -21.179  -24.672  61.778 0.0000000000
31197  -21.864  -23.785  62.018 0.0000000000
31198  -22.460  -23.602  62.001 0.0000000000
31199  -23.684  -23.246  61.976 0.0000000000
31200  -24.917  -23.155  61.752 0.0000000000
34002  -36.381  -18.517  57.104 0.0000000000
36389  -39.123  -14.057  54.914 0.0000000000
35796  -41.013  -15.940  53.565 0.0000000000
35203  -41.495  -16.252  53.511 0.0000000000
45011  -53.600  -0.554  44.112 0.0000000000
45012  -54.179  -0.452  43.484 0.0000000000
36981  -39.224  -12.925  55.893 0.0000000000
37567  -39.875  -12.603  55.399 0.0000000000
40686  -45.342  -7.419  51.714 0.0000000000
41335  -46.929  -6.064  50.049 0.0000000000
42569  -49.655  -4.582  48.325 0.0000000000
42570  -50.256  -4.350  47.900 0.0000000000
47839  -53.503  3.628  43.137 0.0000000000
45018  -55.049  -0.303  41.407 0.0000000000
35811  -45.867  -16.031  51.475 0.0000000000
35808  -45.744  -15.131  51.739 0.0000000000
38180  -41.616  -11.247  53.869 0.0000000000
38808  -41.600  -9.962  53.062 0.0000000000
39460  -42.078  -9.673  52.554 0.0000000000
28020  -19.356  -29.399  61.321 0.0000000000
28021  -20.186  -29.091  61.225 0.0000000000
30165  -21.667  -25.356  61.449 0.0000000000
30712  -27.270  -24.583  61.544 0.0000000000
31210  -28.050  -23.625  61.420 0.0000000000
31741  -31.078  -22.664  59.608 0.0000000000
31216  -31.248  -23.519  59.418 0.0000000000
31220  -33.570  -23.428  58.815 0.0000000000
32289  -34.563  -21.087  58.759 0.0000000000
32858  -37.642  -20.492  56.146 0.0000000000
36381  -37.355  -14.518  57.099 0.0000000000
35787  -37.814  -15.069  56.000 0.0000000000
34013  -39.163  -18.293  54.630 0.0000000000
34011  -40.129  -19.027  54.773 0.0000000000
34609  -44.699  -17.978  52.649 0.0000000000
28014  -18.666  -28.716  61.398 0.0000000000
39474  -45.935  -9.193  49.549 0.0000000000
43170  -50.259  -3.437  48.044 0.0000000000
42571  -50.739  -4.080  47.439 0.0000000000
46392  -52.882  1.195  44.489 0.0000000000
46389  -52.432  0.645  44.966 0.0000000000
46388  -52.033  1.106  45.051 0.0000000000
44352  -50.883  -1.731  46.861 0.0000000000
42573  -50.598  -4.611  47.395 0.0000000000
41948  -50.542  -5.390  46.392 0.0000000000
41358  -50.482  -5.497  45.893 0.0000000000
42580  -50.795  -4.596  45.618 0.0000000000
41953  -50.511  -5.172  45.371 0.0000000000
41357  -50.003  -5.906  45.444 0.0000000000
29627  -20.948  -25.852  61.361 0.0000000000
36407  -45.908  -14.925  51.700 0.0000000000
37591  -44.996  -11.916  50.421 0.0000000000
38198  -45.097  -11.732  50.262 0.0000000000
41353  -50.542  -5.431  46.179 0.0000000000
