#!ascii label  , from subject TEMPLATE vox2ras=TkReg
1728
35110  -12.808  -16.864  67.532 0.6250000000
35104  -12.587  -16.736  68.238 0.6250000000
35105  -13.441  -16.360  67.992 0.6250000000
35099  -14.102  -15.931  68.437 0.5000000000
35106  -14.291  -15.938  67.707 0.6250000000
35708  -15.290  -15.312  67.874 0.6250000000
35707  -14.685  -15.584  68.372 0.5000000000
35703  -15.128  -15.155  68.588 0.5000000000
35107  -14.809  -15.625  67.229 0.6250000000
35712  -15.336  -15.357  67.159 0.6250000000
36316  -16.082  -14.345  67.835 0.6250000000
36315  -15.506  -14.675  68.337 0.5000000000
35114  -15.434  -15.394  66.033 0.5000000000
36905  -16.100  -13.338  68.220 0.5000000000
36312  -15.225  -14.424  68.883 0.5000000000
36313  -15.668  -14.074  68.369 0.5000000000
37472  -15.899  -12.466  67.939 0.5000000000
37473  -16.553  -12.525  67.763 0.5000000000
38090  -16.910  -11.535  67.563 0.6250000000
37480  -17.332  -12.397  67.558 0.6250000000
38707  -16.588  -10.512  67.359 0.1250000000
38708  -17.584  -10.308  67.524 0.3750000000
38091  -17.942  -11.353  67.627 0.6250000000
39371  -17.131  -9.402  67.558 0.1250000000
38709  -18.566  -10.220  67.536 0.5000000000
39373  -19.171  -9.303  67.708 0.6250000000
39374  -19.889  -9.499  67.753 0.6250000000
39370  -16.166  -9.560  67.329 0.1250000000
49223  -27.899  5.218  62.464 0.3750000000
49967  -28.453  6.271  62.529 0.3750000000
39372  -18.320  -8.805  67.565 0.3750000000
48474  -28.452  4.303  62.501 0.3750000000
49224  -28.867  5.302  62.625 0.3750000000
41199  -19.356  -8.464  67.884 0.6250000000
47740  -29.092  3.439  62.482 0.7500000000
49225  -29.514  5.283  63.017 0.5000000000
49968  -29.466  6.246  62.779 0.5000000000
49969  -30.370  6.622  62.696 0.3750000000
39365  -20.091  -8.849  68.064 0.7500000000
48475  -29.338  4.461  62.765 0.7500000000
49959  -29.710  5.707  63.178 0.5000000000
49960  -30.106  6.016  63.363 0.5000000000
50697  -30.721  7.518  62.132 0.3750000000
49970  -31.290  6.560  62.589 0.3750000000
50698  -31.614  7.574  61.789 0.3750000000
39996  -21.272  -8.530  67.385 0.7500000000
48476  -29.795  4.671  63.181 0.8750000000
48467  -30.279  4.663  63.255 0.7500000000
49216  -30.519  5.374  63.295 0.5000000000
49217  -31.170  5.565  63.060 0.5000000000
47741  -30.070  3.661  63.085 0.7500000000
47733  -30.468  4.283  63.123 0.7500000000
49971  -32.284  6.584  61.993 0.5000000000
47742  -30.952  3.362  62.626 1.0000000000
47734  -30.713  4.032  62.945 0.7500000000
48469  -31.397  4.912  62.723 0.8750000000
49226  -31.815  5.608  62.533 0.7500000000
47743  -31.641  3.484  62.246 1.0000000000
48477  -31.248  4.166  62.678 0.8750000000
48478  -31.967  4.531  62.275 0.7500000000
49227  -32.549  5.475  62.094 0.7500000000
48479  -32.874  4.504  61.800 0.6250000000
49972  -32.920  6.147  61.769 0.6250000000
47012  -31.357  2.482  62.007 1.0000000000
47744  -32.337  3.572  61.848 0.8750000000
47013  -31.926  2.875  61.776 1.0000000000
47746  -33.043  3.505  61.429 0.8750000000
48482  -33.475  4.163  61.511 0.8750000000
47016  -32.519  2.594  61.342 1.0000000000
47747  -33.777  3.517  61.250 0.8750000000
47015  -31.907  2.197  61.525 1.0000000000
46301  -32.200  1.525  60.950 1.0000000000
47017  -33.382  2.598  60.973 1.0000000000
47748  -34.439  3.576  60.884 1.0000000000
46302  -32.810  1.949  60.677 1.0000000000
47021  -33.904  2.333  60.470 1.0000000000
47022  -34.611  2.588  60.450 1.0000000000
40021  -26.170  -8.663  62.255 0.1250000000
40631  -26.682  -7.998  61.767 0.1250000000
46305  -32.531  1.320  59.909 1.0000000000
46306  -33.311  1.829  59.971 1.0000000000
46308  -34.983  1.634  60.027 1.0000000000
45628  -32.292  0.694  58.830 1.0000000000
46314  -32.868  1.310  58.821 1.0000000000
46316  -34.548  1.146  59.065 1.0000000000
40637  -28.287  -8.079  61.543 0.1250000000
40638  -29.098  -7.679  61.217 0.1250000000
44934  -32.395  -0.039  57.688 1.0000000000
46332  -33.502  1.008  57.339 1.0000000000
45629  -34.666  0.625  58.615 1.0000000000
43717  -32.746  -2.405  59.171 0.8750000000
44293  -32.818  -0.808  58.392 1.0000000000
44936  -34.175  -0.246  58.433 1.0000000000
44937  -35.076  -0.233  58.648 1.0000000000
41272  -30.759  -6.550  60.077 0.3750000000
44294  -33.654  -1.007  58.495 0.8750000000
44295  -34.546  -1.173  58.635 0.8750000000
44296  -35.503  -1.527  58.716 0.8750000000
42502  -31.344  -4.611  60.134 0.6250000000
88631  -18.863  -8.394  67.681 0.5000000000
48473  -27.347  4.077  62.421 0.5000000000
39976  -19.865  -8.432  68.252 0.6250000000
47738  -27.156  3.040  62.575 0.5000000000
47739  -28.097  3.249  62.506 0.5000000000
39995  -20.679  -8.356  67.800 0.7500000000
40000  -22.010  -8.704  66.045 0.8750000000
47008  -27.754  2.270  62.383 0.6250000000
47009  -28.746  2.356  62.300 0.8750000000
47010  -29.687  2.461  62.379 0.8750000000
50703  -32.532  7.706  61.110 0.2500000000
40003  -22.207  -8.691  65.148 0.7500000000
46291  -28.376  1.366  61.992 0.8750000000
46292  -29.410  1.370  61.811 0.8750000000
47011  -30.536  2.505  62.324 1.0000000000
49975  -32.916  6.779  61.410 0.3750000000
40012  -21.505  -8.419  63.680 0.7500000000
46293  -30.204  1.559  61.923 0.8750000000
49228  -33.225  5.474  61.707 0.5000000000
40016  -21.357  -8.700  62.485 0.5000000000
40018  -23.021  -8.351  62.021 0.6250000000
48483  -34.125  4.491  61.300 0.7500000000
48480  -33.524  4.828  61.573 0.6250000000
46300  -31.556  1.536  61.428 1.0000000000
48484  -34.890  4.498  60.738 1.0000000000
40019  -24.144  -8.585  62.310 0.5000000000
45618  -31.757  0.984  60.989 1.0000000000
47751  -35.111  3.486  60.453 1.0000000000
40020  -25.263  -8.555  62.251 0.3750000000
40630  -25.838  -7.794  61.970 0.5000000000
44281  -30.774  -1.315  60.648 1.0000000000
44923  -31.173  -0.513  60.599 1.0000000000
45622  -31.425  0.013  60.436 1.0000000000
45623  -31.930  0.496  60.178 1.0000000000
47023  -35.535  2.516  60.051 1.0000000000
40632  -27.499  -8.114  61.715 0.1250000000
44282  -31.385  -1.429  60.003 1.0000000000
44924  -31.642  -0.499  59.882 1.0000000000
44928  -31.955  -0.200  58.953 1.0000000000
41253  -27.752  -7.661  61.252 0.1250000000
41264  -28.044  -7.089  60.581 0.2500000000
41265  -29.185  -6.827  60.371 0.1250000000
41266  -29.998  -6.665  60.190 0.1250000000
46325  -35.988  1.078  58.327 0.8750000000
45636  -35.640  0.523  58.388 1.0000000000
44285  -32.152  -1.287  59.091 1.0000000000
45637  -36.417  0.480  57.913 0.8750000000
44938  -36.034  -0.472  58.308 0.7500000000
42501  -30.508  -4.714  60.038 0.6250000000
43115  -31.655  -3.533  60.036 0.7500000000
43713  -31.838  -2.470  59.548 0.7500000000
44939  -36.983  -0.502  57.864 0.7500000000
44297  -36.525  -1.479  58.318 0.7500000000
40592  -20.349  -7.783  67.956 0.6250000000
47007  -26.674  2.201  62.470 0.6250000000
47006  -25.487  1.990  62.173 0.6250000000
40594  -21.598  -8.024  67.134 0.8750000000
46289  -26.506  1.284  62.112 0.7500000000
40602  -21.750  -7.986  66.491 0.8750000000
46290  -27.421  1.425  62.130 0.7500000000
40609  -21.740  -7.822  65.606 0.8750000000
41234  -21.634  -7.383  65.051 0.7500000000
45605  -27.870  0.928  61.856 0.7500000000
40619  -21.560  -7.896  63.679 0.7500000000
50704  -33.393  7.188  60.886 0.3750000000
49976  -33.542  6.374  61.409 0.3750000000
40618  -21.480  -8.306  63.460 0.7500000000
45606  -29.657  0.562  61.531 0.8750000000
40626  -21.885  -7.741  62.647 0.7500000000
40627  -22.612  -7.517  62.073 0.7500000000
45607  -30.041  0.792  61.566 1.0000000000
49232  -34.586  5.416  61.081 0.3750000000
49231  -33.917  5.505  61.441 0.3750000000
40017  -22.063  -8.338  61.988 0.7500000000
46294  -30.917  1.536  61.786 1.0000000000
40628  -23.670  -7.512  62.215 0.6250000000
45608  -30.531  0.745  61.530 1.0000000000
40629  -24.838  -7.614  62.238 0.6250000000
41250  -25.386  -7.043  61.403 0.6250000000
44920  -30.516  -0.266  61.209 1.0000000000
45617  -31.246  0.532  61.102 1.0000000000
48487  -35.433  4.180  60.369 1.0000000000
47752  -35.815  3.530  60.183 1.0000000000
41251  -26.233  -7.466  60.990 0.5000000000
43708  -30.461  -1.854  60.605 1.0000000000
47024  -36.168  2.881  59.852 1.0000000000
41252  -27.175  -7.559  61.036 0.3750000000
47028  -36.047  2.310  59.457 1.0000000000
46326  -36.486  1.670  58.200 0.8750000000
46318  -36.234  2.003  59.027 1.0000000000
41863  -29.430  -6.104  59.841 0.6250000000
41871  -30.111  -5.660  59.941 0.3750000000
45644  -36.616  0.983  57.721 0.8750000000
44940  -37.536  -0.840  57.753 0.7500000000
41215  -19.247  -7.238  67.524 0.6250000000
40593  -21.003  -7.742  67.483 0.6250000000
41217  -20.926  -7.340  67.113 0.6250000000
44266  -23.268  -2.540  61.868 0.8750000000
40608  -21.446  -7.421  66.229 0.8750000000
43694  -23.665  -3.069  61.446 1.0000000000
44268  -24.629  -1.775  62.265 1.0000000000
44908  -25.425  -0.480  62.109 0.8750000000
45602  -25.492  0.453  61.824 0.8750000000
45603  -26.339  0.468  61.927 0.7500000000
88314  -23.009  -3.618  60.798 1.0000000000
88316  -22.634  -4.294  60.328 1.0000000000
43695  -24.454  -2.632  61.785 1.0000000000
44269  -25.365  -1.397  62.236 0.8750000000
44909  -26.110  -0.288  62.029 0.8750000000
45604  -27.307  0.494  61.726 0.8750000000
41242  -21.911  -6.904  63.285 1.0000000000
42498  -23.360  -4.338  60.246 1.0000000000
43102  -24.102  -3.692  60.906 1.0000000000
43696  -25.250  -2.320  61.975 1.0000000000
44910  -26.779  -0.290  61.793 0.8750000000
42499  -23.867  -4.403  60.441 1.0000000000
43701  -24.312  -3.263  61.241 1.0000000000
43697  -26.025  -1.911  61.966 0.8750000000
44274  -26.970  -1.111  61.642 0.8750000000
44916  -27.434  -0.463  61.465 0.8750000000
45615  -28.354  0.401  61.513 0.8750000000
43698  -26.504  -1.443  61.877 0.8750000000
45614  -27.806  -0.007  61.416 0.8750000000
46299  -29.354  0.803  61.558 0.8750000000
50705  -33.925  6.938  61.040 0.3750000000
44275  -27.689  -1.370  61.269 0.8750000000
44917  -28.176  -0.559  61.298 0.8750000000
45616  -29.209  0.352  61.478 0.8750000000
49978  -34.918  6.111  60.886 0.3750000000
41248  -23.196  -6.695  61.605 0.7500000000
41260  -23.907  -6.117  60.930 0.7500000000
44918  -29.082  -0.500  61.398 1.0000000000
44911  -29.612  -0.031  61.466 1.0000000000
44912  -30.022  0.114  61.493 1.0000000000
41249  -24.362  -6.760  61.700 0.6250000000
48485  -35.449  4.851  60.417 1.0000000000
49233  -35.176  5.473  60.657 0.8750000000
44919  -29.871  -0.619  61.436 1.0000000000
41262  -25.660  -6.739  60.199 0.7500000000
44278  -30.246  -1.356  61.054 1.0000000000
48488  -36.032  4.536  60.122 1.0000000000
41860  -26.403  -5.659  59.966 0.6250000000
43707  -30.069  -2.390  60.614 1.0000000000
47753  -36.434  3.627  59.774 1.0000000000
41263  -26.840  -6.926  60.092 0.5000000000
41861  -27.473  -5.773  59.966 0.7500000000
47029  -36.643  2.659  59.211 1.0000000000
41862  -28.574  -5.795  59.808 0.5000000000
43109  -30.192  -3.094  60.299 0.7500000000
43711  -30.432  -2.878  60.308 1.0000000000
43712  -30.887  -2.440  60.237 0.8750000000
46327  -37.227  2.233  57.862 0.8750000000
47035  -37.038  2.480  58.526 0.8750000000
41870  -29.355  -5.345  59.806 0.6250000000
42500  -29.787  -4.637  59.916 0.7500000000
43113  -30.145  -4.138  60.134 0.7500000000
43114  -30.614  -3.628  60.249 0.7500000000
46334  -37.153  1.440  57.509 0.8750000000
41216  -20.248  -6.982  67.409 0.6250000000
41226  -20.961  -7.092  66.584 0.7500000000
41233  -21.203  -6.706  65.445 0.8750000000
41237  -21.653  -7.151  64.391 1.0000000000
41282  -22.206  -4.356  60.451 1.0000000000
88324  -22.935  -3.124  61.510 1.0000000000
41246  -21.678  -5.573  62.057 1.0000000000
41247  -21.950  -6.584  61.870 1.0000000000
41259  -22.747  -5.927  60.582 1.0000000000
41868  -23.019  -5.116  59.982 1.0000000000
43702  -25.005  -3.037  61.330 1.0000000000
43703  -25.854  -2.726  61.356 1.0000000000
41857  -23.629  -5.471  60.314 1.0000000000
43103  -24.645  -3.839  60.817 1.0000000000
43104  -25.509  -3.638  60.773 1.0000000000
43704  -26.898  -2.244  61.376 1.0000000000
41858  -24.539  -5.525  60.387 1.0000000000
42489  -25.074  -4.628  60.468 1.0000000000
50714  -35.800  7.241  60.045 0.5000000000
49983  -35.427  6.413  60.449 0.3750000000
43105  -26.494  -3.504  60.825 1.0000000000
43705  -28.085  -2.431  61.037 1.0000000000
44276  -28.631  -1.479  61.211 1.0000000000
49984  -36.054  6.390  59.859 0.6250000000
41261  -24.920  -6.281  60.847 1.0000000000
41859  -25.392  -5.576  60.157 1.0000000000
42490  -26.008  -4.566  60.381 1.0000000000
43106  -27.545  -3.519  60.911 1.0000000000
49235  -35.747  5.525  60.216 0.8750000000
43706  -29.114  -2.487  60.874 1.0000000000
44277  -29.529  -1.502  61.201 1.0000000000
48489  -36.675  4.554  59.535 1.0000000000
49236  -36.353  5.472  59.709 1.0000000000
42491  -27.011  -4.659  60.573 1.0000000000
42492  -28.049  -4.669  60.437 1.0000000000
43107  -28.605  -3.559  60.710 1.0000000000
48492  -37.332  4.558  59.093 1.0000000000
47757  -37.623  3.675  58.780 1.0000000000
47756  -37.057  3.664  59.324 1.0000000000
43108  -29.678  -3.544  60.305 1.0000000000
47761  -37.999  3.299  58.378 1.0000000000
47030  -37.307  2.977  58.980 1.0000000000
42493  -28.990  -4.580  60.133 0.7500000000
47037  -38.068  2.740  57.963 1.0000000000
41236  -21.666  -6.189  64.134 1.0000000000
49989  -36.745  6.368  59.406 0.6250000000
49239  -37.052  5.457  59.300 1.0000000000
49240  -37.637  5.420  58.804 1.0000000000
48494  -38.371  4.428  58.145 1.0000000000
47758  -38.071  3.894  58.426 1.0000000000
49990  -37.467  6.343  59.019 0.7500000000
50722  -37.165  7.217  59.038 0.6250000000
49241  -38.179  5.333  58.267 1.0000000000
50723  -37.271  7.044  58.288 0.7500000000
49991  -37.814  6.227  58.334 1.0000000000
48496  -38.698  4.136  57.701 1.0000000000
49243  -38.702  5.111  57.546 1.0000000000
51483  -37.123  7.702  58.456 0.6250000000
49993  -38.240  6.102  57.681 1.0000000000
49994  -38.722  6.121  57.081 1.0000000000
51488  -37.273  8.932  58.351 0.3750000000
50728  -37.677  6.906  57.615 0.8750000000
50729  -38.160  6.773  56.958 1.0000000000
49244  -39.113  5.548  56.998 1.0000000000
51489  -37.445  8.243  57.639 0.6250000000
52260  -37.514  9.610  58.048 0.5000000000
51490  -37.753  7.402  57.064 0.7500000000
51495  -38.387  7.850  56.605 0.6250000000
51494  -38.147  8.917  56.786 0.5000000000
50732  -38.885  6.954  56.723 0.7500000000
51496  -39.086  7.535  56.497 0.7500000000
49997  -39.391  6.259  56.693 1.0000000000
50733  -39.514  7.172  56.508 0.8750000000
49998  -39.913  6.635  56.389 1.0000000000
51502  -38.802  8.944  56.466 0.6250000000
51503  -39.561  8.212  56.364 0.6250000000
50736  -40.186  7.349  56.231 0.8750000000
50737  -40.974  7.353  55.804 0.8750000000
52270  -39.592  9.579  55.984 0.7500000000
51504  -40.560  8.288  56.087 0.8750000000
52271  -40.182  8.921  56.184 0.7500000000
52274  -40.746  9.443  55.662 0.8750000000
51508  -41.415  8.362  55.678 0.8750000000
53039  -39.858  10.705  55.734 0.5000000000
52273  -40.159  10.057  55.582 0.6250000000
56550  -40.689  14.859  55.677 0.1250000000
53041  -40.522  10.587  55.329 0.6250000000
53787  -40.896  11.254  55.110 0.7500000000
53785  -41.042  11.909  55.261 0.3750000000
54479  -41.314  12.288  55.032 0.2500000000
55180  -41.464  13.352  55.056 0.2500000000
53042  -41.335  10.368  54.744 1.0000000000
53788  -41.352  11.573  54.645 0.7500000000
54480  -41.585  12.467  54.404 0.3750000000
55184  -41.508  12.949  54.652 0.2500000000
52275  -41.898  9.279  55.314 0.8750000000
53047  -41.541  10.958  54.326 0.8750000000
53789  -41.744  11.841  54.158 0.7500000000
53043  -42.458  9.818  54.647 0.8750000000
53048  -42.056  10.636  53.933 0.8750000000
53792  -42.094  11.504  53.724 0.8750000000
53049  -43.091  10.285  54.163 0.8750000000
52280  -44.533  9.360  53.483 0.8750000000
56553  -40.456  15.701  55.505 0.1250000000
57229  -40.231  16.308  55.355 0.1250000000
55866  -41.128  14.313  55.428 0.1250000000
55867  -41.449  13.935  54.699 0.2500000000
55181  -41.466  13.519  54.502 0.2500000000
54484  -41.989  12.232  53.752 0.5000000000
54481  -41.839  12.737  53.740 0.5000000000
54489  -42.496  11.971  53.243 0.8750000000
54485  -42.435  12.715  53.305 0.6250000000
53054  -42.359  11.072  53.617 0.8750000000
53055  -42.784  10.830  53.494 0.8750000000
53795  -43.191  11.491  52.918 0.8750000000
53056  -43.654  10.638  53.539 1.0000000000
53050  -44.069  10.165  54.433 0.8750000000
57228  -39.487  16.744  55.510 0.1250000000
55872  -41.297  14.679  54.690 0.1250000000
56554  -40.848  15.405  55.284 0.1250000000
55185  -41.565  13.192  53.939 0.2500000000
55868  -41.458  13.674  54.158 0.2500000000
55189  -42.043  13.030  53.501 0.5000000000
55186  -42.029  13.466  53.384 0.3750000000
55190  -42.516  13.334  53.134 0.5000000000
54486  -43.035  13.003  52.851 0.6250000000
54490  -43.052  12.399  52.774 0.8750000000
53801  -43.406  12.076  52.644 0.8750000000
54491  -43.550  12.890  52.562 0.8750000000
53802  -43.848  11.930  52.575 0.8750000000
53803  -44.656  11.826  52.532 1.0000000000
53057  -44.613  10.356  53.601 0.8750000000
53796  -44.180  11.185  52.971 0.8750000000
53797  -45.091  11.150  53.125 1.0000000000
52284  -45.051  9.844  53.438 0.8750000000
55879  -41.377  14.825  53.938 0.1250000000
53804  -45.678  11.539  52.393 1.0000000000
56557  -41.264  15.530  54.469 0.1250000000
55874  -41.774  13.755  53.500 0.2500000000
55873  -41.415  14.149  54.069 0.2500000000
55875  -42.375  13.713  53.082 0.3750000000
55193  -43.522  13.484  52.425 0.5000000000
54493  -43.601  12.420  52.575 0.8750000000
54494  -44.135  12.648  52.386 0.8750000000
55197  -43.904  13.164  52.368 0.8750000000
54496  -45.578  12.242  51.684 1.0000000000
55880  -41.668  14.337  53.368 0.2500000000
55881  -42.414  14.163  52.790 0.3750000000
55886  -41.926  14.674  52.816 0.2500000000
55882  -43.015  13.946  52.490 0.5000000000
56558  -42.943  14.470  52.248 0.3750000000
55892  -42.047  14.878  52.659 0.2500000000
55888  -43.670  14.075  51.934 0.5000000000
55194  -43.943  13.783  51.967 0.6250000000
56566  -43.931  14.498  51.653 0.3750000000
55198  -44.330  13.481  51.996 0.7500000000
55889  -44.202  14.163  51.692 0.6250000000
54495  -45.010  12.631  52.048 0.8750000000
55894  -44.808  14.317  51.659 0.7500000000
56575  -45.251  15.133  51.797 0.7500000000
54499  -45.452  12.933  51.529 0.8750000000
55200  -45.103  13.575  51.617 0.7500000000
55896  -45.486  14.398  51.460 0.7500000000
55201  -45.655  13.588  51.167 0.7500000000
53807  -46.074  11.715  51.575 0.8750000000
54500  -45.906  12.566  51.058 1.0000000000
55204  -46.215  13.507  50.594 0.8750000000
56559  -43.108  14.189  52.297 0.3750000000
56565  -43.378  14.840  51.845 0.3750000000
56572  -44.366  15.034  51.655 0.6250000000
57243  -44.864  15.779  51.680 0.5000000000
56576  -45.989  15.175  51.444 0.6250000000
55897  -46.043  14.422  50.958 0.7500000000
57248  -46.169  15.796  51.013 0.5000000000
56579  -46.508  15.211  50.827 0.6250000000
55205  -46.886  13.451  49.987 0.8750000000
55899  -46.510  14.433  50.289 0.8750000000
57252  -45.931  16.422  50.695 0.3750000000
56580  -47.015  15.275  50.197 0.7500000000
57253  -46.700  16.108  50.547 0.5000000000
55900  -46.979  14.423  49.642 0.7500000000
55903  -47.209  14.478  48.966 0.7500000000
55211  -47.499  13.768  48.453 0.8750000000
57264  -47.062  16.133  45.870 0.8750000000
57924  -47.221  16.897  45.136 0.7500000000
57925  -47.775  17.745  45.138 0.6250000000
58597  -47.819  18.484  45.118 0.6250000000
57908  -46.917  16.575  50.096 0.5000000000
57907  -46.323  16.940  50.113 0.2500000000
57254  -47.272  16.138  49.913 0.5000000000
56582  -47.170  15.345  49.427 0.7500000000
56585  -46.965  15.378  48.623 0.7500000000
55906  -46.880  14.426  48.218 0.7500000000
56588  -46.770  15.323  47.660 0.7500000000
57261  -46.984  16.300  47.019 0.7500000000
57920  -47.432  17.355  46.288 0.6250000000
56591  -46.736  15.213  46.562 0.8750000000
57921  -47.700  17.937  45.861 0.5000000000
57911  -46.787  16.769  49.535 0.3750000000
57910  -46.203  17.429  49.333 0.2500000000
57256  -47.084  16.239  49.058 0.6250000000
57913  -46.217  17.843  48.894 0.1250000000
57914  -46.600  17.246  48.592 0.2500000000
57258  -46.936  16.316  48.110 0.3750000000
57917  -47.017  17.266  47.537 0.6250000000
58589  -46.895  18.240  47.092 0.5000000000
58592  -47.341  18.329  46.162 0.5000000000
59255  -46.820  18.912  45.820 0.2500000000
58596  -47.406  18.629  45.572 0.5000000000
58585  -46.252  18.381  48.500 0.1250000000
58586  -46.823  18.009  47.969 0.1250000000
58588  -46.517  18.669  47.825 0.1250000000
59246  -46.103  19.331  48.227 0.1250000000
59916  -46.147  20.231  47.882 0.1250000000
59249  -46.068  19.227  47.200 0.2500000000
59248  -45.638  19.698  46.960 0.1250000000
59250  -46.647  18.730  46.495 0.2500000000
59254  -46.082  19.166  46.202 0.2500000000
59924  -45.860  20.545  46.038 0.1250000000
60626  -47.237  21.723  46.470 0.1250000000
59260  -46.266  19.625  45.552 0.2500000000
60628  -46.676  21.142  45.949 0.1250000000
61344  -47.954  22.230  45.472 0.1250000000
35112  -14.091  -15.858  66.796 0.3750000000
35709  -15.837  -15.082  67.386 0.6250000000
36902  -15.542  -13.649  68.624 0.5000000000
35719  -16.130  -15.442  65.998 0.3750000000
35713  -15.830  -15.321  66.711 0.6250000000
36904  -15.686  -12.998  68.626 0.5000000000
36906  -16.781  -13.333  67.708 0.5000000000
88628  -18.962  -8.858  67.722 0.6250000000
38711  -20.285  -10.252  67.355 0.7500000000
39363  -17.899  -8.550  67.470 0.1250000000
39375  -20.675  -9.202  67.546 0.7500000000
39989  -20.197  -8.335  68.183 0.6250000000
49215  -29.959  5.281  63.348 0.6250000000
49961  -30.754  6.122  63.219 0.6250000000
48468  -30.840  4.705  63.074 0.7500000000
47018  -34.051  2.893  60.888 1.0000000000
46307  -34.157  1.782  59.890 1.0000000000
46315  -33.637  1.314  58.997 1.0000000000
45633  -32.526  1.010  57.617 1.0000000000
46322  -33.155  1.245  57.700 1.0000000000
46324  -34.384  0.823  58.590 1.0000000000
44292  -32.320  -0.583  58.511 1.0000000000
45642  -32.653  1.111  56.662 1.0000000000
45643  -33.379  0.420  57.068 1.0000000000
46323  -33.965  0.997  58.266 1.0000000000
45634  -33.928  0.495  58.121 1.0000000000
44930  -34.873  0.303  58.655 1.0000000000
45635  -34.307  0.459  58.393 1.0000000000
44929  -34.638  0.166  58.546 1.0000000000
44286  -33.139  -1.655  58.820 0.8750000000
44935  -33.320  -0.190  57.834 1.0000000000
41872  -31.042  -5.606  60.070 0.6250000000
44287  -34.007  -1.870  58.686 0.8750000000
41873  -31.959  -5.564  60.062 0.5000000000
88632  -18.214  -7.959  67.418 0.2500000000
41209  -19.665  -7.696  67.898 0.6250000000
40612  -21.738  -7.951  64.688 0.7500000000
46298  -28.954  0.894  61.581 0.8750000000
40006  -21.778  -8.840  64.100 0.7500000000
40625  -21.472  -8.246  63.123 0.6250000000
40011  -21.308  -8.783  63.398 0.6250000000
40029  -21.675  -9.097  61.868 0.5000000000
46317  -35.605  1.523  59.031 1.0000000000
40639  -30.053  -7.546  60.849 0.1250000000
45630  -35.061  0.674  58.686 1.0000000000
45638  -36.923  0.101  57.690 0.7500000000
43116  -32.768  -3.490  59.516 0.7500000000
44298  -37.307  -1.397  57.927 0.7500000000
40601  -21.344  -7.566  66.880 0.8750000000
49977  -34.328  6.404  61.087 0.3750000000
46333  -36.779  1.182  57.648 0.8750000000
44947  -37.745  -0.214  57.396 0.5000000000
44907  -24.731  -0.755  62.266 0.8750000000
46288  -25.791  1.134  61.924 0.7500000000
88322  -23.649  -3.598  60.904 1.0000000000
44270  -26.022  -1.066  62.158 0.8750000000
41271  -22.067  -4.878  60.170 1.0000000000
41869  -23.657  -4.828  60.227 1.0000000000
43112  -24.163  -4.114  60.641 1.0000000000
44271  -26.507  -0.843  61.970 0.8750000000
42488  -24.255  -4.691  60.442 1.0000000000
44913  -30.278  0.340  61.466 1.0000000000
46328  -37.688  2.463  57.859 1.0000000000
41241  -21.816  -5.903  62.938 1.0000000000
41258  -21.714  -5.378  61.119 1.0000000000
47036  -37.592  2.806  58.377 1.0000000000
50721  -36.457  7.306  59.509 0.6250000000
48493  -37.863  4.554  58.594 1.0000000000
50001  -39.971  5.981  56.441 1.0000000000
50002  -40.589  6.344  56.167 0.8750000000
53784  -40.443  11.686  55.752 0.6250000000
54477  -41.457  12.743  55.020 0.2500000000
53791  -41.699  11.314  54.123 0.8750000000
53794  -42.563  11.379  53.369 0.8750000000
53051  -44.561  9.833  54.118 0.8750000000
52281  -44.686  8.972  52.725 0.8750000000
56549  -40.187  15.385  55.803 0.1250000000
57247  -45.512  15.957  51.336 0.5000000000
58593  -47.673  18.224  45.597 0.6250000000
59915  -45.677  19.979  47.291 0.1250000000
59253  -45.659  19.614  46.538 0.2500000000
59920  -46.023  20.567  47.080 0.1250000000
59923  -45.439  20.001  46.236 0.2500000000
60625  -46.634  21.119  46.771 0.1250000000
38717  -21.571  -10.877  66.513 0.6250000000
38718  -22.121  -10.434  66.355 0.6250000000
39377  -22.017  -9.429  66.487 0.6250000000
39380  -22.546  -9.732  65.642 0.5000000000
39388  -21.934  -9.933  64.280 0.2500000000
38735  -21.228  -10.471  62.837 0.3750000000
38713  -21.785  -9.871  66.785 0.6250000000
39376  -21.521  -9.320  67.070 0.7500000000
39384  -22.451  -9.560  64.755 0.6250000000
39387  -21.305  -9.571  63.643 0.3750000000
39394  -20.830  -9.528  62.737 0.3750000000
39411  -21.896  -9.950  61.543 0.3750000000
40032  -24.147  -9.348  61.839 0.3750000000
39997  -21.760  -8.641  66.811 0.7500000000
40005  -21.462  -9.039  63.727 0.5000000000
40030  -22.436  -9.107  61.749 0.6250000000
40031  -23.370  -9.194  61.861 0.5000000000
42503  -32.348  -4.565  60.031 0.5000000000
43725  -35.991  -2.530  58.725 0.7500000000
43727  -37.543  -1.849  57.695 0.1250000000
43731  -37.930  -2.325  57.391 0.1250000000
41874  -32.789  -5.552  59.657 0.5000000000
42504  -33.221  -4.615  59.557 0.6250000000
43122  -33.715  -3.364  59.083 0.7500000000
43719  -34.354  -2.649  58.898 0.7500000000
43720  -35.213  -2.641  58.900 0.7500000000
44301  -37.844  -1.242  57.521 0.3750000000
43721  -35.519  -2.205  58.840 0.7500000000
44953  -38.135  -0.746  57.135 0.2500000000
44954  -38.534  -0.209  56.566 0.2500000000
43683  -18.228  -2.628  64.286 0.3750000000
43090  -18.761  -3.402  64.397 0.3750000000
41845  -21.020  -5.456  64.796 0.7500000000
43117  -33.451  -3.978  59.336 0.6250000000
43718  -33.528  -2.485  59.001 0.7500000000
44288  -34.831  -2.008  58.779 0.7500000000
45645  -37.072  0.579  57.538 0.7500000000
45646  -37.742  0.831  57.174 0.6250000000
44948  -38.166  0.325  56.998 0.3750000000
45654  -38.637  0.552  56.488 0.2500000000
44955  -39.178  -0.083  55.861 0.2500000000
42477  -18.312  -4.225  64.644 0.3750000000
42478  -19.250  -4.139  64.793 0.3750000000
42479  -20.206  -4.533  64.984 0.5000000000
42472  -19.976  -5.089  65.503 0.5000000000
41844  -20.426  -5.316  65.357 0.5000000000
43091  -19.791  -3.468  64.595 0.5000000000
41232  -20.639  -6.164  65.814 0.5000000000
41842  -20.697  -5.860  65.478 0.5000000000
42480  -20.969  -4.495  64.189 0.7500000000
41849  -21.358  -5.287  63.661 0.7500000000
49982  -34.870  6.788  60.740 0.2500000000
43121  -33.175  -2.950  59.167 0.7500000000
46335  -37.881  1.990  57.278 0.7500000000
45647  -38.441  0.965  56.756 0.5000000000
45655  -38.955  0.908  56.258 0.3750000000
43092  -20.757  -3.518  64.617 0.6250000000
47762  -38.431  3.497  57.999 0.8750000000
47767  -38.846  3.417  57.411 0.8750000000
47042  -38.505  2.685  57.467 0.8750000000
45648  -38.855  1.402  56.682 0.5000000000
46337  -39.182  1.807  56.687 0.5000000000
43093  -21.298  -3.599  63.900 0.7500000000
42483  -21.378  -4.447  63.332 0.7500000000
42485  -21.589  -4.427  62.546 0.8750000000
41853  -21.498  -5.065  62.658 0.8750000000
88319  -21.529  -4.787  62.349 0.8750000000
88315  -21.598  -4.776  61.935 0.8750000000
50713  -35.205  7.304  60.386 0.2500000000
51480  -35.015  8.514  59.407 0.2500000000
51473  -35.521  7.692  60.052 0.2500000000
48499  -39.064  4.206  57.242 0.7500000000
48500  -39.633  4.253  56.763 0.6250000000
47769  -39.847  3.330  56.440 0.6250000000
46297  -25.135  1.413  61.554 0.5000000000
88321  -21.715  -3.961  62.533 0.7500000000
88359  -25.026  2.136  61.897 0.5000000000
49250  -40.402  5.339  56.416 0.7500000000
49247  -39.676  5.286  56.685 0.6250000000
49246  -39.216  4.893  57.043 0.8750000000
48507  -40.795  4.334  56.247 0.6250000000
48506  -40.135  4.647  56.521 0.6250000000
49251  -41.188  5.360  56.182 0.5000000000
48508  -41.479  4.465  55.763 0.5000000000
48509  -41.943  4.505  55.293 0.2500000000
41270  -22.132  -3.969  61.176 0.8750000000
45601  -24.791  0.123  61.892 0.6250000000
49252  -41.931  5.280  55.858 0.6250000000
50004  -42.243  5.928  55.604 0.6250000000
88313  -22.120  -3.424  62.161 0.8750000000
44267  -23.840  -2.164  62.127 0.7500000000
44906  -24.092  -1.160  62.379 0.7500000000
50003  -41.571  6.335  55.802 0.6250000000
49253  -42.408  5.240  55.348 0.3750000000
50008  -42.959  6.103  55.279 0.3750000000
49256  -42.822  5.108  55.011 0.3750000000
49257  -43.166  5.299  54.576 0.3750000000
49261  -44.361  5.705  53.612 0.5000000000
50015  -45.292  6.466  53.292 0.5000000000
50741  -41.838  7.401  55.495 0.6250000000
50007  -42.242  6.633  55.477 0.6250000000
50009  -43.654  6.198  54.627 0.5000000000
50013  -44.259  6.302  54.194 0.5000000000
50014  -44.802  6.485  53.761 0.5000000000
50752  -45.661  7.276  53.170 0.5000000000
52264  -38.064  9.674  57.253 0.3750000000
51501  -38.452  9.294  56.627 0.2500000000
50742  -42.681  7.351  55.320 0.6250000000
50743  -43.449  7.295  54.844 0.6250000000
50747  -43.960  6.979  54.415 0.6250000000
50749  -45.044  7.321  53.490 0.5000000000
51520  -45.814  8.291  52.945 0.5000000000
53064  -46.586  11.137  51.991 0.6250000000
53068  -46.440  11.342  51.438 0.7500000000
53809  -46.348  11.662  50.934 0.8750000000
54503  -46.666  12.523  50.492 0.7500000000
50753  -46.201  7.307  52.623 0.3750000000
51523  -46.440  8.247  52.309 0.5000000000
52289  -46.954  9.104  52.231 0.5000000000
53065  -47.287  10.157  52.033 0.6250000000
53069  -46.779  10.910  51.223 0.6250000000
53810  -47.118  11.509  50.526 0.6250000000
53066  -47.624  9.736  51.381 0.3750000000
53070  -47.657  10.340  50.808 0.6250000000
51509  -42.329  8.319  55.396 0.6250000000
51510  -43.167  8.274  55.156 0.6250000000
50744  -43.938  7.696  54.347 0.6250000000
50748  -44.450  7.367  53.971 0.6250000000
51519  -45.251  7.966  53.176 0.6250000000
51516  -45.129  8.576  52.950 0.6250000000
52288  -46.329  9.174  52.712 0.5000000000
53062  -46.774  9.705  52.503 0.6250000000
53811  -47.982  11.361  50.115 0.6250000000
54504  -47.587  12.469  50.020 0.7500000000
53072  -48.384  10.375  49.868 0.5000000000
52296  -48.537  9.388  49.373 0.3750000000
52298  -48.499  9.402  48.398 0.2500000000
52300  -48.363  9.372  47.359 0.1250000000
52276  -42.877  9.173  55.281 0.8750000000
51511  -43.758  8.373  54.632 0.6250000000
52277  -43.682  9.106  55.069 0.8750000000
53044  -43.399  9.822  54.923 0.8750000000
57246  -44.761  16.479  51.280 0.2500000000
53045  -43.973  9.653  54.888 0.7500000000
52279  -44.221  9.284  54.454 0.7500000000
51514  -44.260  8.410  54.027 0.7500000000
51515  -44.658  8.266  53.294 0.7500000000
53798  -45.710  10.897  52.992 0.7500000000
52285  -45.407  9.367  53.047 0.7500000000
53061  -46.258  10.324  52.742 0.7500000000
54505  -48.109  12.032  49.580 0.7500000000
53813  -48.407  11.322  49.332 0.5000000000
54508  -48.461  12.314  48.999 0.6250000000
53074  -48.801  10.394  48.920 0.3750000000
53815  -48.606  11.393  48.444 0.5000000000
53076  -48.520  10.406  47.886 0.2500000000
56571  -43.908  15.463  51.592 0.3750000000
57251  -45.255  16.612  50.850 0.2500000000
55208  -47.631  13.441  49.310 0.7500000000
54510  -48.514  12.408  48.043 0.6250000000
53817  -48.520  11.435  47.462 0.5000000000
53826  -51.232  11.632  45.445 0.2500000000
55227  -50.679  13.288  44.325 0.1250000000
55929  -51.455  13.928  43.356 0.1250000000
56606  -51.938  14.938  43.246 0.2500000000
55935  -52.425  14.526  42.332 0.1250000000
56609  -52.074  15.353  42.500 0.2500000000
56610  -52.489  14.839  42.037 0.2500000000
55212  -48.186  13.139  48.620 0.7500000000
54512  -48.467  12.422  47.126 0.5000000000
54515  -48.874  12.444  46.434 0.5000000000
53820  -48.745  11.544  46.642 0.3750000000
54516  -49.636  12.527  46.179 0.3750000000
53822  -50.082  11.783  45.965 0.2500000000
54518  -50.776  12.427  45.573 0.2500000000
55928  -51.100  14.280  44.029 0.2500000000
55931  -51.638  14.572  43.503 0.2500000000
56614  -52.649  15.258  41.449 0.2500000000
55215  -47.968  13.454  47.600 0.6250000000
55218  -48.342  13.217  46.670 0.5000000000
55219  -49.010  13.275  46.171 0.3750000000
55220  -49.990  13.414  45.941 0.3750000000
55922  -50.649  14.004  44.643 0.3750000000
55921  -50.199  14.411  44.999 0.3750000000
56605  -51.256  15.462  43.616 0.3750000000
56608  -51.555  15.869  42.941 0.3750000000
57280  -51.400  16.251  42.371 0.3750000000
57284  -51.518  16.630  41.593 0.5000000000
57947  -52.038  17.502  40.445 0.3750000000
57281  -51.843  16.013  41.852 0.3750000000
57285  -52.199  16.355  41.198 0.3750000000
57288  -52.621  16.692  40.572 0.3750000000
57951  -53.034  17.571  39.627 0.3750000000
57954  -53.598  17.305  38.435 0.2500000000
57963  -53.669  17.627  37.321 0.1250000000
55214  -47.203  13.827  47.902 0.7500000000
55908  -46.888  14.149  47.253 0.7500000000
55913  -48.045  13.857  45.909 0.6250000000
60653  -49.895  21.285  39.627 0.5000000000
61362  -49.467  21.988  38.823 0.1250000000
88731  -48.939  22.773  38.580 0.1250000000
61366  -50.130  22.552  38.143 0.1250000000
55914  -49.087  14.010  45.624 0.3750000000
55224  -50.171  13.857  45.460 0.3750000000
59284  -51.102  20.158  39.845 0.6250000000
59941  -51.111  20.806  39.654 0.2500000000
60654  -50.797  21.818  39.128 0.2500000000
55927  -50.664  14.641  44.525 0.3750000000
56602  -50.960  15.026  44.327 0.3750000000
56604  -50.461  15.881  43.767 0.5000000000
59281  -51.485  19.120  40.037 0.7500000000
59285  -51.588  19.687  39.497 0.7500000000
60657  -51.773  22.167  38.379 0.3750000000
57943  -51.056  17.485  41.215 0.5000000000
58617  -51.833  18.550  39.831 0.6250000000
59288  -52.082  19.785  38.518 0.7500000000
59944  -51.900  20.950  39.049 0.3750000000
57948  -52.784  17.092  40.256 0.3750000000
57950  -52.293  18.022  39.717 0.5000000000
58620  -53.038  18.202  38.652 0.6250000000
58623  -53.137  18.219  37.758 0.3750000000
58622  -52.504  18.866  38.108 0.6250000000
59266  -47.438  19.412  44.735 0.3750000000
59267  -47.604  19.291  44.530 0.3750000000
59928  -47.266  20.149  44.439 0.2500000000
59262  -47.755  18.953  44.794 0.3750000000
59263  -47.987  18.877  44.480 0.5000000000
59268  -47.747  19.277  44.152 0.3750000000
60640  -47.437  20.560  43.007 0.2500000000
55909  -47.533  13.624  46.674 0.6250000000
57926  -48.223  18.064  44.798 0.6250000000
58598  -48.280  18.447  44.653 0.5000000000
88700  -47.378  19.758  43.372 0.2500000000
88710  -47.533  21.389  42.169 0.2500000000
57930  -47.554  17.097  44.244 0.7500000000
58600  -48.453  18.643  44.163 0.5000000000
58603  -47.882  19.165  43.351 0.3750000000
88702  -47.042  19.785  42.456 0.2500000000
88708  -46.878  20.543  41.880 0.3750000000
60649  -47.307  21.144  41.439 0.2500000000
88712  -48.077  22.162  40.827 0.1250000000
63317  -49.743  25.477  38.937 0.1250000000
57931  -48.598  17.457  44.084 0.7500000000
57935  -49.149  18.138  43.625 0.7500000000
88704  -47.679  19.255  42.923 0.7500000000
88703  -46.514  19.883  41.703 0.3750000000
88706  -45.970  19.783  40.795 0.6250000000
60651  -47.329  21.083  40.226 0.2500000000
88711  -47.771  21.708  40.458 0.1250000000
88722  -48.931  22.528  40.296 0.1250000000
62700  -50.047  24.799  39.254 0.1250000000
62701  -50.099  24.792  38.539 0.1250000000
57938  -48.967  18.399  42.742 0.7500000000
57941  -48.759  18.350  42.122 0.7500000000
59273  -46.815  19.291  40.843 0.6250000000
59277  -47.570  20.030  40.368 0.5000000000
88713  -47.881  21.515  39.972 0.2500000000
88721  -48.278  22.061  39.948 0.1250000000
88725  -48.728  22.504  39.337 0.1250000000
88726  -49.092  23.094  39.249 0.1250000000
88732  -49.208  23.350  38.834 0.1250000000
88729  -49.517  23.658  38.818 0.1250000000
62038  -49.752  23.962  38.446 0.1250000000
62041  -50.215  23.950  37.636 0.1250000000
62704  -50.508  24.589  37.760 0.1250000000
63318  -50.217  25.229  38.268 0.1250000000
55920  -49.353  14.639  44.972 0.3750000000
58609  -48.641  18.430  41.408 0.7500000000
88720  -48.799  20.129  40.212 0.6250000000
88715  -48.447  21.076  39.775 0.5000000000
88719  -48.815  21.712  39.268 0.2500000000
61365  -49.236  23.165  38.125 0.1250000000
62039  -49.684  23.210  37.772 0.1250000000
55915  -49.787  14.120  45.466 0.3750000000
56596  -49.834  14.867  44.717 0.5000000000
56601  -50.140  15.351  44.260 0.5000000000
57939  -49.719  17.334  42.945 0.7500000000
57942  -49.779  17.607  41.963 0.7500000000
58614  -49.200  18.862  40.701 0.7500000000
59279  -49.615  19.564  40.417 0.6250000000
59940  -50.606  20.496  39.962 0.3750000000
62042  -50.303  23.310  37.539 0.1250000000
57276  -50.393  16.416  43.329 0.5000000000
58610  -49.974  18.143  41.037 0.7500000000
58615  -50.321  18.792  40.576 0.7500000000
59280  -50.807  19.628  40.206 0.6250000000
61369  -51.134  22.580  37.403 0.3750000000
57277  -51.112  16.209  43.031 0.5000000000
57279  -50.554  16.738  42.593 0.5000000000
57283  -50.846  16.871  41.908 0.6250000000
58611  -50.832  18.154  40.777 0.7500000000
58616  -51.288  18.519  40.383 0.6250000000
59959  -52.134  20.693  36.880 0.5000000000
59952  -52.144  20.879  37.944 0.3750000000
58631  -52.520  18.852  37.144 0.6250000000
59296  -52.248  19.783  37.519 0.6250000000
58632  -53.132  18.252  36.789 0.3750000000
57970  -53.619  17.946  35.759 0.2500000000
59261  -47.218  19.338  45.183 0.3750000000
55912  -46.914  14.174  46.104 0.7500000000
56593  -46.643  15.082  45.428 0.7500000000
57929  -47.030  16.694  44.469 0.7500000000
55918  -47.299  14.308  45.245 0.7500000000
56594  -47.306  14.979  44.610 0.7500000000
57271  -47.123  16.376  43.874 0.7500000000
55919  -48.277  14.500  44.979 0.7500000000
57268  -47.398  15.617  44.021 0.7500000000
57272  -48.148  16.161  43.719 0.7500000000
56599  -48.146  15.159  44.218 0.7500000000
56600  -49.046  15.292  44.075 0.7500000000
57273  -49.204  16.151  43.622 0.7500000000
62713  -50.956  25.021  37.387 0.1250000000
57932  -49.264  16.709  43.483 0.7500000000
57936  -49.452  17.007  43.405 0.7500000000
62705  -50.708  23.900  37.312 0.1250000000
62714  -51.187  24.491  36.603 0.1250000000
62050  -50.922  23.302  36.796 0.1250000000
60663  -51.962  21.775  37.185 0.3750000000
58636  -53.197  18.282  35.920 0.5000000000
58635  -52.567  18.814  36.167 0.5000000000
58639  -53.469  18.261  35.146 0.2500000000
57267  -46.797  15.980  44.708 0.7500000000
58640  -53.894  17.882  34.630 0.2500000000
58638  -52.809  18.822  35.264 0.5000000000
39393  -20.788  -9.796  62.245 0.3750000000
44946  -37.212  -0.030  57.627 0.6250000000
51482  -37.046  8.335  58.966 0.5000000000
52268  -38.314  9.442  56.809 0.3750000000
53058  -45.411  10.336  53.224 0.7500000000
43726  -37.058  -2.437  57.953 0.6250000000
39412  -22.855  -9.892  61.490 0.3750000000
39413  -23.767  -9.802  61.412 0.2500000000
44289  -35.283  -2.102  58.834 0.7500000000
44959  -38.771  -0.765  56.249 0.1250000000
42471  -19.057  -4.938  65.570 0.5000000000
46336  -38.694  1.897  57.008 0.6250000000
46342  -39.594  1.676  56.123 0.3750000000
48501  -40.181  3.979  56.412 0.6250000000
47768  -39.319  3.389  56.913 0.6250000000
45613  -24.825  0.775  61.497 0.5000000000
48515  -42.704  4.741  54.506 0.2500000000
48520  -42.634  4.650  53.737 0.2500000000
49260  -43.596  5.390  53.854 0.5000000000
50018  -45.794  6.291  52.672 0.3750000000
51524  -47.037  8.232  51.777 0.3750000000
52291  -47.399  9.129  51.632 0.3750000000
52292  -47.735  9.221  50.978 0.5000000000
54507  -48.075  12.668  49.456 0.6250000000
55209  -48.157  12.917  49.124 0.7500000000
53079  -48.483  10.389  46.700 0.2500000000
54521  -51.118  12.445  44.861 0.1250000000
55228  -50.994  13.243  43.520 0.1250000000
55932  -51.954  14.217  42.795 0.1250000000
56613  -52.170  15.713  41.733 0.2500000000
53821  -49.384  11.712  46.192 0.2500000000
53080  -49.190  10.874  46.230 0.3750000000
54517  -50.315  12.467  45.938 0.3750000000
55221  -50.426  12.918  45.701 0.3750000000
55225  -50.480  13.339  45.196 0.2500000000
57944  -51.740  16.995  41.123 0.3750000000
57968  -54.079  17.072  36.738 0.1250000000
59938  -49.736  20.417  40.132 0.6250000000
57946  -51.326  17.888  40.676 0.5000000000
58619  -52.286  18.611  39.090 0.7500000000
59929  -47.661  20.736  44.104 0.2500000000
88701  -47.452  19.758  43.713 0.2500000000
88705  -47.491  19.452  42.987 0.5000000000
59937  -46.568  20.344  40.864 0.3750000000
61356  -47.747  21.908  41.148 0.1250000000
88714  -48.638  22.458  40.801 0.1250000000
58606  -47.671  19.165  42.341 0.7500000000
58605  -46.950  19.142  41.563 0.6250000000
59276  -46.560  19.846  40.488 0.6250000000
58613  -48.007  19.068  40.738 0.7500000000
55925  -48.807  14.861  44.514 0.7500000000
59278  -48.628  19.517  40.455 0.7500000000
63322  -50.563  25.560  37.781 0.1250000000
57274  -49.867  16.263  43.683 0.6250000000
63328  -51.169  25.550  37.206 0.1250000000
30675  -4.331  -24.281  65.014 0.1250000000
31174  -4.927  -23.386  65.446 0.2500000000
31705  -5.707  -22.550  65.061 0.2500000000
31173  -3.956  -23.180  65.147 0.2500000000
31175  -5.861  -23.540  65.394 0.2500000000
30149  -3.788  -25.071  64.313 0.1250000000
32809  -8.188  -21.207  65.706 0.2500000000
30154  -2.919  -25.258  63.428 0.1250000000
32245  -5.653  -21.466  64.950 0.2500000000
31704  -4.813  -22.316  65.321 0.3750000000
32246  -6.678  -21.766  64.759 0.2500000000
30685  -3.552  -24.071  64.406 0.3750000000
32808  -7.471  -20.905  65.301 0.2500000000
32247  -7.521  -21.837  65.147 0.2500000000
30691  -3.070  -24.136  63.848 0.3750000000
32807  -6.673  -20.426  65.188 0.3750000000
32244  -4.847  -21.295  65.242 0.3750000000
33389  -7.517  -20.105  65.582 0.3750000000
31703  -3.969  -22.006  65.415 0.3750000000
31184  -3.309  -23.381  64.672 0.3750000000
31713  -3.246  -22.617  64.965 0.3750000000
32793  -8.220  -20.221  65.774 0.2500000000
33374  -9.104  -19.405  65.856 0.2500000000
31183  -2.849  -23.216  64.268 0.3750000000
33375  -9.964  -19.593  66.116 0.2500000000
34527  -11.610  -18.029  66.026 0.2500000000
34533  -12.623  -17.906  65.249 0.2500000000
34528  -12.358  -17.913  65.834 0.2500000000
34534  -13.187  -17.474  64.917 0.2500000000
35122  -13.445  -16.525  65.347 0.2500000000
35124  -14.885  -15.944  64.814 0.2500000000
35125  -15.781  -16.091  64.753 0.1250000000
36335  -20.955  -13.901  64.241 0.1250000000
32806  -5.687  -20.498  64.998 0.3750000000
32792  -6.831  -19.732  65.671 0.3750000000
33388  -7.243  -19.719  65.717 0.3750000000
33373  -8.131  -19.245  65.800 0.3750000000
33930  -9.297  -18.249  65.722 0.3750000000
31702  -3.359  -21.590  65.003 0.3750000000
32243  -4.195  -21.055  65.102 0.2500000000
34519  -12.998  -17.155  66.301 0.2500000000
35717  -13.675  -15.969  65.827 0.2500000000
35119  -14.747  -15.473  65.579 0.2500000000
35120  -15.563  -15.649  65.391 0.2500000000
35727  -16.394  -15.616  65.262 0.2500000000
35728  -17.226  -15.152  65.008 0.2500000000
36332  -18.463  -14.119  64.777 0.1250000000
36333  -19.375  -13.886  64.441 0.1250000000
36334  -20.205  -13.890  64.314 0.1250000000
32791  -6.368  -19.712  65.476 0.2500000000
33372  -7.247  -18.999  65.982 0.3750000000
32805  -5.044  -20.436  64.996 0.2500000000
33928  -7.820  -17.454  65.883 0.2500000000
33923  -9.504  -17.348  65.802 0.3750000000
33386  -5.398  -19.529  65.074 0.2500000000
34525  -10.193  -17.697  65.899 0.5000000000
34526  -10.881  -17.911  65.975 0.3750000000
34518  -12.457  -17.419  66.767 0.3750000000
35111  -13.369  -16.569  67.055 0.5000000000
35720  -16.909  -15.156  65.910 0.3750000000
36325  -18.042  -14.036  65.541 0.2500000000
36924  -19.208  -13.558  65.171 0.1250000000
36925  -19.942  -13.554  65.106 0.1250000000
36918  -20.325  -13.025  65.572 0.2500000000
36926  -20.805  -13.375  65.036 0.1250000000
37496  -21.418  -12.600  65.254 0.1250000000
37497  -22.319  -12.397  65.111 0.1250000000
36928  -22.622  -13.132  64.467 0.1250000000
36929  -23.262  -13.145  64.302 0.1250000000
37503  -24.416  -12.761  64.002 0.1250000000
38105  -23.042  -11.624  65.445 0.1250000000
37498  -23.289  -12.471  64.796 0.1250000000
38723  -24.125  -11.447  64.761 0.1250000000
38729  -24.368  -11.297  64.249 0.1250000000
33918  -9.543  -16.585  65.862 0.1250000000
34507  -9.775  -16.416  67.041 0.1250000000
34502  -9.795  -16.972  68.088 0.1250000000
33921  -8.971  -16.638  65.618 0.1250000000
33919  -9.728  -16.846  66.175 0.2500000000
34508  -9.997  -16.995  67.090 0.2500000000
34503  -10.553  -16.927  68.235 0.3750000000
88331  -21.880  2.221  64.302 0.1250000000
88350  -22.688  3.430  64.437 0.1250000000
33922  -9.014  -17.162  65.729 0.1250000000
34509  -10.694  -17.073  67.381 0.2500000000
34504  -11.198  -16.906  68.272 0.5000000000
33927  -6.407  -17.685  65.711 0.2500000000
34515  -10.166  -17.120  66.345 0.5000000000
34510  -11.561  -17.140  67.660 0.5000000000
33371  -6.271  -18.858  65.695 0.2500000000
34524  -9.810  -17.498  65.856 0.3750000000
34516  -10.912  -17.173  66.543 0.5000000000
34511  -12.213  -17.232  67.463 0.5000000000
36321  -17.117  -14.404  66.588 0.3750000000
36915  -17.768  -13.712  66.181 0.5000000000
36324  -17.485  -14.505  65.732 0.3750000000
36916  -18.648  -13.282  65.841 0.2500000000
36917  -19.662  -13.092  65.763 0.1250000000
37495  -20.804  -12.653  65.572 0.1250000000
37492  -21.813  -12.014  65.596 0.1250000000
38722  -23.567  -10.963  65.046 0.1250000000
38106  -23.852  -11.801  65.019 0.1250000000
38746  -21.696  -11.035  62.387 0.2500000000
42510  -33.996  -4.438  58.967 0.5000000000
35094  -9.723  -16.437  68.770 0.1250000000
49213  -24.573  4.520  63.036 0.2500000000
35096  -11.450  -16.383  69.261 0.2500000000
35097  -12.616  -16.294  69.248 0.2500000000
48462  -23.378  4.280  64.368 0.1250000000
49211  -24.024  4.818  63.643 0.1250000000
49963  -25.006  5.402  62.594 0.2500000000
35103  -11.880  -16.766  68.599 0.5000000000
44899  -21.037  0.771  64.611 0.1250000000
48463  -23.177  2.841  63.364 0.1250000000
49220  -25.229  4.943  62.651 0.2500000000
49221  -25.777  4.847  62.257 0.2500000000
49222  -26.880  5.096  62.057 0.2500000000
35098  -13.506  -16.161  68.829 0.3750000000
48465  -24.483  3.527  62.763 0.2500000000
49214  -25.130  4.334  62.717 0.2500000000
48466  -25.436  3.846  62.561 0.2500000000
44261  -22.182  -0.347  63.715 0.1250000000
88344  -22.876  2.066  62.568 0.1250000000
48472  -26.316  4.087  62.301 0.2500000000
88339  -22.840  0.816  62.868 0.2500000000
47727  -23.562  2.722  62.118 0.2500000000
47730  -24.893  2.996  62.423 0.2500000000
47737  -26.625  3.478  62.477 0.3750000000
36317  -16.868  -14.078  67.351 0.3750000000
88336  -22.823  -0.286  63.186 0.3750000000
88343  -22.906  1.433  62.236 0.2500000000
47001  -25.369  2.674  62.357 0.3750000000
47731  -25.868  3.241  62.519 0.3750000000
36909  -17.379  -13.252  66.958 0.5000000000
36910  -18.106  -12.958  66.510 0.5000000000
37483  -19.930  -12.106  66.949 0.5000000000
37490  -20.380  -12.367  66.248 0.2500000000
37491  -21.231  -12.092  65.921 0.2500000000
38102  -22.521  -11.199  65.983 0.2500000000
39381  -23.014  -10.403  65.354 0.1250000000
38727  -22.470  -10.638  63.946 0.1250000000
38736  -22.121  -11.137  63.045 0.1250000000
38745  -21.446  -10.758  61.671 0.2500000000
35697  -9.576  -15.796  69.336 0.1250000000
35102  -9.533  -15.611  67.151 0.1250000000
35093  -9.256  -16.136  68.175 0.1250000000
35698  -10.381  -15.973  69.528 0.1250000000
35691  -11.365  -15.571  70.154 0.1250000000
34512  -8.933  -16.107  65.408 0.1250000000
34501  -9.402  -16.640  68.025 0.1250000000
35095  -10.430  -16.514  68.954 0.1250000000
35091  -11.913  -15.948  70.025 0.1250000000
44898  -20.339  0.101  65.510 0.1250000000
44894  -20.072  0.418  66.105 0.1250000000
45590  -20.484  1.319  65.262 0.1250000000
88351  -22.743  4.327  64.841 0.1250000000
49956  -24.542  5.872  62.684 0.2500000000
35699  -10.900  -16.122  69.512 0.1250000000
88332  -21.437  2.899  64.671 0.1250000000
49964  -25.482  5.593  62.196 0.2500000000
35702  -14.445  -15.393  69.089 0.3750000000
44255  -20.438  -0.988  65.360 0.1250000000
35701  -13.523  -15.670  69.553 0.3750000000
43679  -20.924  -1.493  65.030 0.2500000000
44256  -21.091  -0.736  64.812 0.1250000000
43686  -21.390  -2.236  64.426 0.3750000000
43691  -21.596  -3.086  63.719 0.3750000000
43687  -22.063  -1.831  63.837 0.3750000000
37481  -18.261  -12.329  67.225 0.5000000000
88327  -21.921  -2.688  63.385 0.3750000000
88329  -22.224  -1.775  63.446 0.3750000000
46284  -23.217  0.642  62.455 0.2500000000
88353  -22.948  1.939  61.658 0.2500000000
88345  -24.637  1.984  61.376 0.3750000000
47005  -25.065  2.463  62.111 0.3750000000
47002  -25.957  2.603  62.515 0.3750000000
47732  -26.452  2.920  62.564 0.3750000000
88325  -21.844  -3.251  62.870 0.3750000000
88328  -22.271  -2.277  62.978 0.5000000000
88330  -22.723  -2.283  62.329 0.3750000000
45595  -23.339  -0.463  62.752 0.5000000000
46287  -23.741  0.747  61.837 0.3750000000
88340  -23.847  1.033  61.473 0.3750000000
37482  -19.223  -12.121  67.139 0.5000000000
38092  -18.899  -11.270  67.462 0.5000000000
45596  -23.771  -0.775  62.508 0.6250000000
45600  -24.004  0.090  62.219 0.3750000000
45612  -24.285  0.676  61.645 0.2500000000
37488  -18.736  -12.660  66.648 0.6250000000
37489  -19.432  -12.614  66.448 0.5000000000
38093  -19.820  -11.231  67.183 0.5000000000
38099  -20.373  -11.625  66.825 0.5000000000
38101  -21.814  -11.385  66.097 0.2500000000
38719  -22.935  -10.689  65.755 0.2500000000
38726  -21.689  -10.432  63.663 0.2500000000
43123  -34.787  -3.500  58.765 0.3750000000
43126  -35.180  -3.837  58.539 0.3750000000
42519  -35.800  -4.168  58.424 0.1250000000
35690  -10.383  -15.228  70.164 0.1250000000
35696  -8.751  -15.323  68.718 0.1250000000
35693  -13.450  -15.255  70.203 0.1250000000
35700  -12.896  -15.745  69.875 0.1250000000
44897  -20.088  -0.612  65.853 0.1250000000
45588  -20.210  0.974  65.888 0.1250000000
35694  -14.148  -15.147  69.873 0.2500000000
36311  -14.579  -14.408  69.497 0.3750000000
44254  -19.599  -1.206  65.708 0.1250000000
43678  -20.440  -1.774  65.073 0.2500000000
43685  -20.279  -2.604  64.786 0.2500000000
43098  -21.631  -3.656  63.084 0.5000000000
88326  -22.090  -3.006  62.627 0.3750000000
38710  -19.439  -10.287  67.471 0.5000000000
88312  -21.801  -4.050  62.097 0.7500000000
44263  -23.316  -2.122  62.150 0.6250000000
38094  -20.565  -10.967  67.002 0.5000000000
43124  -35.284  -3.144  58.834 0.6250000000
43724  -35.541  -2.960  58.874 0.5000000000
36306  -12.247  -14.524  70.700 0.1250000000
36305  -11.254  -14.390  70.520 0.1250000000
36308  -13.903  -14.452  70.009 0.1250000000
36901  -15.045  -13.443  69.010 0.1250000000
44893  -19.639  -0.106  66.424 0.1250000000
45587  -19.866  0.847  66.380 0.1250000000
46278  -19.987  1.508  66.151 0.1250000000
44250  -19.307  -0.754  66.397 0.1250000000
44260  -19.172  -1.738  64.958 0.2500000000
43684  -19.262  -2.508  64.546 0.2500000000
43128  -36.400  -3.474  58.320 0.1250000000
36895  -12.919  -13.508  70.306 0.1250000000
36896  -13.525  -13.868  69.962 0.1250000000
37467  -13.983  -12.441  69.313 0.1250000000
37470  -14.605  -12.135  68.871 0.1250000000
36900  -14.169  -13.528  69.485 0.1250000000
37468  -14.638  -12.777  69.082 0.1250000000
37471  -15.199  -12.364  68.472 0.1250000000
44245  -17.683  -1.552  67.082 0.1250000000
44249  -18.675  -1.025  66.548 0.1250000000
44889  -19.241  0.321  66.989 0.1250000000
43682  -17.288  -2.452  64.280 0.1250000000
44253  -18.579  -1.555  65.436 0.2500000000
37479  -15.891  -12.038  67.693 0.2500000000
44259  -18.499  -1.993  64.656 0.1250000000
44306  -39.278  -1.175  55.759 0.1250000000
38078  -14.279  -11.421  68.914 0.1250000000
38088  -15.175  -11.451  67.855 0.1250000000
37478  -15.622  -11.985  67.867 0.2500000000
43673  -16.968  -2.161  66.345 0.1250000000
38089  -16.000  -11.565  67.466 0.2500000000
43088  -16.710  -3.453  64.303 0.2500000000
42470  -17.804  -4.910  65.114 0.3750000000
41834  -19.446  -6.219  66.783 0.3750000000
41840  -19.264  -5.619  66.200 0.3750000000
41841  -20.051  -5.663  65.938 0.3750000000
41225  -20.475  -6.444  66.360 0.3750000000
45656  -39.740  0.750  55.703 0.1250000000
44956  -39.937  -0.259  55.400 0.1250000000
45659  -40.535  0.602  55.276 0.1250000000
41825  -19.281  -6.789  67.299 0.3750000000
46343  -40.130  1.570  55.477 0.1250000000
46345  -40.810  1.478  54.909 0.1250000000
47049  -40.413  2.490  55.260 0.1250000000
47052  -40.958  2.378  54.549 0.1250000000
46346  -41.530  1.515  54.378 0.1250000000
47043  -39.049  2.604  57.055 0.5000000000
47048  -39.998  2.484  55.991 0.3750000000
47775  -41.010  3.513  55.216 0.3750000000
49267  -45.049  5.753  52.750 0.2500000000
52269  -38.610  9.865  56.629 0.3750000000
53038  -39.213  10.713  56.380 0.3750000000
58654  -55.585  18.312  31.095 0.1250000000
58655  -55.914  17.868  30.639 0.1250000000
58660  -55.574  18.443  30.251 0.1250000000
58653  -55.157  18.659  31.428 0.2500000000
59315  -55.209  18.862  31.087 0.1250000000
59304  -53.091  19.080  34.140 0.3750000000
58643  -53.511  18.589  34.185 0.3750000000
59309  -53.924  19.084  33.149 0.3750000000
59312  -53.928  19.457  32.399 0.3750000000
58648  -54.309  18.404  32.975 0.1250000000
59314  -54.617  19.349  31.184 0.2500000000
59321  -55.253  19.014  30.608 0.2500000000
59325  -55.264  19.148  29.777 0.2500000000
59299  -52.284  19.705  36.507 0.5000000000
59301  -52.404  19.632  35.490 0.5000000000
59303  -52.660  19.534  34.377 0.3750000000
59308  -53.215  19.449  33.440 0.3750000000
59320  -54.802  19.753  30.185 0.2500000000
59324  -54.702  19.799  29.291 0.2500000000
59987  -54.780  19.996  27.504 0.2500000000
59339  -55.563  19.388  25.817 0.2500000000
59964  -52.365  20.536  34.847 0.5000000000
59307  -52.693  19.836  33.718 0.5000000000
59971  -52.757  20.433  32.941 0.5000000000
59972  -53.198  20.381  32.164 0.5000000000
59974  -53.633  20.270  31.353 0.3750000000
59978  -54.083  20.402  30.481 0.3750000000
59982  -54.405  20.593  29.673 0.3750000000
59984  -54.532  20.653  28.776 0.3750000000
59327  -54.658  19.849  28.378 0.3750000000
59992  -54.996  20.268  26.796 0.3750000000
59995  -55.372  20.510  25.593 0.2500000000
60689  -54.245  21.502  30.153 0.2500000000
59986  -54.670  20.582  27.763 0.3750000000
60699  -54.671  21.544  28.309 0.3750000000
59991  -54.779  20.904  27.188 0.2500000000
35113  -14.873  -15.445  66.516 0.2500000000
38081  -16.309  -12.049  67.660 0.2500000000
39400  -24.855  -9.294  62.012 0.2500000000
44904  -23.514  -1.515  62.400 0.6250000000
53783  -39.720  11.408  56.223 0.3750000000
35117  -13.448  -16.329  66.087 0.2500000000
36320  -16.425  -14.773  67.116 0.5000000000
35714  -16.510  -15.057  66.497 0.5000000000
38712  -21.256  -10.316  67.002 0.5000000000
39389  -22.637  -10.252  64.514 0.2500000000
44304  -38.273  -1.291  56.936 0.1250000000
43089  -17.576  -3.359  64.103 0.2500000000
42476  -17.265  -4.236  64.518 0.2500000000
47044  -39.526  2.533  56.566 0.2500000000
88358  -24.833  2.227  61.703 0.3750000000
46296  -24.394  1.314  61.296 0.3750000000
88323  -21.878  -3.567  62.508 0.5000000000
45611  -23.956  0.662  61.776 0.2500000000
49266  -44.386  5.577  52.919 0.2500000000
49262  -44.891  5.883  53.373 0.5000000000
58642  -53.070  18.821  34.608 0.3750000000
39385  -23.006  -10.227  64.949 0.1250000000
30692  -3.334  -24.265  64.067 0.2500000000
30684  -3.185  -23.704  64.307 0.3750000000
33931  -10.032  -18.615  65.741 0.3750000000
33932  -10.845  -18.914  65.660 0.2500000000
33940  -11.191  -19.315  65.769 0.2500000000
34529  -13.073  -17.267  65.636 0.2500000000
35129  -13.643  -16.727  64.747 0.2500000000
35123  -13.910  -15.916  65.106 0.2500000000
35131  -15.160  -16.554  64.230 0.2500000000
33387  -5.748  -19.786  65.159 0.3750000000
33929  -8.475  -18.070  65.849 0.3750000000
31712  -2.703  -22.144  64.476 0.3750000000
34517  -11.595  -17.499  66.758 0.3750000000
36927  -21.689  -13.331  64.535 0.1250000000
33924  -9.849  -17.064  66.126 0.3750000000
33370  -5.596  -18.671  65.421 0.1250000000
37499  -23.988  -12.355  64.582 0.1250000000
37502  -23.746  -12.823  64.294 0.1250000000
38728  -23.368  -10.772  64.289 0.1250000000
34506  -9.721  -15.994  65.855 0.1250000000
38104  -22.307  -11.696  65.639 0.2500000000
45591  -20.897  2.267  64.805 0.1250000000
88352  -22.833  2.162  62.128 0.2500000000
47729  -24.580  2.510  61.799 0.2500000000
88318  -22.514  -1.014  63.418 0.3750000000
88346  -23.416  1.012  61.876 0.2500000000
88341  -23.734  1.951  61.145 0.2500000000
38100  -21.037  -11.376  66.528 0.2500000000
35692  -12.515  -15.432  70.322 0.1250000000
46279  -20.192  1.777  65.698 0.1250000000
46281  -20.434  2.178  65.264 0.1250000000
88338  -21.974  3.701  64.937 0.1250000000
49210  -23.620  5.624  64.162 0.2500000000
88333  -22.772  -1.045  63.195 0.3750000000
39459  -22.488  -1.507  63.211 0.3750000000
45599  -23.519  0.343  62.376 0.3750000000
43127  -35.555  -3.454  58.639 0.2500000000
36307  -13.187  -14.513  70.449 0.1250000000
43677  -19.801  -1.910  64.921 0.2500000000
44892  -19.182  -0.548  66.724 0.1250000000
46993  -19.787  2.366  65.985 0.1250000000
36899  -13.538  -13.179  69.743 0.1250000000
44248  -17.762  -1.692  65.923 0.1250000000
44888  -18.982  -0.163  67.327 0.1250000000
45584  -19.425  0.824  66.822 0.1250000000
46276  -19.588  1.589  66.526 0.1250000000
44252  -17.810  -1.940  64.953 0.1250000000
43676  -17.044  -2.198  65.269 0.1250000000
43675  -16.539  -2.759  64.704 0.1250000000
42469  -16.860  -4.667  65.205 0.2500000000
43086  -16.243  -3.430  65.152 0.2500000000
47774  -40.450  3.326  56.009 0.2500000000
49271  -44.364  5.425  52.167 0.2500000000
53780  -39.990  11.998  56.523 0.2500000000
58651  -55.353  18.182  31.679 0.1250000000
58650  -54.804  18.492  32.060 0.1250000000
58647  -53.852  18.729  33.545 0.3750000000
59311  -53.225  19.885  32.691 0.3750000000
59962  -52.230  20.573  35.873 0.5000000000
59968  -52.690  20.009  33.414 0.3750000000
59328  -55.126  19.149  28.852 0.2500000000
59331  -55.072  19.358  27.751 0.2500000000
59336  -55.358  19.165  26.828 0.2500000000
60686  -53.794  21.388  30.985 0.3750000000
60708  -54.905  21.215  26.857 0.3750000000
60695  -54.523  21.561  29.248 0.3750000000
60703  -54.835  21.553  27.431 0.2500000000
41273  -31.637  -6.533  60.058 0.2500000000
41275  -33.165  -6.465  59.330 0.1250000000
41881  -33.542  -5.574  59.011 0.2500000000
41887  -33.899  -5.986  58.621 0.1250000000
42511  -35.045  -4.495  58.508 0.2500000000
52246  -32.771  9.701  60.800 0.1250000000
52242  -32.373  9.613  61.522 0.1250000000
51469  -32.525  8.819  60.972 0.1250000000
51470  -32.988  8.927  60.387 0.1250000000
52247  -33.370  9.759  60.141 0.1250000000
51464  -32.007  8.637  61.600 0.1250000000
51478  -33.517  8.938  59.879 0.1250000000
50711  -33.233  8.019  60.183 0.1250000000
52252  -33.906  9.630  59.613 0.1250000000
50720  -33.773  7.978  59.814 0.1250000000
50712  -34.255  7.458  60.293 0.1250000000
51471  -34.641  8.064  59.780 0.1250000000
53750  -32.081  11.488  62.518 0.1250000000
53011  -31.611  10.524  62.742 0.1250000000
52237  -31.724  9.562  62.143 0.1250000000
52236  -30.769  9.604  62.824 0.1250000000
51460  -31.067  8.636  61.778 0.1250000000
50696  -29.816  7.327  62.115 0.1250000000
51459  -30.161  8.500  62.050 0.1250000000
51472  -35.108  7.952  60.031 0.1250000000
53008  -31.074  10.623  63.430 0.1250000000
53747  -31.364  11.498  63.054 0.1250000000
51458  -29.378  8.290  62.382 0.1250000000
52235  -29.701  9.155  62.798 0.1250000000
53001  -29.915  10.721  64.283 0.1250000000
51481  -35.904  8.255  59.641 0.2500000000
52255  -36.469  9.398  59.229 0.2500000000
47804  -46.498  4.047  50.653 0.1250000000
53030  -37.563  10.465  58.651 0.2500000000
48533  -44.912  4.380  51.428 0.1250000000
47798  -45.337  3.519  51.546 0.1250000000
49272  -45.196  5.406  51.758 0.1250000000
48534  -45.644  4.462  51.296 0.1250000000
48541  -46.258  4.551  50.993 0.1250000000
49279  -46.493  5.349  51.032 0.1250000000
52265  -38.427  10.175  57.128 0.2500000000
49273  -46.009  5.317  51.447 0.1250000000
50023  -46.428  6.148  51.577 0.1250000000
50019  -46.241  6.567  52.188 0.1250000000
50756  -46.618  7.224  51.874 0.1250000000
50024  -46.816  6.642  51.301 0.1250000000
52294  -48.219  9.360  50.279 0.3750000000
53085  -48.502  9.789  46.105 0.1250000000
61377  -51.279  22.271  36.156 0.1250000000
60670  -51.924  21.433  36.190 0.2500000000
61381  -51.868  21.900  35.678 0.2500000000
60673  -52.301  21.489  35.323 0.2500000000
60676  -52.631  21.528  34.366 0.3750000000
59967  -52.503  20.506  33.774 0.3750000000
60680  -52.614  21.336  33.509 0.3750000000
59970  -52.582  20.904  33.266 0.3750000000
60682  -52.641  21.342  32.946 0.3750000000
60683  -52.844  21.256  32.328 0.3750000000
60684  -53.277  21.246  31.686 0.3750000000
54441  -30.814  12.351  63.006 0.1250000000
50710  -32.752  8.348  60.604 0.1250000000
51531  -48.348  8.419  49.752 0.1250000000
41882  -34.336  -5.523  58.640 0.1250000000
49278  -44.732  4.889  51.487 0.1250000000
53012  -32.269  10.506  62.071 0.1250000000
50719  -33.643  8.342  59.803 0.1250000000
50695  -28.957  7.318  62.440 0.1250000000
52226  -30.616  10.179  63.547 0.1250000000
52224  -28.959  9.302  63.439 0.1250000000
52225  -29.979  9.886  63.809 0.1250000000
53742  -30.111  11.413  63.977 0.1250000000
52216  -29.647  10.305  64.329 0.1250000000
50022  -46.033  5.868  52.034 0.1250000000
50027  -46.718  6.016  51.018 0.1250000000
49280  -46.627  5.488  50.421 0.1250000000
50757  -47.155  7.360  51.249 0.2500000000
51527  -47.532  8.284  51.146 0.2500000000
51528  -47.992  8.392  50.507 0.2500000000
61378  -51.593  22.837  35.585 0.1250000000
35729  -17.831  -14.825  64.572 0.1250000000
35745  -18.073  -15.466  63.695 0.1250000000
88630  -18.843  -7.919  67.602 0.3750000000
37537  -23.347  -12.125  61.019 0.1250000000
88306  -21.847  -11.377  61.337 0.1250000000
38767  -23.759  -10.838  60.641 0.1250000000
38757  -25.139  -10.272  60.918 0.1250000000
38766  -22.411  -10.760  61.019 0.1250000000
38755  -23.395  -10.329  61.068 0.1250000000
39414  -24.602  -9.783  61.406 0.1250000000
39401  -25.656  -9.421  62.232 0.1250000000
53036  -38.723  10.761  57.277 0.2500000000
88309  -21.819  -10.482  61.312 0.1250000000
38756  -24.254  -10.291  60.928 0.1250000000
35735  -17.458  -15.452  64.081 0.1250000000
88308  -22.477  -11.425  60.788 0.1250000000
37522  -22.580  -12.285  61.531 0.1250000000
38125  -24.368  -12.198  62.478 0.1250000000
38768  -24.833  -10.808  60.509 0.1250000000
50694  -28.027  7.322  62.547 0.2500000000
50693  -27.026  7.252  62.533 0.1250000000
49957  -25.167  6.086  62.127 0.1250000000
49965  -26.327  6.117  62.187 0.1250000000
49966  -27.435  6.217  62.421 0.1250000000
50685  -25.226  6.788  62.162 0.1250000000
50686  -25.534  6.637  62.230 0.1250000000
50684  -24.772  7.055  62.227 0.1250000000
49955  -24.275  6.603  62.786 0.1250000000
49209  -23.208  6.574  64.036 0.1250000000
49952  -23.789  6.634  63.344 0.1250000000
52254  -35.557  9.412  59.276 0.1250000000
53025  -36.104  10.408  59.456 0.1250000000
53767  -36.707  11.342  59.574 0.1250000000
54459  -36.326  12.232  59.432 0.1250000000
55156  -35.897  13.031  59.054 0.1250000000
52259  -37.149  9.533  58.766 0.1250000000
53026  -37.010  10.400  59.280 0.1250000000
53768  -37.574  11.367  59.198 0.1250000000
54460  -37.275  12.215  59.593 0.1250000000
55165  -36.486  13.577  58.654 0.1250000000
55157  -36.884  13.020  59.311 0.1250000000
55158  -37.849  12.969  59.357 0.1250000000
53773  -38.002  11.153  58.637 0.1250000000
53769  -38.140  11.735  58.906 0.1250000000
54461  -38.035  12.221  59.318 0.1250000000
55166  -37.449  13.545  58.761 0.1250000000
55159  -38.329  12.741  59.124 0.1250000000
54465  -38.449  12.332  58.807 0.1250000000
53774  -38.454  11.570  58.334 0.1250000000
53031  -38.165  10.595  57.942 0.1250000000
55849  -37.752  13.863  58.073 0.1250000000
55168  -39.091  12.829  58.146 0.1250000000
55167  -38.618  13.323  58.581 0.1250000000
54470  -39.208  12.371  57.676 0.1250000000
53775  -38.873  11.640  57.752 0.1250000000
54466  -38.814  12.342  58.258 0.1250000000
53032  -38.612  11.123  57.871 0.1250000000
55856  -38.373  14.175  57.554 0.1250000000
55173  -39.328  13.198  57.699 0.1250000000
53779  -39.392  11.626  57.018 0.1250000000
55172  -38.961  13.746  57.825 0.1250000000
55857  -39.348  14.097  57.219 0.1250000000
54471  -39.738  12.553  57.069 0.1250000000
55174  -39.915  13.383  56.952 0.1250000000
50760  -47.481  7.438  50.447 0.1250000000
55863  -38.619  14.883  56.649 0.1250000000
55858  -40.034  14.062  56.702 0.1250000000
55864  -39.666  14.723  56.436 0.1250000000
54475  -40.424  12.764  56.371 0.1250000000
57896  -43.015  17.931  52.366 0.1250000000
55178  -40.420  13.622  56.461 0.1250000000
57897  -43.381  17.581  52.088 0.1250000000
57901  -43.610  17.831  51.653 0.1250000000
58578  -44.163  18.197  50.769 0.1250000000
57902  -44.003  17.260  51.415 0.1250000000
57905  -44.702  17.256  50.727 0.1250000000
55865  -40.516  14.374  56.135 0.1250000000
55179  -41.045  13.521  56.009 0.1250000000
54476  -41.165  12.590  55.618 0.1250000000
57898  -43.646  16.676  51.874 0.1250000000
57242  -44.191  16.088  51.598 0.1250000000
57906  -45.482  17.164  50.355 0.1250000000
58580  -45.740  17.780  49.835 0.1250000000
57892  -43.258  16.755  52.403 0.1250000000
57239  -43.575  15.924  51.704 0.1250000000
57893  -43.362  16.374  51.964 0.1250000000
58579  -44.994  18.190  50.217 0.1250000000
57238  -42.981  15.986  52.018 0.1250000000
56564  -42.564  15.213  52.368 0.1250000000
58663  -55.525  18.461  29.409 0.1250000000
58669  -55.561  18.352  27.398 0.1250000000
61392  -52.646  21.756  33.167 0.2500000000
61393  -52.703  22.348  32.634 0.2500000000
61397  -53.370  22.361  31.619 0.2500000000
61394  -53.051  21.811  32.037 0.2500000000
58675  -55.682  18.531  26.423 0.1250000000
61396  -52.938  22.858  31.920 0.2500000000
62064  -53.168  23.132  31.656 0.2500000000
61400  -54.054  22.486  30.733 0.1250000000
59340  -55.853  18.871  25.348 0.1250000000
59344  -55.899  19.326  24.730 0.1250000000
59343  -55.600  19.927  25.174 0.1250000000
59999  -55.995  20.067  24.001 0.1250000000
59347  -56.287  19.343  23.703 0.1250000000
53035  -38.341  10.319  57.397 0.1250000000
57286  -52.755  15.996  40.724 0.2500000000
49953  -24.130  5.927  63.419 0.1250000000
49958  -25.701  6.362  62.183 0.1250000000
50692  -25.976  7.237  62.441 0.1250000000
49207  -22.896  5.921  64.515 0.1250000000
58575  -43.729  18.049  51.313 0.1250000000
58000  -55.636  17.929  27.939 0.1250000000
58666  -55.516  18.326  28.435 0.1250000000
61389  -52.994  22.698  33.817 0.2500000000
61384  -53.093  22.109  34.227 0.2500000000
61406  -54.390  22.530  29.753 0.1250000000
61408  -54.579  22.511  28.744 0.1250000000
31190  -2.605  -23.596  63.527 0.2500000000
30708  -1.594  -24.368  61.806 0.1250000000
31206  -1.555  -23.737  61.493 0.1250000000
32261  -2.377  -21.590  63.773 0.1250000000
31720  -2.072  -22.198  62.935 0.1250000000
31726  -1.711  -22.827  62.026 0.1250000000
31205  -1.430  -23.725  60.758 0.1250000000
31734  -1.434  -23.014  61.238 0.1250000000
32242  -3.765  -20.789  64.724 0.1250000000
32803  -4.039  -20.433  64.542 0.1250000000
32813  -3.751  -20.288  64.244 0.1250000000
33385  -5.157  -19.190  64.898 0.1250000000
42465  -18.012  -5.230  65.822 0.2500000000
48514  -42.304  4.505  54.773 0.1250000000
47785  -42.032  4.069  54.293 0.1250000000
47800  -43.173  4.652  51.979 0.1250000000
48526  -42.831  4.933  52.852 0.1250000000
47795  -42.857  4.475  52.050 0.1250000000
49270  -43.900  5.365  52.506 0.1250000000
47776  -41.533  4.047  55.204 0.1250000000
49265  -43.689  5.396  53.004 0.1250000000
32804  -4.573  -20.264  64.687 0.1250000000
31721  -2.399  -22.711  63.662 0.1250000000
31196  -1.785  -23.766  62.098 0.1250000000
31189  -2.162  -23.434  62.805 0.1250000000
32253  -3.013  -21.097  64.410 0.1250000000
32814  -4.212  -20.240  64.426 0.1250000000
48531  -43.297  4.943  52.265 0.1250000000
47790  -42.226  3.921  52.384 0.1250000000
31694  -9.249  -22.803  66.404 0.1250000000
32248  -8.116  -22.170  65.628 0.1250000000
31693  -8.665  -22.518  66.078 0.1250000000
32225  -9.298  -21.370  67.007 0.1250000000
32794  -9.039  -20.503  66.383 0.1250000000
32795  -9.944  -20.244  66.761 0.1250000000
33376  -10.888  -19.889  66.438 0.1250000000
33934  -12.288  -18.797  65.398 0.1250000000
33390  -11.354  -19.462  65.926 0.1250000000
33942  -12.844  -18.337  64.987 0.1250000000
33935  -12.985  -19.057  65.289 0.1250000000
33933  -11.609  -18.879  65.601 0.1250000000
34542  -13.784  -17.389  64.339 0.1250000000
33944  -14.316  -18.607  64.832 0.1250000000
34543  -14.584  -17.297  64.013 0.1250000000
35130  -14.248  -16.538  64.366 0.1250000000
40643  -31.314  -7.547  60.225 0.1250000000
42463  -16.496  -4.799  65.977 0.1250000000
41274  -32.512  -6.484  59.883 0.1250000000
42518  -35.388  -3.972  58.462 0.1250000000
41822  -16.591  -5.236  66.472 0.1250000000
41823  -17.361  -5.780  66.799 0.1250000000
88629  -17.291  -6.709  67.245 0.1250000000
41831  -16.939  -5.170  66.120 0.1250000000
41833  -18.414  -5.673  66.448 0.1250000000
41824  -18.122  -6.921  67.175 0.1250000000
53082  -50.461  11.265  46.018 0.1250000000
59925  -46.635  20.431  45.268 0.1250000000
60629  -47.376  21.409  45.407 0.1250000000
60634  -47.584  21.142  44.580 0.1250000000
60635  -48.038  21.284  44.210 0.1250000000
57289  -53.142  16.445  40.149 0.1250000000
57955  -53.856  16.703  38.234 0.1250000000
57967  -53.658  17.783  36.362 0.1250000000
58644  -54.069  17.974  33.813 0.1250000000
61382  -52.234  22.489  35.365 0.1250000000
62056  -52.464  23.493  34.923 0.1250000000
60674  -52.890  21.934  35.039 0.1250000000
61385  -53.090  22.615  34.730 0.1250000000
62058  -53.112  23.575  34.300 0.1250000000
62061  -52.875  23.634  33.301 0.1250000000
62063  -52.856  23.683  32.041 0.1250000000
62068  -53.563  23.548  31.245 0.1250000000
62067  -53.245  24.115  31.559 0.1250000000
62075  -54.211  23.551  30.316 0.1250000000
62728  -53.331  24.562  33.965 0.1250000000
53823  -50.745  11.701  45.960 0.1250000000
57291  -53.596  16.431  39.324 0.1250000000
57297  -53.821  16.506  38.615 0.1250000000
31706  -6.608  -22.726  64.982 0.1250000000
42464  -17.247  -5.112  65.724 0.1250000000
61388  -52.821  21.953  33.617 0.1250000000
32234  -8.649  -21.647  66.292 0.1250000000
33954  -14.162  -18.039  64.207 0.1250000000
41832  -17.438  -5.386  66.252 0.1250000000
53081  -49.987  11.060  46.118 0.1250000000
53087  -49.656  10.432  45.626 0.1250000000
30155  -3.387  -24.556  63.955 0.2500000000
31685  -8.986  -22.153  66.663 0.1250000000
31714  -6.842  -22.456  64.888 0.1250000000
31715  -6.982  -22.571  64.940 0.1250000000
32254  -6.767  -22.260  64.798 0.1250000000
32255  -7.051  -22.278  64.863 0.1250000000
32782  -9.550  -20.705  66.919 0.1250000000
33369  -5.283  -18.619  65.295 0.1250000000
33391  -11.551  -19.319  65.760 0.1250000000
33917  -9.371  -16.347  65.618 0.1250000000
33920  -9.893  -16.996  66.281 0.3750000000
33941  -11.372  -19.212  65.637 0.2500000000
33943  -13.497  -18.362  64.683 0.1250000000
34505  -9.214  -16.230  65.484 0.1250000000
34513  -9.609  -15.592  65.519 0.1250000000
34514  -9.838  -17.247  65.957 0.3750000000
35092  -12.299  -16.013  69.821 0.1250000000
35118  -13.952  -15.634  65.949 0.2500000000
35718  -13.749  -15.918  65.595 0.2500000000
35725  -13.599  -16.143  65.661 0.2500000000
35726  -13.669  -16.097  65.426 0.2500000000
36331  -17.815  -14.533  65.124 0.2500000000
36933  -22.928  -13.798  64.063 0.1250000000
37513  -22.448  -12.243  61.819 0.1250000000
37514  -22.823  -12.433  61.917 0.1250000000
37515  -23.733  -12.456  61.925 0.1250000000
37523  -23.220  -12.401  61.449 0.1250000000
37524  -24.076  -12.262  61.351 0.1250000000
37536  -22.852  -12.289  61.191 0.1250000000
38080  -16.049  -12.035  67.628 0.2500000000
38114  -22.314  -11.542  62.673 0.2500000000
38122  -21.718  -11.348  61.635 0.1250000000
38143  -23.291  -11.531  60.713 0.1250000000
38155  -22.029  -11.370  60.964 0.1250000000
38734  -20.898  -10.139  62.300 0.3750000000
38744  -20.852  -10.022  61.995 0.3750000000
38779  -21.838  -11.198  61.254 0.1250000000
38789  -21.753  -11.348  61.094 0.1250000000
39353  -19.776  -8.703  68.146 0.6250000000
39354  -19.997  -8.777  68.232 0.6250000000
39364  -19.635  -8.984  67.995 0.6250000000
39366  -20.395  -8.656  67.907 0.6250000000
39398  -20.787  -9.768  62.029 0.3750000000
39399  -21.037  -9.615  61.940 0.3750000000
39977  -19.990  -8.210  68.378 0.6250000000
39988  -20.059  -8.567  68.266 0.6250000000
40575  -19.807  -8.175  68.197 0.6250000000
40585  -19.963  -7.937  68.272 0.6250000000
41200  -19.705  -7.914  68.021 0.5000000000
41856  -23.121  -5.581  60.226 1.0000000000
42475  -16.596  -4.032  64.885 0.2500000000
43096  -16.758  -3.121  63.970 0.2500000000
43097  -16.968  -3.281  63.940 0.2500000000
43111  -23.781  -3.985  60.595 1.0000000000
43681  -16.707  -2.887  64.101 0.1250000000
43689  -16.734  -2.948  63.863 0.1250000000
43690  -16.984  -2.946  63.837 0.2500000000
43700  -23.940  -3.415  61.150 1.0000000000
44258  -17.936  -2.201  64.461 0.1250000000
44933  -32.394  0.657  57.124 1.0000000000
44943  -32.391  0.698  56.712 1.0000000000
44944  -32.790  -0.066  56.857 1.0000000000
44945  -33.073  -0.072  56.861 1.0000000000
44950  -32.290  0.824  56.408 1.0000000000
44951  -32.584  0.572  56.404 1.0000000000
44952  -32.847  0.274  56.384 1.0000000000
45632  -32.508  1.036  56.839 1.0000000000
45641  -32.500  0.894  56.446 1.0000000000
45651  -32.479  0.754  56.251 1.0000000000
45652  -32.692  0.826  56.097 1.0000000000
45653  -33.145  0.487  56.325 1.0000000000
46331  -33.112  1.161  56.595 1.0000000000
46340  -33.156  1.011  55.986 1.0000000000
46341  -33.305  0.937  56.447 1.0000000000
47000  -24.966  2.682  62.189 0.3750000000
47789  -42.578  4.489  52.453 0.1250000000
47794  -42.744  4.544  52.300 0.1250000000
47801  -43.309  4.509  51.722 0.1250000000
48525  -42.852  4.716  52.448 0.1250000000
48530  -42.942  4.654  52.238 0.1250000000
48532  -43.817  5.231  52.133 0.1250000000
48538  -43.386  4.754  51.913 0.1250000000
52251  -33.589  9.438  59.863 0.1250000000
55887  -42.391  14.666  52.538 0.2500000000
55893  -42.311  15.015  52.475 0.2500000000
55926  -49.202  14.918  44.494 0.7500000000
56570  -42.166  15.083  52.592 0.2500000000
56595  -49.536  15.010  44.511 0.5000000000
58571  -43.097  18.095  52.125 0.1250000000
58608  -47.511  18.837  41.336 0.6250000000
59259  -45.675  19.721  45.948 0.2500000000
59330  -54.705  19.909  27.833 0.2500000000
59919  -45.487  20.123  46.720 0.1250000000
60677  -53.100  21.979  34.624 0.2500000000
88307  -22.411  -11.957  61.002 0.1250000000
88310  -21.626  -11.163  61.338 0.1250000000
88311  -22.031  -3.375  62.402 0.5000000000
88317  -23.062  -3.979  60.360 1.0000000000
88320  -23.375  -3.868  60.533 1.0000000000
88334  -20.592  2.543  65.093 0.1250000000
88354  -24.995  1.970  61.714 0.5000000000
88355  -24.950  2.321  61.942 0.3750000000
88625  -18.098  -8.269  67.441 0.2500000000
88626  -17.989  -8.062  67.381 0.2500000000
88707  -46.051  20.148  41.121 0.6250000000
88709  -46.559  20.573  41.468 0.3750000000
88716  -48.099  21.669  39.793 0.2500000000
88717  -47.979  21.798  39.999 0.1250000000
88727  -48.855  23.127  38.857 0.1250000000
