#!ascii label  , from subject TEMPLATE vox2ras=TkReg
1066
34029  -46.468  -18.744  50.955 0.0000000000
30729  -35.113  -24.291  58.010 0.0000000000
39504  -52.405  -10.207  42.011 0.0000000000
30782  -48.768  -23.721  45.634 0.0000000000
36430  -50.090  -14.403  46.665 0.0000000000
32308  -41.361  -21.423  54.404 0.0000000000
26395  -39.575  -32.315  52.197 0.0000000000
28091  -44.681  -28.862  48.502 0.0000000000
29092  -28.248  -27.170  60.175 0.0000000000
44369  -54.589  -1.299  41.452 0.0000000000
24660  -31.956  -35.223  55.104 0.0000000000
31787  -48.025  -22.185  48.706 0.0000000000
33486  -50.065  -19.492  46.542 0.0000000000
34635  -48.478  -17.574  48.781 0.0000000000
33459  -44.195  -19.916  52.849 0.0000000000
30753  -43.122  -24.758  52.246 0.0000000000
30762  -45.768  -24.139  49.976 0.0000000000
29702  -46.113  -25.885  47.219 0.0000000000
45716  -56.142  0.851  38.003 0.0000000000
30186  -31.915  -25.304  59.103 0.0000000000
26961  -29.883  -31.349  57.478 0.0000000000
28053  -32.993  -29.211  56.095 0.0000000000
37610  -52.236  -12.644  45.698 0.0000000000
31757  -38.042  -22.467  55.520 0.0000000000
28567  -37.247  -28.231  55.102 0.0000000000
29674  -40.685  -26.811  53.489 0.0000000000
27557  -43.124  -30.489  51.223 0.0000000000
28025  -23.965  -28.926  60.495 0.0000000000
40093  -48.854  -9.214  47.275 0.0000000000
40710  -49.008  -7.779  44.512 0.0000000000
43786  -52.121  -2.359  44.686 0.0000000000
41978  -51.828  -5.516  40.371 0.0000000000
42609  -55.492  -4.372  37.879 0.0000000000
25763  -25.693  -33.026  57.391 0.0000000000
25804  -35.517  -33.716  53.651 0.0000000000
33471  -47.228  -19.572  50.045 0.0000000000
33476  -48.271  -19.475  48.982 0.0000000000
34630  -47.395  -17.708  49.856 0.0000000000
33461  -45.341  -19.585  51.992 0.0000000000
32319  -44.513  -21.852  51.685 0.0000000000
32324  -46.180  -21.427  50.581 0.0000000000
31258  -46.824  -23.268  49.593 0.0000000000
38233  -54.220  -12.655  40.748 0.0000000000
38870  -53.597  -10.276  39.590 0.0000000000
30724  -33.922  -24.366  58.504 0.0000000000
28554  -32.438  -27.750  57.434 0.0000000000
29658  -34.058  -26.655  57.393 0.0000000000
31280  -49.812  -23.362  45.449 0.0000000000
34640  -50.035  -17.473  47.043 0.0000000000
34055  -51.311  -18.439  45.497 0.0000000000
35832  -50.943  -15.485  46.272 0.0000000000
35836  -52.348  -15.357  45.503 0.0000000000
37025  -51.352  -13.483  46.208 0.0000000000
31760  -39.487  -22.401  54.756 0.0000000000
30743  -39.044  -24.645  54.048 0.0000000000
30745  -40.432  -24.342  53.548 0.0000000000
29140  -44.564  -27.333  50.534 0.0000000000
29136  -43.283  -27.388  51.478 0.0000000000
28085  -44.384  -29.411  49.964 0.0000000000
30242  -47.183  -24.915  46.051 0.0000000000
40101  -49.425  -8.816  45.612 0.0000000000
42590  -51.522  -3.966  42.082 0.0000000000
43802  -53.529  -2.609  41.171 0.0000000000
41980  -54.041  -5.291  39.632 0.0000000000
43807  -54.744  -2.356  39.252 0.0000000000
44388  -56.816  -1.136  36.542 0.0000000000
29089  -26.007  -27.670  60.297 0.0000000000
26954  -25.187  -31.006  59.308 0.0000000000
27516  -26.331  -30.021  58.321 0.0000000000
25789  -31.413  -33.041  56.655 0.0000000000
25205  -29.767  -33.790  56.803 0.0000000000
24071  -30.505  -36.318  55.710 0.0000000000
27543  -37.719  -30.255  53.249 0.0000000000
27541  -35.761  -30.017  53.013 0.0000000000
25806  -36.875  -32.915  52.716 0.0000000000
31268  -48.172  -23.006  47.658 0.0000000000
31798  -49.308  -22.200  46.190 0.0000000000
32896  -48.921  -20.309  47.863 0.0000000000
34046  -49.467  -18.438  47.659 0.0000000000
35823  -48.659  -15.702  48.089 0.0000000000
32868  -42.453  -20.597  54.015 0.0000000000
31242  -42.345  -23.130  53.168 0.0000000000
31774  -43.690  -22.789  52.265 0.0000000000
30758  -44.689  -24.304  51.100 0.0000000000
29693  -45.738  -26.252  49.074 0.0000000000
29154  -45.161  -27.451  47.136 0.0000000000
30231  -46.179  -25.013  49.041 0.0000000000
30770  -47.578  -24.043  47.983 0.0000000000
45022  -55.058  -0.221  39.690 0.0000000000
47115  -56.543  2.537  39.071 0.0000000000
29645  -30.270  -26.260  59.722 0.0000000000
28038  -29.153  -29.039  58.729 0.0000000000
28551  -30.480  -28.458  58.207 0.0000000000
27527  -31.490  -30.202  56.465 0.0000000000
26378  -33.007  -32.259  56.141 0.0000000000
32904  -50.631  -20.514  45.312 0.0000000000
37029  -53.130  -13.534  44.785 0.0000000000
38845  -52.735  -11.052  44.499 0.0000000000
31228  -36.652  -23.392  56.814 0.0000000000
30199  -36.361  -25.914  56.554 0.0000000000
30201  -37.730  -25.487  55.885 0.0000000000
29123  -38.856  -27.072  53.942 0.0000000000
28073  -39.905  -29.733  52.957 0.0000000000
29676  -41.692  -26.216  52.799 0.0000000000
28582  -41.974  -28.477  52.303 0.0000000000
26996  -40.919  -31.146  51.795 0.0000000000
35812  -46.109  -15.515  51.452 0.0000000000
32297  -36.027  -21.415  57.393 0.0000000000
32860  -38.135  -20.505  55.520 0.0000000000
33448  -39.915  -19.733  54.851 0.0000000000
35817  -47.232  -15.378  50.372 0.0000000000
37009  -48.189  -14.118  49.345 0.0000000000
37016  -48.615  -13.519  47.933 0.0000000000
38830  -48.239  -10.589  47.727 0.0000000000
38211  -48.962  -11.661  46.935 0.0000000000
38839  -50.834  -10.581  46.464 0.0000000000
40108  -51.488  -9.572  45.188 0.0000000000
40120  -52.011  -8.925  43.199 0.0000000000
41960  -50.208  -5.110  44.060 0.0000000000
41372  -48.512  -6.905  39.654 0.0000000000
40728  -52.125  -8.506  40.459 0.0000000000
40734  -53.770  -7.587  39.531 0.0000000000
43814  -55.648  -1.597  38.078 0.0000000000
26945  -22.429  -31.201  60.140 0.0000000000
24648  -25.431  -35.230  55.510 0.0000000000
26364  -27.948  -32.151  58.390 0.0000000000
25788  -27.322  -34.179  55.910 0.0000000000
28056  -35.573  -28.760  55.659 0.0000000000
26975  -34.914  -31.648  55.091 0.0000000000
25231  -34.130  -34.267  54.239 0.0000000000
24083  -34.692  -36.279  53.290 0.0000000000
33467  -46.809  -19.602  50.619 0.0000000000
34036  -47.317  -18.638  49.962 0.0000000000
34625  -46.760  -17.711  50.493 0.0000000000
34028  -46.050  -18.731  51.442 0.0000000000
32880  -46.087  -20.202  51.208 0.0000000000
33464  -46.339  -19.556  51.108 0.0000000000
32886  -47.080  -20.490  50.181 0.0000000000
38853  -52.751  -11.596  42.654 0.0000000000
38859  -52.531  -12.489  40.791 0.0000000000
38864  -53.271  -11.560  39.484 0.0000000000
38863  -52.501  -10.577  39.787 0.0000000000
30725  -34.544  -24.016  58.342 0.0000000000
30190  -34.060  -25.335  58.069 0.0000000000
30191  -34.890  -25.398  57.711 0.0000000000
30783  -49.192  -24.266  45.386 0.0000000000
31279  -49.148  -23.469  45.568 0.0000000000
35234  -49.993  -16.626  46.857 0.0000000000
35235  -50.733  -16.638  46.535 0.0000000000
35831  -50.405  -15.085  46.432 0.0000000000
36435  -50.933  -14.403  46.295 0.0000000000
36431  -50.416  -13.887  46.561 0.0000000000
32305  -39.921  -21.454  54.743 0.0000000000
31236  -39.766  -23.332  54.355 0.0000000000
31764  -40.809  -22.690  54.214 0.0000000000
28594  -44.909  -27.970  49.843 0.0000000000
28590  -44.419  -28.292  50.415 0.0000000000
28087  -44.549  -29.332  48.981 0.0000000000
27565  -44.268  -30.290  49.450 0.0000000000
30778  -47.653  -24.512  46.047 0.0000000000
29708  -47.873  -25.550  45.530 0.0000000000
30244  -48.464  -25.060  45.461 0.0000000000
43798  -53.247  -2.510  41.985 0.0000000000
43803  -54.040  -2.018  40.903 0.0000000000
43805  -53.858  -2.744  40.566 0.0000000000
44373  -54.575  -1.549  40.566 0.0000000000
29090  -26.666  -27.616  60.290 0.0000000000
28031  -26.624  -28.621  59.583 0.0000000000
28545  -27.766  -28.738  59.321 0.0000000000
24655  -31.433  -34.719  55.487 0.0000000000
24654  -30.883  -35.196  55.926 0.0000000000
24659  -31.272  -35.439  55.374 0.0000000000
23497  -31.115  -37.420  55.353 0.0000000000
23498  -31.814  -37.319  54.871 0.0000000000
26988  -38.871  -31.015  52.938 0.0000000000
26987  -38.146  -31.324  52.899 0.0000000000
26392  -38.085  -32.337  52.723 0.0000000000
31790  -48.265  -22.193  48.048 0.0000000000
31793  -48.569  -22.234  47.323 0.0000000000
32331  -48.302  -21.296  48.502 0.0000000000
34041  -48.417  -18.542  48.893 0.0000000000
34042  -48.902  -18.496  48.241 0.0000000000
35231  -48.973  -16.759  47.819 0.0000000000
35230  -48.542  -16.624  48.550 0.0000000000
32872  -43.652  -20.669  53.067 0.0000000000
32313  -43.253  -21.465  53.216 0.0000000000
32314  -43.698  -21.505  52.683 0.0000000000
31778  -45.332  -22.417  50.830 0.0000000000
31250  -44.415  -23.404  51.478 0.0000000000
30759  -45.234  -24.258  50.478 0.0000000000
30223  -44.954  -25.196  50.624 0.0000000000
30226  -45.608  -25.170  49.799 0.0000000000
30230  -45.850  -25.519  49.216 0.0000000000
30227  -45.941  -24.604  49.582 0.0000000000
31786  -47.616  -22.219  49.285 0.0000000000
31262  -47.342  -23.508  49.121 0.0000000000
31263  -47.776  -23.147  48.767 0.0000000000
30771  -47.896  -23.526  47.748 0.0000000000
29646  -30.835  -25.935  59.445 0.0000000000
29097  -30.355  -27.253  59.187 0.0000000000
29098  -31.124  -27.247  58.739 0.0000000000
28558  -33.026  -28.162  56.939 0.0000000000
28557  -32.211  -28.348  56.994 0.0000000000
28052  -32.473  -29.750  56.130 0.0000000000
26969  -32.306  -31.292  55.915 0.0000000000
26970  -33.418  -31.282  56.125 0.0000000000
32901  -49.613  -20.419  46.541 0.0000000000
32341  -49.691  -21.267  46.086 0.0000000000
32903  -50.064  -20.452  45.943 0.0000000000
34646  -51.608  -17.563  45.471 0.0000000000
34056  -51.936  -18.361  44.821 0.0000000000
37026  -52.034  -13.514  45.797 0.0000000000
36440  -53.124  -14.399  45.010 0.0000000000
37613  -52.674  -12.681  45.097 0.0000000000
37614  -52.970  -12.770  44.463 0.0000000000
38844  -52.487  -11.003  45.151 0.0000000000
31229  -37.243  -23.100  56.444 0.0000000000
30736  -37.289  -24.597  56.216 0.0000000000
31232  -37.744  -23.614  55.964 0.0000000000
30208  -39.424  -25.333  53.758 0.0000000000
29669  -38.454  -26.265  54.326 0.0000000000
29124  -39.580  -27.122  53.834 0.0000000000
28577  -39.642  -28.139  53.548 0.0000000000
28578  -40.491  -28.253  53.195 0.0000000000
30750  -42.542  -24.462  52.591 0.0000000000
30749  -41.848  -24.434  52.979 0.0000000000
30217  -42.786  -25.461  52.256 0.0000000000
28080  -43.358  -29.339  51.288 0.0000000000
28583  -42.368  -27.846  52.236 0.0000000000
28079  -42.599  -29.511  51.612 0.0000000000
27553  -41.566  -29.934  52.056 0.0000000000
29701  -45.629  -26.644  46.630 0.0000000000
33447  -39.184  -19.682  54.956 0.0000000000
34018  -42.215  -18.497  53.862 0.0000000000
35813  -46.770  -15.427  51.030 0.0000000000
37588  -47.394  -13.088  50.386 0.0000000000
37012  -47.755  -12.980  49.385 0.0000000000
37013  -48.173  -13.608  48.845 0.0000000000
37597  -47.438  -12.527  48.721 0.0000000000
39479  -48.590  -9.669  47.583 0.0000000000
38833  -48.675  -10.964  47.218 0.0000000000
38834  -49.310  -10.732  46.953 0.0000000000
38212  -49.773  -11.668  46.738 0.0000000000
39482  -49.684  -9.977  46.701 0.0000000000
40708  -49.182  -7.818  45.382 0.0000000000
40102  -50.363  -9.527  45.885 0.0000000000
40107  -50.301  -9.218  44.969 0.0000000000
40113  -51.266  -9.010  44.247 0.0000000000
40118  -49.773  -8.695  43.123 0.0000000000
43183  -51.144  -3.693  44.434 0.0000000000
41970  -51.351  -4.807  40.643 0.0000000000
42599  -50.071  -5.037  41.013 0.0000000000
41977  -50.739  -5.613  40.066 0.0000000000
40731  -50.887  -7.554  39.775 0.0000000000
40732  -51.873  -7.464  40.111 0.0000000000
40733  -52.904  -7.672  40.138 0.0000000000
41379  -53.413  -6.435  39.932 0.0000000000
42606  -54.826  -4.134  39.220 0.0000000000
41984  -54.426  -5.938  39.055 0.0000000000
41989  -55.128  -5.800  38.259 0.0000000000
45715  -55.570  0.832  38.596 0.0000000000
44379  -55.602  -1.071  38.388 0.0000000000
45029  -56.266  -0.464  37.853 0.0000000000
26354  -25.657  -31.758  58.470 0.0000000000
26353  -24.725  -32.009  58.729 0.0000000000
25762  -24.793  -33.041  57.413 0.0000000000
25212  -23.747  -34.449  55.174 0.0000000000
25786  -25.542  -33.755  55.609 0.0000000000
27522  -29.508  -30.463  57.816 0.0000000000
27521  -28.896  -30.581  58.196 0.0000000000
26960  -29.291  -31.359  58.026 0.0000000000
25217  -28.532  -34.767  56.324 0.0000000000
22944  -28.696  -38.370  56.125 0.0000000000
29114  -36.849  -26.905  56.158 0.0000000000
29112  -35.547  -27.364  56.403 0.0000000000
28566  -36.569  -28.291  55.465 0.0000000000
26387  -36.022  -32.047  53.386 0.0000000000
26980  -35.680  -31.503  54.408 0.0000000000
26386  -35.423  -32.171  54.348 0.0000000000
25799  -34.379  -33.309  54.664 0.0000000000
25232  -34.977  -34.374  53.742 0.0000000000
24081  -33.968  -36.307  53.547 0.0000000000
32887  -47.546  -20.452  49.593 0.0000000000
32890  -48.101  -20.411  49.080 0.0000000000
33472  -47.691  -19.522  49.471 0.0000000000
34037  -47.857  -18.595  49.429 0.0000000000
34631  -47.973  -17.677  49.388 0.0000000000
33460  -44.761  -19.685  52.331 0.0000000000
32875  -44.523  -20.588  52.170 0.0000000000
32878  -44.966  -20.829  51.775 0.0000000000
32321  -45.658  -21.464  50.977 0.0000000000
31782  -45.813  -22.698  50.383 0.0000000000
31257  -46.095  -23.326  50.024 0.0000000000
31783  -46.379  -22.355  50.169 0.0000000000
32328  -47.364  -21.372  49.731 0.0000000000
39512  -54.737  -9.860  39.412 0.0000000000
30187  -32.666  -25.263  58.819 0.0000000000
29650  -32.256  -26.212  58.647 0.0000000000
29651  -32.891  -25.911  58.388 0.0000000000
29106  -33.586  -27.254  57.243 0.0000000000
28559  -33.803  -27.917  56.750 0.0000000000
34047  -50.159  -18.437  47.075 0.0000000000
33487  -50.535  -19.191  46.189 0.0000000000
34641  -50.581  -17.438  46.704 0.0000000000
34643  -51.144  -17.520  46.164 0.0000000000
35241  -51.813  -17.016  45.471 0.0000000000
35242  -52.111  -16.413  45.477 0.0000000000
35833  -51.658  -15.344  45.971 0.0000000000
36436  -51.833  -14.421  45.921 0.0000000000
37609  -51.692  -12.628  46.224 0.0000000000
31759  -38.714  -22.423  55.029 0.0000000000
31233  -38.339  -23.427  55.199 0.0000000000
31235  -39.012  -23.324  54.723 0.0000000000
30744  -39.711  -24.346  53.874 0.0000000000
30209  -40.129  -25.195  53.549 0.0000000000
29683  -43.686  -26.486  51.343 0.0000000000
29680  -43.057  -26.398  51.882 0.0000000000
29137  -44.031  -27.392  50.988 0.0000000000
28083  -44.019  -29.312  50.791 0.0000000000
27558  -43.625  -29.892  50.952 0.0000000000
27003  -43.486  -31.476  50.274 0.0000000000
27004  -43.835  -30.985  49.724 0.0000000000
30237  -46.643  -25.334  46.713 0.0000000000
29707  -47.149  -25.758  45.490 0.0000000000
40096  -48.784  -7.884  47.133 0.0000000000
40097  -49.151  -8.924  46.581 0.0000000000
40703  -49.066  -7.485  46.675 0.0000000000
41351  -49.535  -6.754  46.084 0.0000000000
41356  -49.422  -6.852  45.024 0.0000000000
43790  -53.011  -2.223  43.909 0.0000000000
43189  -52.093  -3.050  43.247 0.0000000000
43793  -52.574  -2.747  42.854 0.0000000000
43198  -52.557  -3.641  41.638 0.0000000000
41972  -52.775  -4.553  40.798 0.0000000000
41979  -52.982  -5.172  40.419 0.0000000000
42602  -53.679  -4.259  40.222 0.0000000000
43203  -54.618  -3.317  39.569 0.0000000000
43206  -54.793  -3.270  38.665 0.0000000000
46416  -56.912  1.577  37.079 0.0000000000
45030  -56.454  -0.275  37.320 0.0000000000
45730  -56.786  0.520  35.902 0.0000000000
28535  -24.760  -28.051  60.146 0.0000000000
28028  -24.436  -29.533  60.310 0.0000000000
28029  -25.074  -29.151  59.917 0.0000000000
27515  -25.578  -30.187  58.897 0.0000000000
26355  -26.504  -31.616  58.098 0.0000000000
25779  -30.905  -32.988  57.142 0.0000000000
25778  -30.135  -33.173  57.596 0.0000000000
25206  -30.586  -33.640  56.810 0.0000000000
24653  -30.041  -35.486  56.377 0.0000000000
24070  -29.605  -36.465  56.270 0.0000000000
23492  -29.145  -37.428  56.237 0.0000000000
23493  -30.122  -37.392  55.966 0.0000000000
28064  -37.765  -28.844  54.186 0.0000000000
27538  -36.618  -29.690  54.073 0.0000000000
27542  -36.641  -30.094  53.396 0.0000000000
26390  -36.350  -31.998  52.512 0.0000000000
25805  -36.140  -33.286  53.114 0.0000000000
31271  -48.351  -23.090  46.767 0.0000000000
31275  -48.762  -23.106  45.996 0.0000000000
31797  -48.780  -22.513  46.622 0.0000000000
32340  -49.291  -21.239  46.700 0.0000000000
32900  -49.271  -20.406  47.193 0.0000000000
32891  -48.493  -20.316  48.457 0.0000000000
33481  -49.241  -19.425  47.644 0.0000000000
33482  -49.739  -19.120  47.209 0.0000000000
34639  -49.544  -17.569  47.526 0.0000000000
35233  -49.447  -16.749  47.335 0.0000000000
35827  -49.253  -15.742  47.358 0.0000000000
32309  -42.079  -21.508  54.129 0.0000000000
31765  -41.471  -22.440  54.048 0.0000000000
31766  -42.279  -22.386  53.563 0.0000000000
31246  -42.786  -23.422  52.773 0.0000000000
30751  -43.061  -24.067  52.383 0.0000000000
31775  -44.157  -22.518  51.885 0.0000000000
31249  -43.941  -23.462  52.011 0.0000000000
30219  -43.935  -24.843  51.729 0.0000000000
29685  -44.723  -25.815  50.779 0.0000000000
29141  -45.006  -27.284  50.211 0.0000000000
29145  -45.344  -27.319  49.507 0.0000000000
28602  -44.800  -28.428  47.770 0.0000000000
29150  -45.412  -27.450  48.383 0.0000000000
29698  -46.069  -25.742  48.353 0.0000000000
30763  -46.298  -24.103  49.521 0.0000000000
30766  -47.026  -24.237  48.852 0.0000000000
30233  -46.724  -25.044  47.967 0.0000000000
30238  -47.119  -24.693  47.242 0.0000000000
30775  -47.910  -23.658  47.140 0.0000000000
45020  -55.054  -0.205  40.532 0.0000000000
45711  -55.184  0.592  40.114 0.0000000000
46407  -55.729  1.678  39.408 0.0000000000
46408  -56.263  1.686  38.520 0.0000000000
46412  -56.812  1.587  37.890 0.0000000000
47127  -57.068  2.537  36.501 0.0000000000
29643  -28.786  -26.587  60.371 0.0000000000
28542  -28.649  -27.868  59.696 0.0000000000
29096  -29.732  -27.571  59.365 0.0000000000
28039  -29.609  -28.659  58.655 0.0000000000
28047  -30.443  -29.815  57.288 0.0000000000
28553  -31.883  -27.934  57.664 0.0000000000
28048  -31.052  -29.340  57.297 0.0000000000
27526  -30.759  -30.366  56.806 0.0000000000
26376  -31.575  -32.343  56.197 0.0000000000
25790  -31.982  -33.194  56.166 0.0000000000
25222  -32.740  -33.692  55.301 0.0000000000
31802  -49.702  -22.568  45.665 0.0000000000
31803  -50.311  -22.417  45.364 0.0000000000
33491  -50.886  -19.390  45.509 0.0000000000
38224  -52.998  -12.332  43.394 0.0000000000
38849  -52.791  -11.028  43.296 0.0000000000
31227  -36.025  -23.404  57.291 0.0000000000
30196  -35.759  -25.393  56.999 0.0000000000
30197  -36.315  -24.869  56.757 0.0000000000
29664  -37.275  -26.359  56.101 0.0000000000
29666  -37.683  -26.442  55.489 0.0000000000
30205  -38.097  -25.388  54.987 0.0000000000
29667  -38.040  -26.395  54.928 0.0000000000
28571  -37.922  -28.056  54.584 0.0000000000
28069  -38.450  -29.198  53.649 0.0000000000
27544  -38.940  -30.311  53.190 0.0000000000
27551  -39.827  -30.424  52.716 0.0000000000
30746  -41.138  -24.327  53.273 0.0000000000
30213  -41.394  -25.287  53.008 0.0000000000
29675  -41.010  -26.205  53.311 0.0000000000
29133  -42.672  -27.280  52.046 0.0000000000
29132  -41.960  -27.293  52.604 0.0000000000
29128  -41.140  -27.403  53.152 0.0000000000
28074  -40.389  -29.305  52.727 0.0000000000
27552  -40.959  -30.342  52.152 0.0000000000
28601  -44.285  -28.933  47.156 0.0000000000
34614  -45.748  -18.179  51.710 0.0000000000
34624  -46.369  -17.229  50.813 0.0000000000
29084  -25.269  -27.266  60.506 0.0000000000
29641  -28.886  -25.969  60.698 0.0000000000
30180  -29.238  -25.294  60.547 0.0000000000
30718  -30.273  -24.741  60.058 0.0000000000
30723  -33.107  -24.370  58.816 0.0000000000
31221  -34.246  -23.350  58.517 0.0000000000
31224  -34.843  -23.333  58.183 0.0000000000
31752  -35.713  -22.475  57.511 0.0000000000
31753  -36.408  -22.415  57.169 0.0000000000
31754  -37.025  -22.364  56.729 0.0000000000
31756  -37.554  -22.417  56.174 0.0000000000
32858  -37.642  -20.492  56.146 0.0000000000
32303  -38.368  -21.470  55.201 0.0000000000
32304  -39.133  -21.471  54.908 0.0000000000
32862  -39.555  -20.567  54.863 0.0000000000
32863  -40.318  -20.549  54.777 0.0000000000
32866  -41.084  -20.524  54.669 0.0000000000
33453  -42.109  -19.896  54.185 0.0000000000
33456  -42.571  -19.584  53.724 0.0000000000
34025  -45.573  -18.729  51.910 0.0000000000
35221  -46.545  -16.998  50.601 0.0000000000
35222  -46.992  -16.531  50.301 0.0000000000
35818  -47.708  -15.427  49.759 0.0000000000
37005  -47.366  -13.658  50.755 0.0000000000
36417  -47.625  -14.530  50.302 0.0000000000
35820  -48.236  -15.606  49.073 0.0000000000
36421  -48.326  -14.708  48.837 0.0000000000
36424  -48.644  -14.581  47.971 0.0000000000
37017  -49.079  -13.934  47.657 0.0000000000
38207  -47.694  -11.429  47.906 0.0000000000
37603  -48.708  -12.476  47.244 0.0000000000
37022  -50.002  -13.364  46.750 0.0000000000
37605  -50.241  -12.543  46.698 0.0000000000
38213  -50.582  -11.754  46.693 0.0000000000
38840  -51.456  -10.938  46.287 0.0000000000
40098  -49.868  -9.644  46.358 0.0000000000
39486  -51.125  -10.089  46.160 0.0000000000
38841  -52.083  -10.981  45.782 0.0000000000
39495  -52.782  -9.834  44.953 0.0000000000
40115  -53.199  -9.600  43.919 0.0000000000
40130  -52.575  -9.702  42.436 0.0000000000
41952  -50.133  -5.487  44.866 0.0000000000
41365  -49.324  -6.189  43.808 0.0000000000
42589  -50.853  -4.217  42.604 0.0000000000
41965  -49.425  -5.254  42.409 0.0000000000
40712  -47.877  -7.171  42.967 0.0000000000
40719  -49.830  -8.669  41.209 0.0000000000
40721  -51.716  -8.579  41.251 0.0000000000
40129  -52.412  -9.294  41.627 0.0000000000
40133  -52.806  -8.899  40.333 0.0000000000
40136  -53.579  -8.633  39.860 0.0000000000
40142  -54.592  -8.230  38.811 0.0000000000
41380  -54.124  -6.579  39.341 0.0000000000
41382  -54.519  -6.674  38.791 0.0000000000
40737  -54.811  -7.937  38.529 0.0000000000
44377  -55.021  -1.236  39.177 0.0000000000
43809  -55.238  -2.146  38.247 0.0000000000
43207  -55.408  -3.389  37.852 0.0000000000
44383  -56.275  -1.201  37.615 0.0000000000
43816  -56.380  -2.347  37.105 0.0000000000
43212  -55.959  -3.495  37.311 0.0000000000
26953  -24.172  -31.504  59.504 0.0000000000
28037  -28.214  -29.490  58.648 0.0000000000
26957  -27.727  -31.103  58.277 0.0000000000
26363  -27.060  -32.283  57.868 0.0000000000
25777  -29.188  -33.345  57.350 0.0000000000
25776  -28.264  -33.465  57.128 0.0000000000
25775  -27.249  -33.525  56.675 0.0000000000
25214  -26.054  -34.509  54.728 0.0000000000
29660  -35.374  -26.463  56.903 0.0000000000
29111  -34.895  -27.671  56.487 0.0000000000
28054  -34.055  -29.275  55.986 0.0000000000
27535  -35.462  -30.058  54.547 0.0000000000
27534  -35.024  -30.116  55.033 0.0000000000
26971  -34.496  -31.235  55.574 0.0000000000
26379  -33.816  -32.231  55.695 0.0000000000
25796  -33.810  -33.223  55.237 0.0000000000
24661  -32.660  -35.248  54.716 0.0000000000
25237  -36.959  -34.454  52.455 0.0000000000
25235  -36.220  -34.399  52.716 0.0000000000
24668  -34.966  -35.265  53.194 0.0000000000
24667  -34.324  -35.612  53.436 0.0000000000
24080  -33.220  -36.300  54.106 0.0000000000
24076  -32.366  -36.300  54.600 0.0000000000
34032  -46.905  -18.740  50.505 0.0000000000
34620  -46.542  -18.210  50.785 0.0000000000
38858  -52.363  -11.300  41.525 0.0000000000
38854  -52.666  -12.240  41.871 0.0000000000
88305  -52.006  -11.465  40.444 0.0000000000
39503  -52.429  -10.770  40.487 0.0000000000
30728  -34.520  -24.704  58.195 0.0000000000
30780  -48.705  -24.678  45.441 0.0000000000
35828  -50.149  -15.593  46.662 0.0000000000
36434  -50.569  -14.841  46.362 0.0000000000
32306  -40.669  -21.395  54.597 0.0000000000
31761  -40.300  -22.360  54.510 0.0000000000
31762  -40.949  -22.076  54.424 0.0000000000
28597  -44.708  -28.788  49.104 0.0000000000
28593  -44.644  -28.684  49.541 0.0000000000
30779  -48.148  -24.032  45.848 0.0000000000
30243  -47.886  -24.894  45.600 0.0000000000
43799  -53.951  -1.983  41.750 0.0000000000
44370  -54.885  -0.889  40.845 0.0000000000
29091  -27.420  -27.475  60.214 0.0000000000
28540  -27.123  -28.325  59.808 0.0000000000
28541  -27.970  -28.051  59.783 0.0000000000
24075  -31.352  -36.337  55.203 0.0000000000
26994  -39.173  -31.479  52.639 0.0000000000
26993  -38.549  -31.914  52.671 0.0000000000
26394  -38.827  -32.450  52.534 0.0000000000
32874  -44.028  -20.822  52.557 0.0000000000
31254  -45.503  -23.361  50.416 0.0000000000
31253  -44.957  -23.372  50.930 0.0000000000
31264  -48.066  -22.798  48.284 0.0000000000
30184  -31.175  -25.269  59.400 0.0000000000
29649  -31.429  -26.228  59.083 0.0000000000
28050  -32.508  -28.652  56.506 0.0000000000
27530  -32.850  -30.349  56.080 0.0000000000
27531  -33.765  -30.253  56.033 0.0000000000
37028  -52.627  -13.528  45.323 0.0000000000
38218  -52.375  -11.807  45.495 0.0000000000
29671  -40.123  -26.247  53.675 0.0000000000
29670  -39.152  -26.235  53.872 0.0000000000
29127  -40.325  -27.353  53.575 0.0000000000
27556  -41.931  -30.448  51.684 0.0000000000
27000  -42.375  -31.516  51.320 0.0000000000
29705  -45.637  -26.682  45.948 0.0000000000
38831  -48.833  -10.349  47.404 0.0000000000
39481  -49.164  -9.780  47.188 0.0000000000
40106  -49.281  -8.759  44.804 0.0000000000
40112  -50.091  -8.921  44.069 0.0000000000
40111  -48.975  -8.710  43.892 0.0000000000
43181  -51.441  -2.924  44.898 0.0000000000
43184  -51.773  -2.850  44.087 0.0000000000
41971  -52.253  -4.694  40.762 0.0000000000
41377  -51.292  -6.501  39.939 0.0000000000
41378  -52.403  -6.432  40.250 0.0000000000
42607  -55.214  -4.199  38.553 0.0000000000
41986  -55.300  -4.956  38.341 0.0000000000
45025  -55.865  -0.105  38.187 0.0000000000
45026  -56.279  0.146  37.789 0.0000000000
27506  -23.467  -29.335  60.759 0.0000000000
26362  -26.135  -32.376  57.887 0.0000000000
26361  -25.237  -32.620  58.099 0.0000000000
25773  -25.126  -33.281  56.572 0.0000000000
26366  -29.731  -32.206  57.843 0.0000000000
23491  -28.122  -37.426  56.309 0.0000000000
29117  -36.914  -27.804  55.592 0.0000000000
28060  -36.728  -28.759  55.083 0.0000000000
25801  -35.570  -32.939  53.695 0.0000000000
25800  -35.045  -33.421  54.213 0.0000000000
32876  -45.065  -20.254  51.994 0.0000000000
32882  -46.015  -20.833  51.016 0.0000000000
31779  -45.858  -22.064  50.570 0.0000000000
32325  -46.771  -21.406  50.194 0.0000000000
38230  -53.197  -13.044  41.717 0.0000000000
39511  -54.030  -9.573  39.695 0.0000000000
30188  -33.358  -25.262  58.442 0.0000000000
29655  -34.207  -25.966  57.612 0.0000000000
29654  -33.438  -26.234  57.812 0.0000000000
29107  -34.362  -27.365  56.947 0.0000000000
34048  -50.477  -17.945  46.891 0.0000000000
35829  -50.844  -16.070  46.423 0.0000000000
35237  -51.380  -16.590  46.009 0.0000000000
35238  -51.545  -15.957  45.964 0.0000000000
31239  -40.229  -23.711  53.952 0.0000000000
29684  -44.425  -26.434  50.895 0.0000000000
27562  -43.907  -30.404  50.464 0.0000000000
30241  -46.728  -25.471  45.966 0.0000000000
40702  -48.830  -7.141  47.169 0.0000000000
41357  -50.003  -5.906  45.444 0.0000000000
44362  -54.265  -1.125  43.108 0.0000000000
44361  -53.700  -1.444  43.626 0.0000000000
43794  -53.238  -2.253  42.972 0.0000000000
43190  -52.648  -2.537  43.365 0.0000000000
43195  -52.757  -3.098  41.915 0.0000000000
43199  -53.080  -3.369  41.346 0.0000000000
42596  -52.660  -4.134  41.160 0.0000000000
42601  -53.155  -4.159  40.794 0.0000000000
43201  -53.520  -3.399  40.673 0.0000000000
43806  -54.462  -2.479  40.181 0.0000000000
43202  -54.098  -3.408  40.183 0.0000000000
46421  -56.879  1.540  36.207 0.0000000000
45724  -56.616  0.624  36.771 0.0000000000
28538  -25.593  -28.195  60.058 0.0000000000
28036  -26.931  -29.195  59.049 0.0000000000
28035  -25.868  -29.463  59.093 0.0000000000
26955  -26.114  -30.940  58.670 0.0000000000
26956  -26.886  -30.899  58.158 0.0000000000
25207  -31.059  -33.432  56.729 0.0000000000
25219  -30.329  -34.438  56.414 0.0000000000
23496  -30.606  -37.143  55.565 0.0000000000
22947  -31.008  -38.301  55.622 0.0000000000
28068  -37.427  -29.537  53.801 0.0000000000
26391  -37.287  -32.069  52.378 0.0000000000
26986  -36.782  -30.761  52.418 0.0000000000
32336  -48.907  -21.248  47.410 0.0000000000
35824  -49.056  -16.244  47.630 0.0000000000
35826  -48.802  -15.282  47.694 0.0000000000
32310  -42.711  -21.451  53.682 0.0000000000
31771  -43.299  -22.450  52.795 0.0000000000
31767  -42.897  -22.111  53.338 0.0000000000
31247  -43.370  -23.410  52.357 0.0000000000
32317  -44.628  -21.250  51.809 0.0000000000
32316  -44.156  -21.507  52.125 0.0000000000
30755  -44.186  -24.280  51.662 0.0000000000
30222  -44.327  -25.286  51.271 0.0000000000
29689  -45.171  -26.314  50.256 0.0000000000
29694  -45.939  -25.632  48.927 0.0000000000
30767  -47.486  -23.782  48.729 0.0000000000
30769  -47.149  -24.517  48.203 0.0000000000
30234  -47.166  -24.604  47.875 0.0000000000
47118  -56.974  2.508  38.299 0.0000000000
47122  -57.077  2.533  37.420 0.0000000000
29644  -29.451  -26.257  60.191 0.0000000000
29093  -29.178  -27.279  59.917 0.0000000000
29094  -29.840  -26.964  59.757 0.0000000000
28549  -30.620  -27.865  58.565 0.0000000000
28548  -30.012  -28.177  58.739 0.0000000000
28044  -30.043  -29.323  58.053 0.0000000000
28045  -30.690  -28.837  57.895 0.0000000000
29102  -32.244  -27.166  58.067 0.0000000000
28049  -31.961  -29.218  56.443 0.0000000000
28556  -31.621  -28.587  57.245 0.0000000000
26965  -31.209  -31.275  56.049 0.0000000000
26377  -32.228  -32.355  56.035 0.0000000000
25791  -32.665  -33.162  55.787 0.0000000000
31276  -49.313  -22.921  45.712 0.0000000000
32344  -50.168  -21.357  45.519 0.0000000000
34052  -50.757  -18.420  46.379 0.0000000000
33492  -51.733  -19.448  44.833 0.0000000000
37032  -53.483  -13.554  44.192 0.0000000000
38221  -53.100  -11.989  44.187 0.0000000000
38848  -52.937  -11.201  43.820 0.0000000000
39497  -53.049  -10.531  43.602 0.0000000000
30733  -36.148  -24.240  57.061 0.0000000000
30734  -36.669  -24.385  56.593 0.0000000000
30740  -38.586  -24.351  54.648 0.0000000000
30738  -38.040  -24.392  55.342 0.0000000000
29122  -38.269  -27.169  54.426 0.0000000000
28065  -38.218  -28.536  54.070 0.0000000000
28572  -38.734  -28.065  53.966 0.0000000000
28070  -39.505  -29.255  53.189 0.0000000000
27545  -39.596  -29.966  53.087 0.0000000000
31241  -41.728  -23.403  53.382 0.0000000000
30214  -42.093  -25.366  52.653 0.0000000000
29131  -41.572  -27.908  52.692 0.0000000000
28581  -41.170  -28.449  52.730 0.0000000000
28075  -41.348  -29.300  52.319 0.0000000000
27555  -41.314  -30.855  51.773 0.0000000000
26995  -40.211  -31.404  52.135 0.0000000000
26998  -40.744  -31.764  51.708 0.0000000000
29083  -24.254  -27.195  60.480 0.0000000000
31219  -32.790  -23.464  59.048 0.0000000000
32300  -37.322  -21.432  56.422 0.0000000000
33445  -38.000  -19.555  55.954 0.0000000000
32301  -37.781  -21.458  55.774 0.0000000000
32861  -38.793  -20.540  55.060 0.0000000000
33451  -40.649  -19.639  54.859 0.0000000000
33452  -41.477  -19.529  54.554 0.0000000000
32867  -41.797  -20.585  54.377 0.0000000000
34019  -42.944  -18.637  53.430 0.0000000000
33457  -43.397  -19.684  53.298 0.0000000000
35216  -46.269  -16.559  51.051 0.0000000000
35223  -47.435  -15.965  49.951 0.0000000000
37008  -47.962  -13.554  49.957 0.0000000000
36418  -48.070  -14.652  49.596 0.0000000000
37598  -48.125  -12.989  48.386 0.0000000000
36425  -48.940  -14.162  47.779 0.0000000000
39478  -47.934  -9.564  48.043 0.0000000000
38208  -48.249  -11.600  47.327 0.0000000000
37021  -49.283  -13.455  47.326 0.0000000000
37604  -49.472  -12.528  46.926 0.0000000000
38835  -50.206  -10.830  46.637 0.0000000000
38836  -50.903  -11.153  46.589 0.0000000000
38214  -51.329  -11.791  46.544 0.0000000000
40103  -51.175  -9.735  45.781 0.0000000000
39487  -51.696  -10.400  45.878 0.0000000000
39490  -51.567  -9.948  45.707 0.0000000000
39491  -52.175  -10.189  45.356 0.0000000000
40109  -52.286  -9.690  45.006 0.0000000000
40119  -50.881  -8.605  43.259 0.0000000000
40114  -52.522  -9.347  44.345 0.0000000000
40121  -52.838  -9.557  43.097 0.0000000000
42582  -50.747  -4.477  44.880 0.0000000000
41953  -50.511  -5.172  45.371 0.0000000000
41956  -50.352  -5.015  44.576 0.0000000000
41361  -49.700  -6.013  44.467 0.0000000000
41959  -49.732  -5.427  43.521 0.0000000000
43193  -51.599  -3.614  42.735 0.0000000000
43188  -51.305  -3.617  43.480 0.0000000000
41969  -49.234  -5.237  41.302 0.0000000000
42593  -50.141  -4.873  41.919 0.0000000000
41963  -47.701  -5.813  41.397 0.0000000000
41369  -47.861  -6.131  42.517 0.0000000000
40723  -47.504  -7.231  41.605 0.0000000000
40125  -48.779  -8.361  42.206 0.0000000000
40724  -48.080  -7.731  40.850 0.0000000000
40727  -51.368  -8.268  40.434 0.0000000000
40720  -50.898  -8.554  41.277 0.0000000000
40137  -54.373  -8.694  39.219 0.0000000000
41988  -54.712  -6.025  38.636 0.0000000000
40741  -54.738  -7.267  38.546 0.0000000000
44374  -54.923  -0.986  40.132 0.0000000000
43815  -55.847  -1.849  37.717 0.0000000000
45034  -56.663  -0.411  36.529 0.0000000000
44384  -56.595  -1.269  36.988 0.0000000000
43811  -55.954  -2.880  37.293 0.0000000000
26948  -24.865  -30.453  59.704 0.0000000000
26947  -24.449  -30.705  59.978 0.0000000000
26360  -24.193  -32.745  57.821 0.0000000000
26352  -23.710  -32.164  58.760 0.0000000000
25783  -22.388  -33.732  56.000 0.0000000000
25213  -24.857  -34.437  54.950 0.0000000000
24647  -24.396  -35.154  55.712 0.0000000000
24642  -24.971  -35.795  56.312 0.0000000000
28546  -28.525  -28.590  59.272 0.0000000000
26959  -28.539  -31.317  58.302 0.0000000000
27520  -28.235  -30.446  58.253 0.0000000000
26356  -27.265  -31.611  58.092 0.0000000000
25767  -29.397  -32.882  58.005 0.0000000000
25203  -27.988  -34.107  56.403 0.0000000000
25787  -26.606  -33.870  55.666 0.0000000000
25215  -27.114  -34.612  55.077 0.0000000000
22945  -29.673  -38.358  56.117 0.0000000000
22406  -29.264  -39.248  56.145 0.0000000000
30195  -35.198  -25.943  57.273 0.0000000000
29662  -35.931  -26.498  56.544 0.0000000000
28564  -35.971  -28.295  55.917 0.0000000000
28563  -35.241  -28.293  56.086 0.0000000000
28562  -34.423  -28.317  56.288 0.0000000000
28055  -34.984  -29.161  55.490 0.0000000000
28062  -36.459  -29.529  54.409 0.0000000000
27537  -36.052  -29.997  54.052 0.0000000000
26976  -35.392  -31.119  54.840 0.0000000000
26972  -34.892  -30.656  55.284 0.0000000000
27532  -34.489  -30.116  55.506 0.0000000000
26382  -34.633  -32.342  55.039 0.0000000000
25228  -33.927  -33.817  54.835 0.0000000000
25227  -33.187  -34.280  54.932 0.0000000000
25230  -33.493  -34.739  54.249 0.0000000000
24671  -36.546  -35.300  52.619 0.0000000000
24084  -35.412  -36.145  53.051 0.0000000000
24669  -35.766  -35.273  52.832 0.0000000000
23502  -33.689  -37.169  53.644 0.0000000000
24079  -32.784  -36.832  54.271 0.0000000000
33463  -45.873  -19.559  51.569 0.0000000000
32883  -46.475  -20.499  50.694 0.0000000000
38229  -52.822  -12.590  42.633 0.0000000000
38237  -54.432  -11.995  39.963 0.0000000000
37640  -52.228  -11.499  39.110 0.0000000000
39509  -53.131  -10.243  39.614 0.0000000000
29659  -34.730  -26.424  57.273 0.0000000000
37023  -50.655  -13.377  46.518 0.0000000000
31237  -40.406  -23.116  54.198 0.0000000000
31240  -40.880  -23.427  53.795 0.0000000000
28591  -44.738  -27.732  50.260 0.0000000000
27567  -44.187  -30.261  48.467 0.0000000000
29709  -48.260  -25.395  45.497 0.0000000000
44365  -54.045  -1.786  43.017 0.0000000000
43795  -53.830  -2.040  42.458 0.0000000000
44376  -54.819  -1.749  39.886 0.0000000000
28539  -26.360  -28.240  59.981 0.0000000000
25220  -31.261  -33.974  56.191 0.0000000000
24072  -30.941  -35.800  55.475 0.0000000000
24074  -30.886  -36.801  55.415 0.0000000000
25807  -37.541  -32.851  52.695 0.0000000000
32335  -48.517  -21.598  47.853 0.0000000000
32332  -48.661  -20.968  48.031 0.0000000000
34636  -48.986  -17.575  48.089 0.0000000000
32871  -43.051  -20.566  53.534 0.0000000000
31772  -43.787  -22.146  52.343 0.0000000000
31777  -44.697  -22.505  51.333 0.0000000000
31259  -47.357  -22.904  49.345 0.0000000000
31267  -47.921  -23.331  48.114 0.0000000000
29648  -30.798  -26.585  59.240 0.0000000000
27529  -32.130  -30.245  56.125 0.0000000000
26966  -31.738  -30.704  55.966 0.0000000000
36439  -52.510  -14.422  45.456 0.0000000000
38220  -52.719  -11.856  44.823 0.0000000000
31231  -37.095  -23.825  56.411 0.0000000000
30737  -37.732  -24.610  55.798 0.0000000000
30207  -38.678  -25.354  54.153 0.0000000000
28573  -39.205  -27.602  53.799 0.0000000000
28071  -40.017  -28.730  53.142 0.0000000000
31245  -42.251  -23.773  52.999 0.0000000000
28587  -42.806  -28.402  51.758 0.0000000000
28586  -42.370  -28.968  51.923 0.0000000000
28078  -41.987  -29.442  51.986 0.0000000000
29697  -45.748  -26.601  47.815 0.0000000000
32855  -36.425  -20.426  57.114 0.0000000000
33446  -38.527  -19.599  55.356 0.0000000000
33455  -42.010  -19.178  54.145 0.0000000000
35217  -46.574  -16.017  51.002 0.0000000000
36412  -46.195  -14.497  51.559 0.0000000000
36413  -47.108  -14.518  51.044 0.0000000000
40092  -48.359  -8.581  47.543 0.0000000000
43180  -50.992  -3.761  45.403 0.0000000000
42585  -50.516  -4.565  43.779 0.0000000000
42595  -51.939  -4.165  41.420 0.0000000000
42594  -50.881  -4.470  41.396 0.0000000000
42600  -50.510  -5.059  40.588 0.0000000000
41375  -49.137  -6.223  39.543 0.0000000000
41373  -49.275  -7.636  39.005 0.0000000000
41376  -49.950  -6.668  39.373 0.0000000000
41981  -54.568  -4.707  39.456 0.0000000000
41985  -54.856  -5.152  38.966 0.0000000000
45024  -55.320  -0.184  38.858 0.0000000000
44380  -56.006  -0.835  38.017 0.0000000000
44389  -57.098  -1.441  36.147 0.0000000000
44385  -56.829  -1.565  36.678 0.0000000000
27510  -22.776  -30.380  60.577 0.0000000000
25772  -24.084  -33.154  56.897 0.0000000000
25784  -23.319  -33.718  55.835 0.0000000000
25785  -24.436  -33.765  55.783 0.0000000000
28043  -29.071  -29.816  58.260 0.0000000000
28042  -28.594  -30.057  58.236 0.0000000000
26365  -28.977  -32.178  58.246 0.0000000000
25218  -29.443  -34.658  56.513 0.0000000000
25204  -28.888  -33.904  56.588 0.0000000000
24658  -27.440  -35.097  55.369 0.0000000000
23490  -27.138  -37.449  56.491 0.0000000000
22943  -27.677  -38.399  56.192 0.0000000000
22405  -28.304  -39.297  55.998 0.0000000000
29663  -36.619  -26.420  56.356 0.0000000000
29113  -36.502  -27.371  56.083 0.0000000000
26981  -36.075  -31.059  53.981 0.0000000000
26383  -35.110  -31.845  54.841 0.0000000000
26385  -34.830  -32.802  54.518 0.0000000000
23505  -35.126  -37.130  53.115 0.0000000000
32329  -47.881  -21.338  49.190 0.0000000000
35227  -47.837  -16.558  49.408 0.0000000000
32320  -45.043  -21.544  51.408 0.0000000000
32879  -45.512  -20.527  51.484 0.0000000000
31784  -47.080  -22.269  49.759 0.0000000000
29653  -32.712  -26.516  58.068 0.0000000000
29103  -32.865  -27.146  57.534 0.0000000000
28561  -33.633  -28.530  56.332 0.0000000000
34051  -50.462  -18.910  46.612 0.0000000000
30741  -39.186  -23.981  54.286 0.0000000000
30218  -43.558  -25.436  51.768 0.0000000000
28588  -43.704  -28.367  51.170 0.0000000000
27001  -43.121  -31.549  50.892 0.0000000000
27561  -43.514  -31.021  50.793 0.0000000000
27008  -43.615  -31.740  49.440 0.0000000000
29706  -46.193  -26.176  45.766 0.0000000000
29713  -47.119  -26.590  45.162 0.0000000000
40705  -49.181  -7.953  46.066 0.0000000000
43789  -52.419  -2.418  44.219 0.0000000000
43185  -52.385  -2.594  43.782 0.0000000000
43194  -52.244  -3.381  42.295 0.0000000000
43797  -52.786  -2.756  42.400 0.0000000000
42603  -54.351  -4.200  39.766 0.0000000000
45720  -56.511  0.762  37.480 0.0000000000
28026  -24.454  -28.539  60.221 0.0000000000
27514  -25.109  -30.081  59.494 0.0000000000
28030  -26.063  -28.768  59.544 0.0000000000
28034  -25.369  -29.700  59.278 0.0000000000
26372  -30.386  -32.220  57.300 0.0000000000
22946  -30.452  -38.318  55.919 0.0000000000
28570  -37.491  -28.570  54.570 0.0000000000
28063  -36.998  -29.137  54.483 0.0000000000
28067  -36.937  -29.640  53.935 0.0000000000
26984  -35.484  -29.885  52.599 0.0000000000
26985  -36.551  -30.503  52.881 0.0000000000
31794  -48.975  -21.897  46.853 0.0000000000
33485  -49.579  -19.769  47.009 0.0000000000
33477  -48.691  -19.425  48.324 0.0000000000
36429  -49.257  -14.613  47.335 0.0000000000
31770  -42.730  -22.705  53.144 0.0000000000
30754  -43.606  -24.329  52.058 0.0000000000
30221  -44.003  -25.919  51.343 0.0000000000
29688  -44.798  -26.847  50.489 0.0000000000
28598  -44.969  -28.327  48.949 0.0000000000
30774  -47.546  -24.281  46.729 0.0000000000
46406  -55.339  1.138  39.802 0.0000000000
45714  -55.253  0.665  39.376 0.0000000000
47130  -57.054  2.499  35.550 0.0000000000
28547  -29.294  -28.199  59.242 0.0000000000
27525  -30.102  -30.410  57.277 0.0000000000
29099  -31.769  -26.908  58.620 0.0000000000
29101  -31.649  -27.514  58.242 0.0000000000
28552  -31.167  -28.248  58.019 0.0000000000
26964  -30.496  -31.322  56.869 0.0000000000
26373  -30.920  -32.243  56.618 0.0000000000
26968  -31.787  -31.864  55.813 0.0000000000
25221  -31.955  -33.820  55.008 0.0000000000
25226  -32.429  -34.630  54.927 0.0000000000
31799  -49.823  -21.962  45.747 0.0000000000
33490  -50.422  -19.785  45.878 0.0000000000
35837  -52.992  -15.321  45.034 0.0000000000
37617  -53.119  -12.968  43.848 0.0000000000
38228  -52.966  -12.022  42.984 0.0000000000
39501  -52.815  -10.474  42.838 0.0000000000
30730  -35.628  -24.262  57.412 0.0000000000
30192  -35.373  -24.823  57.541 0.0000000000
30200  -36.758  -25.451  56.438 0.0000000000
29118  -37.246  -27.247  55.597 0.0000000000
28568  -37.576  -27.694  55.100 0.0000000000
30202  -37.864  -24.969  55.505 0.0000000000
30204  -37.955  -25.944  55.372 0.0000000000
29119  -37.818  -27.179  55.045 0.0000000000
28576  -39.080  -28.649  53.533 0.0000000000
27550  -39.252  -30.814  52.860 0.0000000000
30210  -40.743  -25.180  53.308 0.0000000000
29672  -40.499  -25.713  53.452 0.0000000000
29679  -42.369  -26.340  52.363 0.0000000000
29129  -41.472  -26.781  53.010 0.0000000000
34619  -46.055  -17.657  51.261 0.0000000000
35215  -45.696  -16.544  51.572 0.0000000000
35811  -45.867  -16.031  51.475 0.0000000000
29637  -25.542  -26.341  61.044 0.0000000000
29085  -26.139  -27.060  60.738 0.0000000000
29086  -26.922  -26.904  60.680 0.0000000000
29087  -27.595  -26.771  60.550 0.0000000000
29640  -28.153  -26.207  60.761 0.0000000000
30182  -29.925  -25.392  60.144 0.0000000000
30183  -30.566  -25.341  59.793 0.0000000000
30720  -31.530  -24.393  59.212 0.0000000000
30722  -32.307  -24.379  58.959 0.0000000000
31750  -35.161  -22.482  57.965 0.0000000000
31225  -35.372  -23.391  57.727 0.0000000000
34020  -43.892  -18.738  53.135 0.0000000000
34023  -44.476  -19.101  52.706 0.0000000000
35226  -47.499  -17.117  49.673 0.0000000000
37004  -46.575  -13.544  51.282 0.0000000000
36428  -48.914  -15.057  47.521 0.0000000000
38204  -47.173  -11.420  48.474 0.0000000000
37600  -47.414  -12.018  48.132 0.0000000000
37601  -48.026  -12.485  47.842 0.0000000000
37020  -48.655  -12.972  47.597 0.0000000000
37606  -51.003  -12.599  46.566 0.0000000000
38217  -51.996  -11.774  46.178 0.0000000000
39485  -50.377  -10.059  46.430 0.0000000000
39492  -52.753  -10.413  44.912 0.0000000000
39496  -53.151  -10.201  44.313 0.0000000000
39500  -53.269  -10.021  43.560 0.0000000000
40122  -52.770  -9.923  42.624 0.0000000000
41360  -49.076  -6.811  44.116 0.0000000000
42588  -50.130  -4.829  42.942 0.0000000000
41364  -48.542  -6.325  43.168 0.0000000000
40713  -48.504  -7.637  43.498 0.0000000000
40117  -48.856  -8.427  42.893 0.0000000000
40127  -50.396  -8.581  42.243 0.0000000000
40726  -50.419  -8.418  40.219 0.0000000000
40128  -51.455  -8.628  42.199 0.0000000000
39507  -52.669  -9.909  40.204 0.0000000000
39510  -53.292  -9.562  39.876 0.0000000000
40736  -54.387  -7.572  38.939 0.0000000000
43817  -56.711  -1.808  36.870 0.0000000000
43810  -55.731  -2.606  37.552 0.0000000000
43208  -55.728  -3.098  37.440 0.0000000000
43211  -55.644  -3.860  37.613 0.0000000000
27511  -23.865  -29.989  60.598 0.0000000000
26946  -23.521  -30.989  60.174 0.0000000000
26952  -23.137  -31.717  59.527 0.0000000000
24640  -23.111  -35.503  56.795 0.0000000000
24646  -23.357  -35.169  55.868 0.0000000000
27517  -27.402  -30.121  58.221 0.0000000000
25764  -26.644  -33.047  57.475 0.0000000000
25766  -28.591  -32.988  57.992 0.0000000000
25765  -27.601  -33.079  57.784 0.0000000000
25774  -26.165  -33.315  56.517 0.0000000000
24649  -26.529  -35.410  55.610 0.0000000000
24643  -25.809  -35.767  56.197 0.0000000000
29108  -34.997  -27.087  56.846 0.0000000000
28059  -36.049  -29.215  55.063 0.0000000000
28058  -35.352  -29.604  54.983 0.0000000000
26977  -35.793  -30.582  54.374 0.0000000000
25792  -33.304  -32.875  55.668 0.0000000000
25811  -38.240  -33.329  52.483 0.0000000000
25810  -37.327  -33.599  52.480 0.0000000000
25809  -36.634  -33.711  52.557 0.0000000000
25234  -35.572  -34.381  53.180 0.0000000000
24665  -34.370  -34.912  53.568 0.0000000000
24664  -33.714  -35.304  53.785 0.0000000000
24663  -33.162  -35.269  54.336 0.0000000000
24077  -32.859  -35.786  54.449 0.0000000000
23494  -30.652  -37.725  55.666 0.0000000000
24645  -22.586  -35.216  56.012 0.0000000000
24650  -27.325  -35.472  55.820 0.0000000000
24657  -27.122  -35.185  55.285 0.0000000000
25224  -27.348  -34.954  55.060 0.0000000000
25225  -27.403  -34.842  55.292 0.0000000000
25761  -24.367  -33.003  57.413 0.0000000000
25795  -33.145  -33.440  55.378 0.0000000000
26371  -23.957  -32.960  57.385 0.0000000000
26990  -35.385  -29.890  52.397 0.0000000000
26991  -35.755  -30.033  52.688 0.0000000000
26992  -36.247  -30.328  52.696 0.0000000000
27512  -24.715  -30.017  60.081 0.0000000000
27540  -35.415  -29.780  52.819 0.0000000000
27547  -35.291  -29.873  52.557 0.0000000000
27548  -35.566  -29.887  52.587 0.0000000000
27549  -36.044  -30.188  52.656 0.0000000000
28088  -44.714  -28.827  48.870 0.0000000000
37635  -53.080  -11.361  39.603 0.0000000000
37639  -52.122  -11.317  38.987 0.0000000000
37645  -51.939  -11.550  38.820 0.0000000000
37646  -52.156  -11.556  38.932 0.0000000000
38248  -52.550  -11.918  39.112 0.0000000000
38253  -52.141  -11.436  38.907 0.0000000000
38254  -52.378  -11.649  39.052 0.0000000000
38255  -52.794  -11.888  39.178 0.0000000000
38852  -52.911  -11.601  43.259 0.0000000000
38857  -52.172  -11.149  40.836 0.0000000000
38862  -51.892  -10.818  39.106 0.0000000000
38865  -54.564  -11.406  39.765 0.0000000000
38869  -52.683  -10.612  39.617 0.0000000000
38877  -52.435  -10.927  39.362 0.0000000000
38878  -52.807  -10.899  39.487 0.0000000000
38884  -52.213  -11.114  38.969 0.0000000000
38885  -52.181  -11.316  38.984 0.0000000000
38886  -52.720  -11.624  39.312 0.0000000000
39506  -52.702  -10.340  39.818 0.0000000000
40126  -49.392  -8.588  42.203 0.0000000000
40716  -47.427  -7.125  42.382 0.0000000000
40717  -48.141  -7.859  42.250 0.0000000000
40718  -48.743  -8.545  41.433 0.0000000000
40725  -49.035  -8.525  39.910 0.0000000000
40730  -50.101  -8.008  39.205 0.0000000000
41363  -47.719  -6.598  42.650 0.0000000000
41368  -47.341  -6.300  41.870 0.0000000000
41371  -47.625  -6.685  40.814 0.0000000000
41955  -50.078  -5.423  44.312 0.0000000000
41958  -49.004  -5.657  42.779 0.0000000000
41964  -48.244  -5.533  42.083 0.0000000000
41967  -47.514  -6.066  41.091 0.0000000000
41968  -48.220  -5.798  40.621 0.0000000000
41975  -48.784  -6.060  39.835 0.0000000000
41976  -49.528  -5.523  40.097 0.0000000000
42584  -50.146  -4.922  43.420 0.0000000000
44382  -55.894  -1.313  37.971 0.0000000000
88304  -52.963  -11.626  39.368 0.0000000000
