#!ascii label  , from subject TEMPLATE vox2ras=TkReg
673
37473  -16.553  -12.525  67.763 0.0000000000
46308  -34.983  1.634  60.027 0.0000000000
49244  -39.113  5.548  56.998 0.0000000000
44918  -29.082  -0.500  61.398 0.0000000000
53811  -47.982  11.361  50.115 0.0000000000
51514  -44.260  8.410  54.027 0.0000000000
48482  -33.475  4.163  61.511 0.0000000000
45623  -31.930  0.496  60.178 0.0000000000
57256  -47.084  16.239  49.058 0.0000000000
58593  -47.673  18.224  45.597 0.0000000000
58606  -47.671  19.165  42.341 0.0000000000
52270  -39.592  9.579  55.984 0.0000000000
50741  -41.838  7.401  55.495 0.0000000000
53788  -41.352  11.573  54.645 0.0000000000
54491  -43.550  12.890  52.562 0.0000000000
41858  -24.539  -5.525  60.387 0.0000000000
35091  -11.913  -15.948  70.025 0.0000000000
47757  -37.623  3.675  58.780 0.0000000000
51489  -37.445  8.243  57.639 0.0000000000
41861  -27.473  -5.773  59.966 0.0000000000
43114  -30.614  -3.628  60.249 0.0000000000
57285  -52.199  16.355  41.198 0.0000000000
59941  -51.111  20.806  39.654 0.0000000000
53061  -46.258  10.324  52.742 0.0000000000
56576  -45.989  15.175  51.444 0.0000000000
38093  -19.820  -11.231  67.183 0.0000000000
32246  -6.678  -21.766  64.759 0.0000000000
57917  -47.017  17.266  47.537 0.0000000000
53041  -40.522  10.587  55.329 0.0000000000
40628  -23.670  -7.512  62.215 0.0000000000
36311  -14.579  -14.408  69.497 0.0000000000
46333  -36.779  1.182  57.648 0.0000000000
47029  -36.643  2.659  59.211 0.0000000000
43705  -28.085  -2.431  61.037 0.0000000000
42493  -28.990  -4.580  60.133 0.0000000000
44278  -30.246  -1.356  61.054 0.0000000000
46306  -33.311  1.829  59.971 0.0000000000
44292  -32.320  -0.583  58.511 0.0000000000
45635  -34.307  0.459  58.393 0.0000000000
44916  -27.434  -0.463  61.465 0.0000000000
43704  -26.898  -2.244  61.376 0.0000000000
55914  -49.087  14.010  45.624 0.0000000000
57277  -51.112  16.209  43.031 0.0000000000
88720  -48.799  20.129  40.212 0.0000000000
51510  -43.167  8.274  55.156 0.0000000000
52281  -44.686  8.972  52.725 0.0000000000
55894  -44.808  14.317  51.659 0.0000000000
40619  -21.560  -7.896  63.679 0.0000000000
40602  -21.750  -7.986  66.491 0.0000000000
39995  -20.679  -8.356  67.800 0.0000000000
38717  -21.571  -10.877  66.513 0.0000000000
32794  -9.039  -20.503  66.383 0.0000000000
47022  -34.611  2.588  60.450 0.0000000000
47752  -35.815  3.530  60.183 0.0000000000
49232  -34.586  5.416  61.081 0.0000000000
46293  -30.204  1.559  61.923 0.0000000000
44920  -30.516  -0.266  61.209 0.0000000000
47012  -31.357  2.482  62.007 0.0000000000
47016  -32.519  2.594  61.342 0.0000000000
55900  -46.979  14.423  49.642 0.0000000000
55906  -46.880  14.426  48.218 0.0000000000
56593  -46.643  15.082  45.428 0.0000000000
57272  -48.148  16.161  43.719 0.0000000000
57936  -49.452  17.007  43.405 0.0000000000
58600  -48.453  18.643  44.163 0.0000000000
51496  -39.086  7.535  56.497 0.0000000000
50002  -40.589  6.344  56.167 0.0000000000
51504  -40.560  8.288  56.087 0.0000000000
52275  -41.898  9.279  55.314 0.0000000000
53049  -43.091  10.285  54.163 0.0000000000
53056  -43.654  10.638  53.539 0.0000000000
54489  -42.496  11.971  53.243 0.0000000000
41259  -22.747  -5.927  60.582 0.0000000000
40626  -21.885  -7.741  62.647 0.0000000000
58631  -52.520  18.852  37.144 0.0000000000
34501  -9.402  -16.640  68.025 0.0000000000
46335  -37.881  1.990  57.278 0.0000000000
48496  -38.698  4.136  57.701 0.0000000000
48489  -36.675  4.554  59.535 0.0000000000
49240  -37.637  5.420  58.804 0.0000000000
50729  -38.160  6.773  56.958 0.0000000000
52268  -38.314  9.442  56.809 0.0000000000
44282  -31.385  -1.429  60.003 0.0000000000
43702  -25.005  -3.037  61.330 0.0000000000
42490  -26.008  -4.566  60.381 0.0000000000
57942  -49.779  17.607  41.963 0.0000000000
58616  -51.288  18.519  40.383 0.0000000000
58619  -52.286  18.611  39.090 0.0000000000
59952  -52.144  20.879  37.944 0.0000000000
36321  -17.117  -14.404  66.588 0.0000000000
35107  -14.809  -15.625  67.229 0.0000000000
53069  -46.779  10.910  51.223 0.0000000000
53803  -44.656  11.826  52.532 0.0000000000
54496  -45.578  12.242  51.684 0.0000000000
55204  -46.215  13.507  50.594 0.0000000000
57253  -46.700  16.108  50.547 0.0000000000
37481  -18.261  -12.329  67.225 0.0000000000
34511  -12.213  -17.232  67.463 0.0000000000
34524  -9.810  -17.498  65.856 0.0000000000
33372  -7.247  -18.999  65.982 0.0000000000
36902  -15.542  -13.649  68.624 0.0000000000
45636  -35.640  0.523  58.388 0.0000000000
46325  -35.988  1.078  58.327 0.0000000000
47028  -36.047  2.310  59.457 0.0000000000
44276  -28.631  -1.479  61.211 0.0000000000
43706  -29.114  -2.487  60.874 0.0000000000
44277  -29.529  -1.502  61.201 0.0000000000
46307  -34.157  1.782  59.890 0.0000000000
46323  -33.965  0.997  58.266 0.0000000000
46316  -34.548  1.146  59.065 0.0000000000
44937  -35.076  -0.233  58.648 0.0000000000
46298  -28.954  0.894  61.581 0.0000000000
45605  -27.870  0.928  61.856 0.0000000000
44917  -28.176  -0.559  61.298 0.0000000000
44275  -27.689  -1.370  61.269 0.0000000000
56604  -50.461  15.881  43.767 0.0000000000
48499  -39.064  4.206  57.242 0.0000000000
48500  -39.633  4.253  56.763 0.0000000000
51511  -43.758  8.373  54.632 0.0000000000
50747  -43.960  6.979  54.415 0.0000000000
52280  -44.533  9.360  53.483 0.0000000000
40003  -22.207  -8.691  65.148 0.0000000000
41234  -21.634  -7.383  65.051 0.0000000000
40000  -22.010  -8.704  66.045 0.0000000000
39377  -22.017  -9.429  66.487 0.0000000000
38718  -22.121  -10.434  66.355 0.0000000000
47747  -33.777  3.517  61.250 0.0000000000
48484  -34.890  4.498  60.738 0.0000000000
48483  -34.125  4.491  61.300 0.0000000000
47011  -30.536  2.505  62.324 0.0000000000
46294  -30.917  1.536  61.786 0.0000000000
48479  -32.874  4.504  61.800 0.0000000000
47744  -32.337  3.572  61.848 0.0000000000
47746  -33.043  3.505  61.429 0.0000000000
47017  -33.382  2.598  60.973 0.0000000000
56582  -47.170  15.345  49.427 0.0000000000
55903  -47.209  14.478  48.966 0.0000000000
56585  -46.965  15.378  48.623 0.0000000000
57920  -47.432  17.355  46.288 0.0000000000
57261  -46.984  16.300  47.019 0.0000000000
57924  -47.221  16.897  45.136 0.0000000000
57271  -47.123  16.376  43.874 0.0000000000
57930  -47.554  17.097  44.244 0.0000000000
57931  -48.598  17.457  44.084 0.0000000000
58598  -48.280  18.447  44.653 0.0000000000
51503  -39.561  8.212  56.364 0.0000000000
52271  -40.182  8.921  56.184 0.0000000000
53787  -40.896  11.254  55.110 0.0000000000
53042  -41.335  10.368  54.744 0.0000000000
53043  -42.458  9.818  54.647 0.0000000000
53048  -42.056  10.636  53.933 0.0000000000
53054  -42.359  11.072  53.617 0.0000000000
53792  -42.094  11.504  53.724 0.0000000000
42499  -23.867  -4.403  60.441 0.0000000000
88316  -22.634  -4.294  60.328 0.0000000000
41857  -23.629  -5.471  60.314 0.0000000000
40627  -22.612  -7.517  62.073 0.0000000000
59299  -52.284  19.705  36.507 0.0000000000
59301  -52.404  19.632  35.490 0.0000000000
35095  -10.430  -16.514  68.954 0.0000000000
46327  -37.227  2.233  57.862 0.0000000000
47037  -38.068  2.740  57.963 0.0000000000
47762  -38.431  3.497  57.999 0.0000000000
47758  -38.071  3.894  58.426 0.0000000000
49235  -35.747  5.525  60.216 0.0000000000
48488  -36.032  4.536  60.122 0.0000000000
49236  -36.353  5.472  59.709 0.0000000000
51483  -37.123  7.702  58.456 0.0000000000
49990  -37.467  6.343  59.019 0.0000000000
50723  -37.271  7.044  58.288 0.0000000000
49993  -38.240  6.102  57.681 0.0000000000
50728  -37.677  6.906  57.615 0.0000000000
51495  -38.387  7.850  56.605 0.0000000000
43108  -29.678  -3.544  60.305 0.0000000000
45617  -31.246  0.532  61.102 0.0000000000
44923  -31.173  -0.513  60.599 0.0000000000
45622  -31.425  0.013  60.436 0.0000000000
44285  -32.152  -1.287  59.091 0.0000000000
44269  -25.365  -1.397  62.236 0.0000000000
43106  -27.545  -3.519  60.911 0.0000000000
43105  -26.494  -3.504  60.825 0.0000000000
42491  -27.011  -4.659  60.573 0.0000000000
41860  -26.403  -5.659  59.966 0.0000000000
57938  -48.967  18.399  42.742 0.0000000000
57939  -49.719  17.334  42.945 0.0000000000
57941  -48.759  18.350  42.122 0.0000000000
59938  -49.736  20.417  40.132 0.0000000000
58615  -50.321  18.792  40.576 0.0000000000
59280  -50.807  19.628  40.206 0.0000000000
58617  -51.833  18.550  39.831 0.0000000000
59285  -51.588  19.687  39.497 0.0000000000
59288  -52.082  19.785  38.518 0.0000000000
59944  -51.900  20.950  39.049 0.0000000000
49251  -41.188  5.360  56.182 0.0000000000
53065  -47.287  10.157  52.033 0.0000000000
53802  -43.848  11.930  52.575 0.0000000000
53796  -44.180  11.185  52.971 0.0000000000
54494  -44.135  12.648  52.386 0.0000000000
55896  -45.486  14.398  51.460 0.0000000000
54499  -45.452  12.933  51.529 0.0000000000
55201  -45.655  13.588  51.167 0.0000000000
54500  -45.906  12.566  51.058 0.0000000000
55897  -46.043  14.422  50.958 0.0000000000
55899  -46.510  14.433  50.289 0.0000000000
56579  -46.508  15.211  50.827 0.0000000000
38711  -20.285  -10.252  67.355 0.0000000000
38710  -19.439  -10.287  67.471 0.0000000000
38709  -18.566  -10.220  67.536 0.0000000000
38092  -18.899  -11.270  67.462 0.0000000000
37488  -18.736  -12.660  66.648 0.0000000000
37489  -19.432  -12.614  66.448 0.0000000000
35117  -13.448  -16.329  66.087 0.0000000000
35111  -13.369  -16.569  67.055 0.0000000000
34527  -11.610  -18.029  66.026 0.0000000000
32247  -7.521  -21.837  65.147 0.0000000000
33374  -9.104  -19.405  65.856 0.0000000000
33389  -7.517  -20.105  65.582 0.0000000000
33929  -8.475  -18.070  65.849 0.0000000000
32807  -6.673  -20.426  65.188 0.0000000000
47743  -31.641  3.484  62.246 0.0000000000
57914  -46.600  17.246  48.592 0.0000000000
57258  -46.936  16.316  48.110 0.0000000000
58586  -46.823  18.009  47.969 0.0000000000
53039  -39.858  10.705  55.734 0.0000000000
41261  -24.920  -6.281  60.847 0.0000000000
41260  -23.907  -6.117  60.930 0.0000000000
36900  -14.169  -13.528  69.485 0.0000000000
35693  -13.450  -15.255  70.203 0.0000000000
45637  -36.417  0.480  57.913 0.0000000000
46326  -36.486  1.670  58.200 0.0000000000
47030  -37.307  2.977  58.980 0.0000000000
52260  -37.514  9.610  58.048 0.0000000000
42492  -28.049  -4.669  60.437 0.0000000000
43107  -28.605  -3.559  60.710 0.0000000000
43707  -30.069  -2.390  60.614 0.0000000000
46305  -32.531  1.320  59.909 0.0000000000
44928  -31.955  -0.200  58.953 0.0000000000
45633  -32.526  1.010  57.617 0.0000000000
45643  -33.379  0.420  57.068 0.0000000000
44295  -34.546  -1.173  58.635 0.0000000000
44910  -26.779  -0.290  61.793 0.0000000000
43698  -26.504  -1.443  61.877 0.0000000000
44274  -26.970  -1.111  61.642 0.0000000000
55913  -48.045  13.857  45.909 0.0000000000
57280  -51.400  16.251  42.371 0.0000000000
88708  -46.878  20.543  41.880 0.0000000000
59273  -46.815  19.291  40.843 0.0000000000
50742  -42.681  7.351  55.320 0.0000000000
51516  -45.129  8.576  52.950 0.0000000000
52285  -45.407  9.367  53.047 0.0000000000
55888  -43.670  14.075  51.934 0.0000000000
55198  -44.330  13.481  51.996 0.0000000000
55889  -44.202  14.163  51.692 0.0000000000
41242  -21.911  -6.904  63.285 0.0000000000
41237  -21.653  -7.151  64.391 0.0000000000
41226  -20.961  -7.092  66.584 0.0000000000
40594  -21.598  -8.024  67.134 0.0000000000
39376  -21.521  -9.320  67.070 0.0000000000
38712  -21.256  -10.316  67.002 0.0000000000
37490  -20.380  -12.367  66.248 0.0000000000
37491  -21.231  -12.092  65.921 0.0000000000
47023  -35.535  2.516  60.051 0.0000000000
47751  -35.111  3.486  60.453 0.0000000000
48485  -35.449  4.851  60.417 0.0000000000
45606  -29.657  0.562  61.531 0.0000000000
44912  -30.022  0.114  61.493 0.0000000000
45607  -30.041  0.792  61.566 0.0000000000
46300  -31.556  1.536  61.428 0.0000000000
47013  -31.926  2.875  61.776 0.0000000000
47015  -31.907  2.197  61.525 0.0000000000
46301  -32.200  1.525  60.950 0.0000000000
47021  -33.904  2.333  60.470 0.0000000000
46292  -29.410  1.370  61.811 0.0000000000
54504  -47.587  12.469  50.020 0.0000000000
54505  -48.109  12.032  49.580 0.0000000000
55208  -47.631  13.441  49.310 0.0000000000
55211  -47.499  13.768  48.453 0.0000000000
55908  -46.888  14.149  47.253 0.0000000000
56588  -46.770  15.323  47.660 0.0000000000
56591  -46.736  15.213  46.562 0.0000000000
55912  -46.914  14.174  46.104 0.0000000000
55918  -47.299  14.308  45.245 0.0000000000
56599  -48.146  15.159  44.218 0.0000000000
57273  -49.204  16.151  43.622 0.0000000000
57274  -49.867  16.263  43.683 0.0000000000
57932  -49.264  16.709  43.483 0.0000000000
57935  -49.149  18.138  43.625 0.0000000000
58603  -47.882  19.165  43.351 0.0000000000
59267  -47.604  19.291  44.530 0.0000000000
88700  -47.378  19.758  43.372 0.0000000000
49997  -39.391  6.259  56.693 0.0000000000
50001  -39.971  5.981  56.441 0.0000000000
49998  -39.913  6.635  56.389 0.0000000000
50736  -40.186  7.349  56.231 0.0000000000
50737  -40.974  7.353  55.804 0.0000000000
52274  -40.746  9.443  55.662 0.0000000000
51508  -41.415  8.362  55.678 0.0000000000
51509  -42.329  8.319  55.396 0.0000000000
52276  -42.877  9.173  55.281 0.0000000000
53045  -43.973  9.653  54.888 0.0000000000
53051  -44.561  9.833  54.118 0.0000000000
53795  -43.191  11.491  52.918 0.0000000000
54490  -43.052  12.399  52.774 0.0000000000
55190  -42.516  13.334  53.134 0.0000000000
55193  -43.522  13.484  52.425 0.0000000000
41246  -21.678  -5.573  62.057 0.0000000000
41248  -23.196  -6.695  61.605 0.0000000000
41247  -21.950  -6.584  61.870 0.0000000000
40625  -21.472  -8.246  63.123 0.0000000000
47767  -38.846  3.417  57.411 0.0000000000
49243  -38.702  5.111  57.546 0.0000000000
47024  -36.168  2.881  59.852 0.0000000000
47756  -37.057  3.664  59.324 0.0000000000
48492  -37.332  4.558  59.093 0.0000000000
49239  -37.052  5.457  59.300 0.0000000000
48493  -37.863  4.554  58.594 0.0000000000
49241  -38.179  5.333  58.267 0.0000000000
49994  -38.722  6.121  57.081 0.0000000000
50732  -38.885  6.954  56.723 0.0000000000
51502  -38.802  8.944  56.466 0.0000000000
52269  -38.610  9.865  56.629 0.0000000000
52264  -38.064  9.674  57.253 0.0000000000
53036  -38.723  10.761  57.277 0.0000000000
43708  -30.461  -1.854  60.605 0.0000000000
43712  -30.887  -2.440  60.237 0.0000000000
44924  -31.642  -0.499  59.882 0.0000000000
43701  -24.312  -3.263  61.241 0.0000000000
43103  -24.645  -3.839  60.817 0.0000000000
43703  -25.854  -2.726  61.356 0.0000000000
43104  -25.509  -3.638  60.773 0.0000000000
42489  -25.074  -4.628  60.468 0.0000000000
41262  -25.660  -6.739  60.199 0.0000000000
57276  -50.393  16.416  43.329 0.0000000000
57279  -50.554  16.738  42.593 0.0000000000
57943  -51.056  17.485  41.215 0.0000000000
58614  -49.200  18.862  40.701 0.0000000000
58611  -50.832  18.154  40.777 0.0000000000
57944  -51.740  16.995  41.123 0.0000000000
57947  -52.038  17.502  40.445 0.0000000000
57950  -52.293  18.022  39.717 0.0000000000
58620  -53.038  18.202  38.652 0.0000000000
58622  -52.504  18.866  38.108 0.0000000000
59296  -52.248  19.783  37.519 0.0000000000
36317  -16.868  -14.078  67.351 0.0000000000
36316  -16.082  -14.345  67.835 0.0000000000
35713  -15.830  -15.321  66.711 0.0000000000
49250  -40.402  5.339  56.416 0.0000000000
53810  -47.118  11.509  50.526 0.0000000000
53057  -44.613  10.356  53.601 0.0000000000
53058  -45.411  10.336  53.224 0.0000000000
53798  -45.710  10.897  52.992 0.0000000000
54495  -45.010  12.631  52.048 0.0000000000
53804  -45.678  11.539  52.393 0.0000000000
53064  -46.586  11.137  51.991 0.0000000000
53068  -46.440  11.342  51.438 0.0000000000
53809  -46.348  11.662  50.934 0.0000000000
54503  -46.666  12.523  50.492 0.0000000000
55205  -46.886  13.451  49.987 0.0000000000
56580  -47.015  15.275  50.197 0.0000000000
57254  -47.272  16.138  49.913 0.0000000000
38090  -16.910  -11.535  67.563 0.0000000000
38091  -17.942  -11.353  67.627 0.0000000000
37480  -17.332  -12.397  67.558 0.0000000000
36909  -17.379  -13.252  66.958 0.0000000000
36915  -17.768  -13.712  66.181 0.0000000000
35707  -14.685  -15.584  68.372 0.0000000000
35098  -13.506  -16.161  68.829 0.0000000000
35103  -11.880  -16.766  68.599 0.0000000000
34526  -10.881  -17.911  65.975 0.0000000000
34516  -10.912  -17.173  66.543 0.0000000000
34509  -10.694  -17.073  67.381 0.0000000000
34508  -9.997  -16.995  67.090 0.0000000000
33922  -9.014  -17.162  65.729 0.0000000000
31174  -4.927  -23.386  65.446 0.0000000000
32806  -5.687  -20.498  64.998 0.0000000000
37472  -15.899  -12.466  67.939 0.0000000000
36905  -16.100  -13.338  68.220 0.0000000000
46317  -35.605  1.523  59.031 0.0000000000
45630  -35.061  0.674  58.686 0.0000000000
45616  -29.209  0.352  61.478 0.0000000000
45615  -28.354  0.401  61.513 0.0000000000
49246  -39.216  4.893  57.043 0.0000000000
49247  -39.676  5.286  56.685 0.0000000000
50744  -43.938  7.696  54.347 0.0000000000
39384  -22.451  -9.560  64.755 0.0000000000
39380  -22.546  -9.732  65.642 0.0000000000
47742  -30.952  3.362  62.626 0.0000000000
47010  -29.687  2.461  62.379 0.0000000000
57921  -47.700  17.937  45.861 0.0000000000
57925  -47.775  17.745  45.138 0.0000000000
57926  -48.223  18.064  44.798 0.0000000000
58597  -47.819  18.484  45.118 0.0000000000
53047  -41.541  10.958  54.326 0.0000000000
53791  -41.699  11.314  54.123 0.0000000000
53789  -41.744  11.841  54.158 0.0000000000
42488  -24.255  -4.691  60.442 0.0000000000
41869  -23.657  -4.828  60.227 0.0000000000
59962  -52.230  20.573  35.873 0.0000000000
35692  -12.515  -15.432  70.322 0.0000000000
35691  -11.365  -15.571  70.154 0.0000000000
35699  -10.900  -16.122  69.512 0.0000000000
47036  -37.592  2.806  58.377 0.0000000000
46328  -37.688  2.463  57.859 0.0000000000
47761  -37.999  3.299  58.378 0.0000000000
49984  -36.054  6.390  59.859 0.0000000000
45618  -31.757  0.984  60.989 0.0000000000
59940  -50.606  20.496  39.962 0.0000000000
59284  -51.102  20.158  39.845 0.0000000000
50003  -41.571  6.335  55.802 0.0000000000
52288  -46.329  9.174  52.712 0.0000000000
53062  -46.774  9.705  52.503 0.0000000000
54493  -43.601  12.420  52.575 0.0000000000
39374  -19.889  -9.499  67.753 0.0000000000
37482  -19.223  -12.121  67.139 0.0000000000
37483  -19.930  -12.106  66.949 0.0000000000
34519  -12.998  -17.155  66.301 0.0000000000
32808  -7.471  -20.905  65.301 0.0000000000
32793  -8.220  -20.221  65.774 0.0000000000
53783  -39.720  11.408  56.223 0.0000000000
41249  -24.362  -6.760  61.700 0.0000000000
36901  -15.045  -13.443  69.010 0.0000000000
37468  -14.638  -12.777  69.082 0.0000000000
36308  -13.903  -14.452  70.009 0.0000000000
35694  -14.148  -15.147  69.873 0.0000000000
46318  -36.234  2.003  59.027 0.0000000000
47035  -37.038  2.480  58.526 0.0000000000
46314  -32.868  1.310  58.821 0.0000000000
46332  -33.502  1.008  57.339 0.0000000000
45634  -33.928  0.495  58.121 0.0000000000
44935  -33.320  -0.190  57.834 0.0000000000
44936  -34.175  -0.246  58.433 0.0000000000
45614  -27.806  -0.007  61.416 0.0000000000
45604  -27.307  0.494  61.726 0.0000000000
56566  -43.931  14.498  51.653 0.0000000000
56575  -45.251  15.133  51.797 0.0000000000
40609  -21.740  -7.822  65.606 0.0000000000
40601  -21.344  -7.566  66.880 0.0000000000
38713  -21.785  -9.871  66.785 0.0000000000
38100  -21.037  -11.376  66.528 0.0000000000
49233  -35.176  5.473  60.657 0.0000000000
46302  -32.810  1.949  60.677 0.0000000000
47018  -34.051  2.893  60.888 0.0000000000
55214  -47.203  13.827  47.902 0.0000000000
57264  -47.062  16.133  45.870 0.0000000000
57268  -47.398  15.617  44.021 0.0000000000
56600  -49.046  15.292  44.075 0.0000000000
50733  -39.514  7.172  56.508 0.0000000000
52273  -40.159  10.057  55.582 0.0000000000
53044  -43.399  9.822  54.923 0.0000000000
52277  -43.682  9.106  55.069 0.0000000000
53050  -44.069  10.165  54.433 0.0000000000
53794  -42.563  11.379  53.369 0.0000000000
53055  -42.784  10.830  53.494 0.0000000000
55186  -42.029  13.466  53.384 0.0000000000
55882  -43.015  13.946  52.490 0.0000000000
41271  -22.067  -4.878  60.170 0.0000000000
41258  -21.714  -5.378  61.119 0.0000000000
34507  -9.775  -16.416  67.041 0.0000000000
45646  -37.742  0.831  57.174 0.0000000000
46336  -38.694  1.897  57.008 0.0000000000
47753  -36.434  3.627  59.774 0.0000000000
51494  -38.147  8.917  56.786 0.0000000000
51501  -38.452  9.294  56.627 0.0000000000
53031  -38.165  10.595  57.942 0.0000000000
44913  -30.278  0.340  61.466 0.0000000000
44919  -29.871  -0.619  61.436 0.0000000000
44281  -30.774  -1.315  60.648 0.0000000000
43697  -26.025  -1.911  61.966 0.0000000000
41859  -25.392  -5.576  60.157 0.0000000000
57283  -50.846  16.871  41.908 0.0000000000
59277  -47.570  20.030  40.368 0.0000000000
58613  -48.007  19.068  40.738 0.0000000000
59278  -48.628  19.517  40.455 0.0000000000
57946  -51.326  17.888  40.676 0.0000000000
59959  -52.134  20.693  36.880 0.0000000000
36320  -16.425  -14.773  67.116 0.0000000000
35714  -16.510  -15.057  66.497 0.0000000000
53066  -47.624  9.736  51.381 0.0000000000
53070  -47.657  10.340  50.808 0.0000000000
53797  -45.091  11.150  53.125 0.0000000000
53807  -46.074  11.715  51.575 0.0000000000
36916  -18.648  -13.282  65.841 0.0000000000
36910  -18.106  -12.958  66.510 0.0000000000
36325  -18.042  -14.036  65.541 0.0000000000
35712  -15.336  -15.357  67.159 0.0000000000
35708  -15.290  -15.312  67.874 0.0000000000
35110  -12.808  -16.864  67.532 0.0000000000
35105  -13.441  -16.360  67.992 0.0000000000
35104  -12.587  -16.736  68.238 0.0000000000
33375  -9.964  -19.593  66.116 0.0000000000
33932  -10.845  -18.914  65.660 0.0000000000
33930  -9.297  -18.249  65.722 0.0000000000
34525  -10.193  -17.697  65.899 0.0000000000
34515  -10.166  -17.120  66.345 0.0000000000
33924  -9.849  -17.064  66.126 0.0000000000
33921  -8.971  -16.638  65.618 0.0000000000
32245  -5.653  -21.466  64.950 0.0000000000
36312  -15.225  -14.424  68.883 0.0000000000
46315  -33.637  1.314  58.997 0.0000000000
46324  -34.384  0.823  58.590 0.0000000000
45629  -34.666  0.625  58.615 0.0000000000
44929  -34.638  0.166  58.546 0.0000000000
44930  -34.873  0.303  58.655 0.0000000000
46291  -28.376  1.366  61.992 0.0000000000
55920  -49.353  14.639  44.972 0.0000000000
47768  -39.319  3.389  56.913 0.0000000000
50743  -43.449  7.295  54.844 0.0000000000
51515  -44.658  8.266  53.294 0.0000000000
40612  -21.738  -7.951  64.688 0.0000000000
38102  -22.521  -11.199  65.983 0.0000000000
47748  -34.439  3.576  60.884 0.0000000000
57267  -46.797  15.980  44.708 0.0000000000
57929  -47.030  16.694  44.469 0.0000000000
54484  -41.989  12.232  53.752 0.0000000000
88314  -23.009  -3.618  60.798 0.0000000000
42498  -23.360  -4.338  60.246 0.0000000000
41868  -23.019  -5.116  59.982 0.0000000000
40016  -21.357  -8.700  62.485 0.0000000000
58635  -52.567  18.814  36.167 0.0000000000
58638  -52.809  18.822  35.264 0.0000000000
35094  -9.723  -16.437  68.770 0.0000000000
46334  -37.153  1.440  57.509 0.0000000000
47042  -38.505  2.685  57.467 0.0000000000
48494  -38.371  4.428  58.145 0.0000000000
50722  -37.165  7.217  59.038 0.0000000000
49991  -37.814  6.227  58.334 0.0000000000
51490  -37.753  7.402  57.064 0.0000000000
53774  -38.454  11.570  58.334 0.0000000000
44293  -32.818  -0.808  58.392 0.0000000000
43696  -25.250  -2.320  61.975 0.0000000000
41263  -26.840  -6.926  60.092 0.0000000000
59279  -49.615  19.564  40.417 0.0000000000
59281  -51.485  19.120  40.037 0.0000000000
35720  -16.909  -15.156  65.910 0.0000000000
52289  -46.954  9.104  52.231 0.0000000000
55200  -45.103  13.575  51.617 0.0000000000
39375  -20.675  -9.202  67.546 0.0000000000
39365  -20.091  -8.849  68.064 0.0000000000
35112  -14.091  -15.858  66.796 0.0000000000
35106  -14.291  -15.938  67.707 0.0000000000
34518  -12.457  -17.419  66.767 0.0000000000
32809  -8.188  -21.207  65.706 0.0000000000
33923  -9.504  -17.348  65.802 0.0000000000
33373  -8.131  -19.245  65.800 0.0000000000
33388  -7.243  -19.719  65.717 0.0000000000
32792  -6.831  -19.732  65.671 0.0000000000
58592  -47.341  18.329  46.162 0.0000000000
58596  -47.406  18.629  45.572 0.0000000000
53038  -39.213  10.713  56.380 0.0000000000
53784  -40.443  11.686  55.752 0.0000000000
35700  -12.896  -15.745  69.875 0.0000000000
45644  -36.616  0.983  57.721 0.0000000000
43109  -30.192  -3.094  60.299 0.0000000000
43711  -30.432  -2.878  60.308 0.0000000000
45628  -32.292  0.694  58.830 0.0000000000
44934  -32.395  -0.039  57.688 0.0000000000
46322  -33.155  1.245  57.700 0.0000000000
45642  -32.653  1.111  56.662 0.0000000000
44270  -26.022  -1.066  62.158 0.0000000000
44271  -26.507  -0.843  61.970 0.0000000000
55218  -48.342  13.217  46.670 0.0000000000
57281  -51.843  16.013  41.852 0.0000000000
88703  -46.514  19.883  41.703 0.0000000000
58605  -46.950  19.142  41.563 0.0000000000
88706  -45.970  19.783  40.795 0.0000000000
59276  -46.560  19.846  40.488 0.0000000000
60654  -50.797  21.818  39.128 0.0000000000
50007  -42.242  6.633  55.477 0.0000000000
55197  -43.904  13.164  52.368 0.0000000000
55194  -43.943  13.783  51.967 0.0000000000
40593  -21.003  -7.742  67.483 0.0000000000
39997  -21.760  -8.641  66.811 0.0000000000
39996  -21.272  -8.530  67.385 0.0000000000
38094  -20.565  -10.967  67.002 0.0000000000
38099  -20.373  -11.625  66.825 0.0000000000
31706  -6.608  -22.726  64.982 0.0000000000
48487  -35.433  4.180  60.369 0.0000000000
44911  -29.612  -0.031  61.466 0.0000000000
45608  -30.531  0.745  61.530 0.0000000000
46299  -29.354  0.803  61.558 0.0000000000
54507  -48.075  12.668  49.456 0.0000000000
55212  -48.186  13.139  48.620 0.0000000000
55909  -47.533  13.624  46.674 0.0000000000
55919  -48.277  14.500  44.979 0.0000000000
56594  -47.306  14.979  44.610 0.0000000000
55925  -48.807  14.861  44.514 0.0000000000
56601  -50.140  15.351  44.260 0.0000000000
88704  -47.679  19.255  42.923 0.0000000000
59262  -47.755  18.953  44.794 0.0000000000
59263  -47.987  18.877  44.480 0.0000000000
88705  -47.491  19.452  42.987 0.0000000000
88702  -47.042  19.785  42.456 0.0000000000
52279  -44.221  9.284  54.454 0.0000000000
53801  -43.406  12.076  52.644 0.0000000000
54485  -42.435  12.715  53.305 0.0000000000
55189  -42.043  13.030  53.501 0.0000000000
54486  -43.035  13.003  52.851 0.0000000000
40618  -21.480  -8.306  63.460 0.0000000000
40012  -21.505  -8.419  63.680 0.0000000000
59964  -52.365  20.536  34.847 0.0000000000
59303  -52.660  19.534  34.377 0.0000000000
53035  -38.341  10.319  57.397 0.0000000000
52265  -38.427  10.175  57.128 0.0000000000
43694  -23.665  -3.069  61.446 0.0000000000
43102  -24.102  -3.692  60.906 0.0000000000
43112  -24.163  -4.114  60.641 0.0000000000
57284  -51.518  16.630  41.593 0.0000000000
58609  -48.641  18.430  41.408 0.0000000000
58610  -49.974  18.143  41.037 0.0000000000
57948  -52.784  17.092  40.256 0.0000000000
57951  -53.034  17.571  39.627 0.0000000000
58623  -53.137  18.219  37.758 0.0000000000
36906  -16.781  -13.333  67.708 0.0000000000
35709  -15.837  -15.082  67.386 0.0000000000
35719  -16.130  -15.442  65.998 0.0000000000
35114  -15.434  -15.394  66.033 0.0000000000
35113  -14.873  -15.445  66.516 0.0000000000
48506  -40.135  4.647  56.521 0.0000000000
50004  -42.243  5.928  55.604 0.0000000000
52284  -45.051  9.844  53.438 0.0000000000
57248  -46.169  15.796  51.013 0.0000000000
36324  -17.485  -14.505  65.732 0.0000000000
36917  -19.662  -13.092  65.763 0.0000000000
36313  -15.668  -14.074  68.369 0.0000000000
36315  -15.506  -14.675  68.337 0.0000000000
35703  -15.128  -15.155  68.588 0.0000000000
35099  -14.102  -15.931  68.437 0.0000000000
35702  -14.445  -15.393  69.089 0.0000000000
35701  -13.523  -15.670  69.553 0.0000000000
35097  -12.616  -16.294  69.248 0.0000000000
34517  -11.595  -17.499  66.758 0.0000000000
33931  -10.032  -18.615  65.741 0.0000000000
34510  -11.561  -17.140  67.660 0.0000000000
34504  -11.198  -16.906  68.272 0.0000000000
35096  -11.450  -16.383  69.261 0.0000000000
34503  -10.553  -16.927  68.235 0.0000000000
34502  -9.795  -16.972  68.088 0.0000000000
33919  -9.728  -16.846  66.175 0.0000000000
33918  -9.543  -16.585  65.862 0.0000000000
31175  -5.861  -23.540  65.394 0.0000000000
31705  -5.707  -22.550  65.061 0.0000000000
32791  -6.368  -19.712  65.476 0.0000000000
31714  -6.842  -22.456  64.888 0.0000000000
32254  -6.767  -22.260  64.798 0.0000000000
33920  -9.893  -16.996  66.281 0.0000000000
34514  -9.838  -17.247  65.957 0.0000000000
35092  -12.299  -16.013  69.821 0.0000000000
41856  -23.121  -5.581  60.226 0.0000000000
43111  -23.781  -3.985  60.595 0.0000000000
43700  -23.940  -3.415  61.150 0.0000000000
44933  -32.394  0.657  57.124 0.0000000000
44943  -32.391  0.698  56.712 0.0000000000
44944  -32.790  -0.066  56.857 0.0000000000
44945  -33.073  -0.072  56.861 0.0000000000
44950  -32.290  0.824  56.408 0.0000000000
44951  -32.584  0.572  56.404 0.0000000000
44952  -32.847  0.274  56.384 0.0000000000
45632  -32.508  1.036  56.839 0.0000000000
45641  -32.500  0.894  56.446 0.0000000000
45651  -32.479  0.754  56.251 0.0000000000
45652  -32.692  0.826  56.097 0.0000000000
45653  -33.145  0.487  56.325 0.0000000000
46331  -33.112  1.161  56.595 0.0000000000
46340  -33.156  1.011  55.986 0.0000000000
46341  -33.305  0.937  56.447 0.0000000000
55926  -49.202  14.918  44.494 0.0000000000
56595  -49.536  15.010  44.511 0.0000000000
58608  -47.511  18.837  41.336 0.0000000000
59937  -46.568  20.344  40.864 0.0000000000
88317  -23.062  -3.979  60.360 0.0000000000
88320  -23.375  -3.868  60.533 0.0000000000
88707  -46.051  20.148  41.121 0.0000000000
88709  -46.559  20.573  41.468 0.0000000000
