#!ascii label  , from subject TEMPLATE vox2ras=TkReg
1742
72687  -51.411  42.622  20.859 0.6999999881
72120  -51.478  41.768  20.545 0.6999999881
72702  -51.272  42.573  19.933 0.6999999881
73236  -51.331  43.586  21.190 0.6000000238
72129  -51.404  41.719  19.678 0.6999999881
72676  -51.493  42.657  21.781 0.5000000000
71544  -51.634  41.023  19.491 0.8000000119
69868  -51.878  36.841  19.600 0.8999999762
66825  -52.003  31.538  12.992 0.8000000119
72709  -51.265  42.465  19.018 0.6999999881
72135  -51.456  41.555  18.858 0.6999999881
71537  -51.660  41.039  20.236 0.6999999881
71545  -51.787  40.512  18.841 0.8000000119
71551  -52.003  40.424  17.782 0.6999999881
71538  -51.780  40.297  19.867 0.6999999881
70944  -51.840  39.441  19.450 0.6999999881
70950  -51.925  39.426  18.455 0.8000000119
70385  -51.709  38.444  19.126 0.6999999881
70391  -51.613  38.417  18.112 0.8000000119
69874  -51.482  37.177  18.914 0.8999999762
69394  -51.290  36.438  18.165 0.8999999762
69875  -51.642  36.734  19.320 0.8999999762
69383  -51.434  36.387  18.737 0.8999999762
69374  -51.810  36.187  20.099 0.8999999762
69384  -51.607  36.170  19.269 0.8999999762
68882  -52.079  35.221  20.573 0.8000000119
68889  -51.889  35.118  19.740 0.8000000119
68383  -52.894  34.654  20.979 0.8000000119
68384  -53.532  33.970  20.688 0.8000000119
68392  -53.503  33.660  19.994 0.8000000119
67833  -53.236  33.694  19.288 0.8999999762
67842  -53.654  32.997  18.731 0.8000000119
67849  -53.678  33.021  17.807 0.8000000119
67323  -53.580  32.834  16.060 0.8000000119
67360  -51.949  31.932  13.084 0.8000000119
73252  -51.164  43.400  19.254 0.5000000000
69883  -51.205  37.471  17.734 1.0000000000
68905  -51.450  35.400  17.755 0.8999999762
68898  -51.664  35.088  18.894 0.8999999762
69395  -51.500  35.784  18.530 0.8999999762
68906  -51.530  35.137  18.312 1.0000000000
68401  -52.425  34.344  19.074 0.8000000119
68391  -52.890  34.430  20.012 0.8000000119
67841  -53.060  33.734  18.365 0.8000000119
67848  -53.047  33.695  17.397 0.8999999762
67856  -53.075  33.482  16.519 0.8000000119
67864  -52.961  33.227  15.784 0.8000000119
67875  -52.729  32.859  15.120 0.8000000119
67340  -52.461  32.528  14.403 0.8999999762
67331  -53.420  32.632  15.347 0.8000000119
67353  -52.800  32.139  14.055 0.8000000119
67359  -51.538  32.106  12.807 0.8000000119
67352  -52.200  32.077  13.551 0.8000000119
65141  -42.893  26.926  12.571 0.1000000015
66836  -51.150  31.599  11.809 0.6999999881
65142  -43.426  27.772  11.529 0.2000000030
65160  -44.499  28.033  10.645 0.2000000030
66849  -50.048  31.444  10.642 0.6999999881
65708  -45.635  28.719  10.300 0.4000000060
65709  -46.248  28.712  9.515 0.5000000000
66281  -49.646  30.706  9.908 0.6999999881
72136  -51.688  41.424  18.012 0.6999999881
70955  -52.024  39.396  17.450 0.6999999881
70397  -51.686  38.463  17.103 0.8000000119
70403  -51.564  38.576  16.191 0.6999999881
70960  -52.033  39.401  16.484 0.6999999881
69403  -51.149  36.472  17.304 1.0000000000
68911  -51.282  35.511  16.927 1.0000000000
68409  -51.591  34.802  17.664 1.0000000000
68410  -51.902  34.364  17.992 0.8999999762
68420  -52.315  34.105  16.934 1.0000000000
68432  -52.453  33.784  16.224 1.0000000000
64554  -41.240  27.118  13.904 0.1000000015
67372  -50.805  32.599  12.176 0.8000000119
65120  -41.837  27.061  14.039 0.1000000015
65672  -42.886  26.874  14.230 0.1000000015
65685  -42.922  26.730  13.544 0.1000000015
65129  -42.402  26.766  13.306 0.1000000015
67385  -49.929  31.931  10.821 0.6999999881
65686  -43.457  26.809  13.482 0.2000000030
65143  -43.961  28.378  11.376 0.2000000030
65706  -44.359  28.518  10.729 0.3000000119
66858  -48.913  30.855  9.596 0.6999999881
66301  -46.714  29.745  9.381 0.4000000060
66302  -47.641  29.953  8.938 0.6000000238
66293  -49.084  30.104  9.518 0.6000000238
72710  -51.457  42.337  18.198 0.6000000238
70966  -51.936  39.417  15.565 0.6999999881
70411  -51.416  38.719  15.363 0.6999999881
69890  -51.175  37.589  16.792 0.8999999762
69904  -50.369  37.650  14.738 0.6999999881
70410  -50.979  38.242  15.073 0.6999999881
69898  -50.956  37.792  15.890 0.6999999881
69903  -50.085  37.323  14.446 0.8000000119
69897  -50.581  37.710  15.396 0.8000000119
68921  -51.078  35.512  16.509 1.0000000000
69424  -49.118  36.493  14.081 0.8000000119
69425  -49.802  36.758  14.719 0.8000000119
69426  -50.167  37.004  15.128 0.8000000119
69412  -50.420  36.872  15.657 0.8000000119
68931  -48.358  35.754  13.830 0.8000000119
69411  -50.082  36.636  15.309 0.8000000119
68919  -50.049  35.808  15.581 0.8000000119
68932  -49.172  35.771  14.727 0.8000000119
68933  -49.664  35.803  15.154 0.8000000119
68419  -51.633  34.741  17.248 1.0000000000
68431  -51.529  34.566  16.314 1.0000000000
68930  -47.941  35.044  13.056 0.8000000119
68439  -47.882  34.695  13.034 0.8000000119
68452  -47.588  34.337  12.458 0.6000000238
68440  -48.061  34.661  13.456 0.6999999881
68441  -48.680  34.747  14.459 0.6999999881
67863  -52.183  33.545  15.643 1.0000000000
67874  -51.917  33.078  14.974 1.0000000000
67870  -48.517  33.952  13.668 0.6999999881
68453  -48.191  34.154  12.918 0.6999999881
67886  -48.657  33.769  12.730 0.6000000238
67887  -49.221  33.404  13.329 0.6000000238
67898  -48.539  33.414  11.855 0.6000000238
67899  -49.335  33.394  12.371 0.6999999881
67908  -49.310  33.044  11.509 0.6999999881
67890  -51.653  32.695  14.242 0.8999999762
67884  -46.560  33.063  12.262 0.5000000000
67885  -47.870  33.747  12.184 0.6000000238
67907  -48.430  32.682  11.382 0.6000000238
67896  -46.828  32.600  11.825 0.6000000238
67897  -47.520  32.815  11.599 0.5000000000
67906  -47.908  32.296  11.374 0.5000000000
66834  -47.711  31.571  10.912 0.6000000238
67350  -46.069  32.277  12.307 0.6000000238
67357  -46.403  32.152  11.945 0.6000000238
67358  -46.948  32.224  11.614 0.5000000000
67368  -47.387  31.784  11.222 0.6000000238
67351  -51.391  32.502  13.554 0.8000000119
67383  -48.818  31.799  10.711 0.6999999881
67384  -49.525  31.903  10.753 0.6999999881
67370  -49.079  32.345  11.039 0.6999999881
66847  -48.163  31.360  10.450 0.6000000238
66857  -48.449  31.090  9.869 0.6000000238
65674  -45.124  27.627  13.040 0.3000000119
65688  -44.570  28.419  12.025 0.3000000119
65698  -44.343  28.716  11.163 0.3000000119
66299  -45.583  29.370  10.683 0.4000000060
66291  -47.288  30.390  9.642 0.6000000238
66292  -48.200  30.519  9.521 0.6000000238
65675  -45.631  28.601  12.744 0.3000000119
73268  -51.379  43.273  18.264 0.5000000000
72142  -51.872  41.355  17.094 0.6000000238
71555  -52.087  40.366  16.811 0.6999999881
71560  -52.129  40.318  15.890 0.6000000238
70418  -51.333  38.775  14.820 0.6000000238
69413  -50.879  36.487  16.514 1.0000000000
68920  -50.707  35.635  16.146 1.0000000000
68430  -50.619  34.782  15.677 0.8999999762
67862  -51.343  33.837  15.463 1.0000000000
68442  -49.814  34.774  15.150 0.6999999881
67871  -49.288  33.757  14.368 0.6999999881
67872  -50.229  33.502  14.709 0.8999999762
67873  -51.095  33.261  14.833 0.8999999762
67883  -45.386  33.085  12.879 0.5000000000
68451  -46.162  34.005  12.877 0.6000000238
67900  -49.885  32.945  12.847 0.8000000119
67909  -50.117  33.125  12.027 0.8000000119
67349  -45.602  32.099  12.777 0.5000000000
67366  -46.034  31.391  11.808 0.5000000000
67367  -46.613  31.707  11.454 0.5000000000
67901  -50.682  32.692  13.114 0.8000000119
66817  -45.494  31.290  13.491 0.4000000060
66823  -45.666  31.109  12.870 0.4000000060
67356  -45.830  31.680  12.290 0.5000000000
67365  -45.898  30.972  11.955 0.5000000000
67380  -46.306  31.152  11.397 0.5000000000
67381  -46.793  31.274  10.986 0.6000000238
66832  -45.841  30.892  12.264 0.4000000060
66298  -45.280  29.266  11.069 0.3000000119
66289  -46.053  30.052  10.666 0.5000000000
66290  -46.543  30.296  10.013 0.6000000238
65689  -45.546  29.339  12.144 0.3000000119
65699  -45.008  29.089  11.434 0.3000000119
65676  -46.142  29.424  12.742 0.4000000060
66288  -45.758  29.654  11.403 0.3000000119
73269  -51.519  42.934  17.757 0.6000000238
72147  -52.061  41.273  16.199 0.6000000238
69909  -50.189  37.470  13.907 0.6999999881
68429  -50.137  35.094  15.587 0.8000000119
68443  -50.658  34.030  15.164 0.8999999762
67888  -49.955  33.036  13.807 0.8000000119
67889  -50.819  32.863  14.081 0.8999999762
67348  -45.000  32.145  13.684 0.5000000000
67882  -44.737  33.191  13.456 0.5000000000
66816  -45.279  31.231  14.173 0.5000000000
66252  -45.891  30.537  13.390 0.4000000060
67339  -44.900  31.647  14.291 0.5000000000
66240  -45.655  30.650  13.942 0.4000000060
66264  -46.196  29.956  13.238 0.4000000060
66265  -46.075  30.247  12.727 0.4000000060
66843  -46.005  30.605  12.046 0.5000000000
66853  -46.081  30.316  11.723 0.5000000000
66854  -46.195  30.363  11.211 0.5000000000
66855  -46.598  30.807  10.678 0.6000000238
66844  -46.086  30.314  12.271 0.5000000000
66277  -46.027  29.938  11.985 0.5000000000
65664  -46.268  29.555  13.367 0.4000000060
65690  -45.964  29.506  12.360 0.4000000060
66846  -47.273  31.301  10.679 0.6000000238
67371  -50.157  32.309  11.183 0.8000000119
67910  -50.385  32.863  12.529 0.8000000119
65140  -42.924  26.721  13.187 0.1000000015
66835  -50.564  31.598  11.170 0.8000000119
65687  -44.010  27.357  12.661 0.1000000015
65153  -43.826  28.196  10.743 0.2000000030
65162  -45.810  27.951  10.359 0.3000000119
66300  -45.965  29.575  9.949 0.4000000060
66848  -49.087  31.436  10.158 0.6999999881
66276  -44.392  26.967  13.694 0.3000000119
65707  -44.928  28.780  10.754 0.3000000119
67369  -48.237  31.939  11.088 0.6999999881
66279  -47.641  30.944  9.995 0.6000000238
66856  -47.011  30.817  10.114 0.6000000238
66280  -48.074  30.991  9.941 0.6000000238
72716  -51.621  42.382  17.350 0.6000000238
63453  -52.541  25.411  12.791 0.2000000030
64012  -52.072  26.052  13.254 0.2000000030
63452  -51.854  25.453  12.710 0.2000000030
64021  -51.078  25.706  12.732 0.2000000030
64011  -51.475  26.443  13.006 0.2000000030
62825  -53.611  25.105  13.955 0.2000000030
63454  -53.172  25.246  13.020 0.2000000030
63465  -53.143  25.172  12.265 0.2000000030
63443  -52.693  25.773  13.439 0.2000000030
64003  -52.471  26.568  13.544 0.2000000030
64002  -51.912  26.916  13.345 0.2000000030
63436  -53.573  25.617  14.404 0.2000000030
63444  -53.295  25.467  13.683 0.2000000030
64004  -53.043  26.197  13.865 0.2000000030
64019  -49.794  26.659  11.821 0.3000000119
64020  -50.521  26.247  12.277 0.3000000119
64576  -51.113  26.900  12.332 0.3000000119
62810  -54.471  25.213  16.161 0.3000000119
62817  -54.367  24.877  15.210 0.3000000119
63437  -53.889  25.164  14.843 0.2000000030
63430  -53.890  25.741  15.337 0.2000000030
62221  -42.965  23.731  9.839 0.1000000015
62222  -43.809  23.921  9.700 0.1000000015
63429  -53.578  26.153  14.831 0.2000000030
62211  -45.403  24.167  10.934 0.1000000015
62858  -47.889  25.550  12.221 0.3000000119
63997  -53.352  26.559  14.392 0.2000000030
64550  -53.403  27.475  14.422 0.2000000030
64557  -52.955  27.194  13.677 0.2000000030
64575  -50.459  27.300  11.754 0.3000000119
64566  -52.653  27.490  13.266 0.3000000119
64564  -51.769  27.503  12.693 0.4000000060
64565  -52.357  27.623  12.987 0.3000000119
64556  -52.388  27.223  13.361 0.3000000119
64555  -52.081  27.363  13.133 0.3000000119
63392  -55.485  25.352  20.705 0.3000000119
63398  -55.373  25.407  19.687 0.3000000119
62796  -54.782  24.887  17.857 0.3000000119
63405  -55.226  25.566  18.718 0.3000000119
62795  -54.728  25.280  17.459 0.3000000119
62803  -54.850  24.488  16.796 0.3000000119
62802  -54.654  25.235  17.079 0.3000000119
63411  -54.785  25.742  17.390 0.3000000119
63423  -54.156  25.936  16.081 0.3000000119
63417  -54.477  25.864  16.678 0.3000000119
63984  -54.234  26.528  16.302 0.2000000030
63991  -53.909  26.400  15.769 0.2000000030
64544  -53.940  27.126  15.809 0.2000000030
62223  -44.641  24.242  9.686 0.1000000015
62872  -45.217  24.264  10.172 0.1000000015
64543  -53.642  27.761  15.194 0.2000000030
62856  -45.907  24.440  11.448 0.3000000119
63458  -47.435  26.420  11.410 0.3000000119
63459  -48.401  26.289  11.785 0.3000000119
63990  -53.587  26.734  15.146 0.2000000030
62874  -45.971  25.598  10.666 0.3000000119
64018  -48.968  26.946  11.517 0.3000000119
64028  -47.221  27.131  10.709 0.3000000119
64029  -47.703  27.178  10.763 0.3000000119
64573  -48.862  27.471  10.805 0.3000000119
65133  -51.291  28.180  11.797 0.3000000119
65116  -53.252  28.164  13.709 0.4000000060
65122  -52.232  28.322  12.598 0.4000000060
65123  -52.845  27.900  13.094 0.3000000119
67824  -53.909  33.137  20.446 0.8000000119
67307  -54.054  32.256  19.150 0.8000000119
66780  -54.192  31.400  18.740 0.4000000060
66207  -54.351  30.488  18.355 0.3000000119
65633  -54.367  29.485  17.995 0.3000000119
65091  -54.335  28.412  17.687 0.2000000030
64533  -54.468  27.422  17.333 0.3000000119
63979  -54.586  26.577  16.967 0.3000000119
67834  -53.753  33.005  19.604 0.6999999881
65638  -54.152  29.336  16.966 0.3000000119
67312  -53.959  32.203  18.240 0.6999999881
66787  -54.199  31.349  17.776 0.5000000000
66213  -54.271  30.391  17.314 0.4000000060
65096  -54.205  28.269  16.724 0.2000000030
64537  -54.286  27.321  16.494 0.2000000030
66794  -54.282  31.353  16.767 0.6999999881
65104  -54.124  28.052  15.850 0.2000000030
67317  -54.039  32.206  17.301 0.6999999881
66222  -54.104  30.340  16.092 0.4000000060
66221  -53.834  29.799  15.636 0.4000000060
65646  -53.942  29.139  15.996 0.2000000030
66803  -54.192  31.502  15.829 0.6999999881
66230  -53.661  30.218  15.106 0.6000000238
65645  -53.745  29.455  15.325 0.4000000060
65103  -53.771  28.708  15.239 0.3000000119
67857  -53.650  32.947  16.892 0.6999999881
67324  -54.045  32.223  16.386 0.6999999881
64574  -49.629  27.687  11.163 0.3000000119
65132  -50.435  28.066  11.255 0.4000000060
65652  -53.455  29.392  14.692 0.4000000060
65111  -53.492  28.449  14.496 0.4000000060
64584  -47.415  27.559  10.244 0.4000000060
64572  -48.434  27.426  10.523 0.3000000119
64587  -49.240  27.860  10.553 0.4000000060
65131  -49.997  28.233  10.903 0.5000000000
65679  -51.864  28.900  12.124 0.6000000238
65665  -52.251  29.356  12.661 0.5000000000
65658  -53.078  29.154  13.915 0.4000000060
64597  -47.538  27.724  9.754 0.3000000119
64586  -48.786  27.872  10.086 0.5000000000
65146  -50.365  28.595  10.875 0.5000000000
65693  -50.962  28.954  11.084 0.5000000000
66268  -51.949  29.757  12.077 0.6000000238
65666  -52.792  28.804  13.148 0.4000000060
65155  -49.217  28.584  9.631 0.6000000238
65692  -50.366  29.336  10.588 0.6000000238
66267  -51.429  30.463  11.791 0.6000000238
66254  -52.006  30.535  12.739 0.6000000238
66282  -50.300  30.348  10.519 0.6000000238
63961  -55.475  26.281  20.220 0.3000000119
63966  -55.356  26.313  19.308 0.3000000119
63412  -55.043  25.839  18.015 0.3000000119
63972  -54.847  26.586  17.739 0.3000000119
67299  -54.211  32.331  20.032 0.5000000000
66774  -54.326  31.497  19.628 0.3000000119
66231  -54.043  30.983  15.265 0.6000000238
66812  -53.991  31.769  15.046 0.6999999881
66811  -53.537  31.169  14.632 0.6000000238
67341  -53.317  32.194  14.596 0.6999999881
66241  -52.343  30.418  13.507 0.6000000238
65657  -52.441  29.732  13.423 0.6000000238
66818  -52.375  31.074  13.504 0.6999999881
66824  -51.622  31.361  12.532 0.6999999881
66253  -51.492  30.988  12.256 0.6000000238
66266  -50.693  30.895  11.217 0.6000000238
64513  -55.402  27.171  20.671 0.3000000119
63973  -55.128  26.470  18.503 0.3000000119
68869  -52.743  35.549  22.327 0.6999999881
68376  -53.102  34.824  21.812 0.6999999881
68377  -53.449  34.201  21.406 0.6999999881
66200  -54.384  30.610  19.322 0.3000000119
64527  -54.731  27.458  18.329 0.3000000119
69845  -52.815  37.392  22.356 0.8000000119
69354  -52.853  36.433  22.791 0.8000000119
68875  -52.290  35.396  21.486 0.6999999881
69360  -52.416  36.473  21.889 0.8000000119
69367  -52.067  36.373  20.925 0.8000000119
64520  -55.231  27.092  19.785 0.3000000119
65087  -54.545  28.583  18.669 0.3000000119
64528  -55.055  27.017  19.045 0.3000000119
67817  -53.942  33.377  21.443 0.6999999881
65628  -54.490  29.630  19.019 0.3000000119
69852  -52.478  37.615  21.247 0.6999999881
69867  -52.000  37.666  19.729 0.6999999881
69851  -52.386  38.036  20.899 0.6999999881
65075  -55.213  28.044  21.086 0.3000000119
65605  -54.889  29.269  22.751 0.3000000119
66154  -55.009  30.478  24.776 0.3000000119
64519  -54.941  27.825  19.268 0.3000000119
66769  -54.448  31.525  20.507 0.3000000119
69347  -53.080  36.352  23.669 0.8000000119
68862  -53.055  35.545  23.181 0.6999999881
68370  -53.582  34.078  22.155 0.6999999881
69839  -53.054  37.273  23.308 0.8000000119
69830  -52.988  37.100  24.136 0.8000000119
70345  -53.054  38.112  23.983 0.8000000119
70353  -53.096  38.249  22.923 0.6999999881
70361  -52.780  38.308  22.024 0.6999999881
70369  -52.533  38.367  21.485 0.6999999881
70368  -52.285  38.564  20.951 0.6999999881
65074  -54.814  28.825  20.641 0.3000000119
65081  -55.123  27.976  20.176 0.3000000119
65604  -54.820  29.177  22.332 0.3000000119
65066  -54.882  28.791  21.517 0.3000000119
66164  -55.141  30.007  23.319 0.3000000119
66155  -55.117  30.001  24.049 0.3000000119
70905  -52.659  39.117  24.401 0.6999999881
70912  -52.906  39.086  23.474 0.6999999881
70922  -52.807  39.208  22.511 0.6999999881
70930  -52.554  38.972  21.690 0.6999999881
70929  -52.137  39.601  21.283 0.6999999881
70377  -51.984  38.569  20.036 0.6999999881
67289  -54.262  32.381  20.974 0.5000000000
71495  -52.217  40.076  24.439 0.6999999881
72082  -51.741  40.563  24.688 0.6999999881
71499  -52.657  39.883  23.136 0.6999999881
71498  -52.294  40.389  23.653 0.6999999881
72092  -51.742  40.992  23.398 0.6999999881
71509  -52.419  39.998  22.474 0.6000000238
72095  -51.690  41.158  22.601 0.6000000238
72094  -51.469  41.855  22.282 0.6000000238
73232  -51.450  43.570  22.163 0.5000000000
72107  -51.627  41.308  22.059 0.6000000238
70938  -51.922  39.454  20.407 0.6999999881
71529  -51.667  41.075  21.063 0.6000000238
69423  -48.820  36.365  13.651 0.6999999881
70417  -51.151  38.738  14.245 0.6000000238
70972  -51.687  39.404  14.623 0.5000000000
72722  -51.883  42.265  16.472 0.4000000060
71566  -52.133  40.270  14.973 0.5000000000
72153  -52.122  41.170  15.329 0.5000000000
73299  -51.802  43.102  16.768 0.4000000060
73805  -51.780  43.764  16.595 0.5000000000
66194  -54.473  30.817  20.091 0.3000000119
70901  -52.162  39.248  25.807 0.8000000119
67811  -54.101  33.288  22.511 0.5000000000
68369  -53.213  34.771  22.687 0.6999999881
70343  -52.798  38.241  24.875 0.8000000119
71492  -51.289  40.713  25.821 0.8000000119
71493  -51.753  40.169  25.251 0.8000000119
70904  -52.272  39.512  25.010 0.8000000119
70902  -52.493  38.893  25.154 0.8000000119
72074  -50.704  42.158  26.404 0.6999999881
72075  -50.866  41.622  26.136 0.6999999881
72081  -51.272  41.265  24.977 0.8000000119
72660  -51.006  42.453  25.462 0.6999999881
72088  -51.256  41.577  23.948 0.6999999881
72672  -51.236  42.588  23.568 0.6999999881
73226  -51.372  43.525  23.107 0.6999999881
72091  -51.343  41.767  23.074 0.6000000238
72674  -51.392  42.663  22.669 0.6000000238
73238  -51.159  43.509  20.224 0.5000000000
73783  -51.119  44.273  18.551 0.3000000119
73791  -51.545  44.073  17.412 0.4000000060
73284  -51.492  43.389  17.674 0.4000000060
73285  -51.601  43.250  17.314 0.4000000060
69433  -49.290  36.590  13.383 0.6000000238
73792  -51.709  43.560  17.017 0.4000000060
69910  -50.642  38.144  13.878 0.5000000000
72730  -52.023  42.126  15.609 0.4000000060
65080  -54.670  28.761  19.664 0.3000000119
65623  -54.501  29.829  20.134 0.3000000119
69338  -52.892  36.267  24.522 0.6000000238
68360  -53.247  34.687  23.571 0.6000000238
66760  -54.526  31.456  21.474 0.3000000119
70342  -52.440  38.272  25.635 0.8000000119
69824  -52.502  37.368  25.210 0.8000000119
71482  -51.184  40.379  27.565 0.6000000238
71483  -51.391  39.886  26.925 0.8000000119
69825  -52.853  37.565  24.589 0.6999999881
71485  -51.113  40.622  26.612 0.8000000119
71486  -51.553  39.957  26.178 0.8000000119
72070  -50.644  42.051  26.740 0.6999999881
72652  -50.610  42.391  26.892 0.6999999881
73210  -50.682  43.298  26.925 0.6999999881
72656  -50.662  42.450  26.602 0.6999999881
73213  -50.918  43.352  26.011 0.6999999881
72666  -51.165  42.479  24.513 0.6999999881
73219  -51.312  43.489  24.050 0.6999999881
73216  -51.291  43.437  25.032 0.6999999881
73763  -51.393  44.399  22.594 0.5000000000
73770  -51.198  44.517  21.609 0.5000000000
73776  -50.875  44.556  20.535 0.4000000060
73778  -50.918  44.324  19.558 0.4000000060
73804  -51.640  44.472  16.425 0.3000000119
73329  -51.422  43.515  14.986 0.2000000030
70979  -51.422  39.659  13.510 0.3000000119
71573  -51.511  40.433  13.345 0.3000000119
72169  -51.749  41.474  14.061 0.3000000119
72742  -51.921  41.922  14.735 0.3000000119
73330  -51.770  42.717  15.112 0.4000000060
73821  -51.773  43.977  16.100 0.2000000030
70980  -51.674  39.692  14.042 0.4000000060
72161  -52.027  41.053  14.605 0.4000000060
73313  -51.867  43.302  15.836 0.4000000060
72650  -50.608  42.415  28.066 0.6999999881
72071  -50.754  41.359  27.074 0.6999999881
72653  -50.642  42.354  27.313 0.6999999881
73207  -50.773  43.221  27.729 0.6000000238
73746  -50.836  44.063  27.428 0.4000000060
73749  -50.796  44.399  26.488 0.6000000238
73751  -51.236  44.416  25.483 0.5000000000
73753  -51.454  44.424  24.494 0.5000000000
74241  -51.443  45.292  23.873 0.4000000060
74247  -51.172  45.150  22.165 0.4000000060
73775  -50.605  45.146  20.682 0.4000000060
74261  -50.578  45.548  20.049 0.3000000119
74243  -51.376  45.181  22.976 0.3000000119
74262  -50.711  44.928  19.788 0.3000000119
74275  -51.184  45.244  17.894 0.3000000119
73748  -50.574  44.827  27.211 0.4000000060
74239  -51.390  45.461  24.894 0.3000000119
74675  -51.133  45.964  23.180 0.3000000119
74678  -51.017  45.705  22.499 0.4000000060
74253  -50.434  45.586  21.017 0.3000000119
74268  -50.681  45.932  19.407 0.3000000119
74236  -50.511  45.488  26.577 0.4000000060
74658  -50.120  46.398  26.728 0.1000000015
74665  -51.099  45.933  25.367 0.1000000015
74669  -51.038  46.359  24.906 0.2000000030
74237  -50.956  45.355  25.762 0.3000000119
74672  -51.177  46.170  24.076 0.3000000119
74683  -50.414  46.460  20.388 0.3000000119
74664  -50.614  46.413  25.749 0.2000000030
75095  -50.109  47.338  25.310 0.1000000015
74668  -50.532  46.883  24.951 0.2000000030
75099  -49.995  47.313  24.516 0.2000000030
74671  -50.514  46.721  24.264 0.2000000030
74674  -50.461  46.526  23.401 0.2000000030
74677  -50.375  46.293  22.404 0.3000000119
75090  -49.984  47.297  26.195 0.2000000030
72106  -51.558  41.617  21.491 0.6999999881
69860  -52.327  37.088  20.282 0.8000000119
67342  -53.741  32.259  15.097 0.6999999881
67332  -53.939  32.258  15.591 0.6999999881
69434  -49.742  36.909  13.654 0.6000000238
63460  -49.249  26.079  11.983 0.3000000119
62871  -42.404  24.151  9.739 0.1000000015
62210  -44.590  23.729  10.700 0.1000000015
62873  -45.748  24.834  10.588 0.1000000015
62857  -46.622  25.220  11.703 0.3000000119
65121  -51.794  28.103  12.300 0.4000000060
63471  -46.534  26.288  10.945 0.3000000119
64016  -47.605  26.960  10.981 0.3000000119
64017  -48.136  27.074  11.048 0.3000000119
65134  -51.791  28.392  12.210 0.4000000060
63956  -55.545  26.322  21.187 0.3000000119
65147  -50.798  28.432  11.201 0.4000000060
64585  -47.913  27.473  10.307 0.3000000119
65145  -49.603  28.517  10.262 0.5000000000
65678  -51.460  29.368  11.605 0.5000000000
65144  -49.120  28.324  9.788 0.5000000000
65691  -49.839  29.685  9.885 0.6000000238
66283  -50.951  29.916  11.058 0.6000000238
66242  -52.886  30.336  14.169 0.6000000238
66819  -52.936  31.512  13.994 0.6999999881
69859  -52.288  37.925  20.515 0.6999999881
66163  -55.065  30.726  23.823 0.3000000119
65060  -54.813  28.819  22.199 0.3000000119
71522  -52.409  39.697  21.957 0.6999999881
71496  -52.602  39.741  23.825 0.6999999881
72089  -51.783  40.807  24.185 0.6999999881
71508  -52.191  40.540  22.860 0.6000000238
71521  -51.861  40.612  21.829 0.6999999881
71520  -51.671  41.093  21.467 0.6000000238
71530  -51.813  40.336  20.787 0.6000000238
70971  -51.496  39.381  14.100 0.4000000060
70895  -51.844  39.265  26.735 0.8000000119
68854  -53.069  35.458  24.047 0.6000000238
69829  -52.665  36.991  24.646 0.8000000119
72657  -50.788  42.494  26.179 0.6999999881
73756  -51.426  44.391  23.531 0.6999999881
70424  -50.457  38.113  13.234 0.6000000238
70425  -50.933  38.781  13.346 0.4000000060
73209  -50.632  42.686  26.863 0.6999999881
73212  -50.713  42.870  26.517 0.6999999881
73769  -50.759  44.981  21.104 0.4000000060
71574  -51.850  40.380  14.013 0.4000000060
73745  -50.650  44.666  27.954 0.5000000000
73743  -50.967  43.891  28.140 0.4000000060
74254  -50.863  45.196  21.560 0.4000000060
74269  -50.793  45.349  19.029 0.3000000119
74234  -50.093  45.584  27.542 0.3000000119
74246  -50.643  45.697  21.859 0.4000000060
74680  -50.196  46.391  21.333 0.3000000119
62770  -54.949  24.401  22.383 0.2000000030
62110  -55.005  23.299  21.773 0.2000000030
62117  -54.970  23.207  20.601 0.2000000030
62124  -54.975  23.483  19.469 0.2000000030
63371  -55.258  25.463  23.966 0.2000000030
62776  -55.170  24.358  21.227 0.2000000030
62129  -54.962  23.663  18.425 0.2000000030
62135  -55.111  23.695  17.398 0.2000000030
62141  -55.369  23.633  16.395 0.1000000015
62147  -55.455  23.516  15.338 0.2000000030
62156  -55.336  23.351  14.265 0.2000000030
63370  -55.004  25.866  24.644 0.2000000030
62186  -54.688  23.591  12.389 0.1000000015
62171  -55.071  23.359  13.107 0.1000000015
62202  -55.112  23.017  10.811 0.1000000015
62903  -52.796  23.881  9.001 0.1000000015
62229  -53.728  23.437  9.740 0.1000000015
64060  -50.615  25.022  8.121 0.1000000015
63926  -54.827  26.694  25.864 0.2000000030
63931  -54.958  26.453  24.149 0.2000000030
63376  -55.272  25.567  22.877 0.2000000030
63932  -55.180  26.185  23.509 0.2000000030
62782  -55.170  24.405  20.134 0.2000000030
62789  -55.091  24.566  19.058 0.2000000030
62811  -55.067  24.432  15.783 0.2000000030
62215  -53.855  23.541  10.153 0.1000000015
62201  -54.634  23.557  11.389 0.1000000015
62170  -54.686  23.603  12.866 0.1000000015
62827  -54.723  23.820  13.827 0.2000000030
62818  -55.023  24.260  14.716 0.2000000030
64040  -50.692  25.084  9.285 0.1000000015
63501  -52.205  24.314  9.340 0.1000000015
62892  -52.960  24.159  9.757 0.1000000015
62878  -53.610  23.878  10.374 0.1000000015
62865  -54.098  23.981  10.966 0.1000000015
63484  -50.218  23.948  9.136 0.1000000015
63500  -51.588  24.518  8.970 0.1000000015
63928  -54.901  26.584  24.971 0.2000000030
64484  -54.829  27.250  24.486 0.2000000030
63941  -55.159  26.625  22.966 0.2000000030
63385  -55.387  25.405  21.763 0.2000000030
63488  -52.267  24.471  10.150 0.1000000015
62837  -54.286  23.914  13.099 0.1000000015
63486  -50.938  24.425  9.595 0.1000000015
62226  -49.947  22.532  9.961 0.1000000015
62227  -50.795  23.253  10.279 0.1000000015
62213  -50.419  22.755  10.970 0.1000000015
61537  -49.963  22.041  11.231 0.1000000015
61525  -50.071  21.540  11.798 0.1000000015
66148  -54.196  30.510  27.331 0.2000000030
66150  -54.535  30.487  26.609 0.2000000030
66727  -53.977  31.190  27.502 0.2000000030
65035  -54.203  29.043  28.554 0.2000000030
68833  -51.679  35.870  29.204 0.2000000030
66728  -54.385  31.271  26.984 0.2000000030
68837  -51.970  35.159  28.549 0.2000000030
68338  -52.501  34.361  27.845 0.2000000030
67786  -52.952  33.196  27.602 0.2000000030
67256  -54.078  32.788  26.638 0.2000000030
67254  -54.417  31.810  26.683 0.2000000030
66730  -54.621  31.322  26.286 0.2000000030
66152  -54.747  30.498  25.766 0.2000000030
64479  -54.691  27.732  26.253 0.2000000030
68836  -51.532  35.981  28.265 0.2000000030
68339  -53.021  33.974  27.118 0.2000000030
67788  -53.572  33.313  26.741 0.2000000030
67257  -54.488  32.369  26.162 0.2000000030
68845  -51.912  35.579  27.434 0.2000000030
68341  -52.591  34.712  26.883 0.2000000030
67789  -54.138  33.195  26.273 0.2000000030
66732  -54.764  31.445  25.409 0.2000000030
68344  -52.755  34.802  26.144 0.2000000030
68342  -53.204  34.181  26.427 0.2000000030
67791  -53.779  33.777  26.126 0.2000000030
67259  -54.624  32.445  24.989 0.2000000030
68345  -53.276  34.398  25.477 0.2000000030
67792  -54.220  33.445  25.492 0.2000000030
66734  -54.815  31.511  24.403 0.2000000030
62890  -50.678  23.617  9.581 0.1000000015
62877  -52.871  24.401  10.660 0.1000000015
62851  -54.185  24.102  11.964 0.1000000015
61526  -51.002  21.943  12.268 0.1000000015
61500  -47.862  22.226  14.166 0.1000000015
65039  -54.522  28.740  26.648 0.2000000030
65586  -54.555  29.620  26.157 0.2000000030
64477  -54.613  27.893  27.241 0.2000000030
64481  -54.779  27.598  25.249 0.2000000030
70323  -50.665  38.461  31.162 0.3000000119
69801  -50.695  37.967  30.704 0.3000000119
69805  -50.952  37.476  30.269 0.2000000030
69314  -51.332  36.620  29.739 0.2000000030
69316  -51.397  36.713  28.726 0.2000000030
69808  -51.188  37.537  29.141 0.2000000030
68844  -51.505  36.167  27.720 0.2000000030
64493  -54.813  27.142  23.900 0.2000000030
68847  -52.327  35.543  26.397 0.3000000119
68346  -53.854  34.024  24.775 0.2000000030
63940  -54.949  26.757  23.551 0.2000000030
67796  -54.297  33.313  24.446 0.2000000030
66742  -54.706  31.525  23.439 0.2000000030
66171  -54.889  30.680  22.956 0.2000000030
66172  -55.117  30.053  22.614 0.2000000030
67261  -54.543  32.419  23.960 0.2000000030
67269  -54.508  32.419  22.968 0.2000000030
66751  -54.587  31.459  22.479 0.2000000030
66188  -54.636  30.611  20.898 0.2000000030
67279  -54.344  32.403  21.972 0.2000000030
63472  -51.349  24.269  10.112 0.1000000015
63487  -51.529  24.519  9.632 0.1000000015
62864  -53.373  24.530  11.464 0.1000000015
62836  -53.638  24.802  13.434 0.1000000015
62826  -54.057  24.615  14.235 0.1000000015
62891  -51.064  23.873  10.094 0.1000000015
63473  -51.727  24.517  10.649 0.1000000015
63474  -52.313  24.710  11.031 0.1000000015
62863  -52.756  24.660  11.254 0.1000000015
62214  -51.131  23.473  11.007 0.1000000015
62228  -51.089  23.668  10.510 0.1000000015
62179  -45.098  23.290  13.238 0.1000000015
60810  -51.000  21.412  13.001 0.1000000015
61499  -46.728  22.137  14.246 0.1000000015
60792  -48.556  21.585  13.617 0.1000000015
60793  -49.643  21.665  13.626 0.1000000015
66136  -53.628  30.251  29.116 0.2000000030
65578  -53.570  30.260  28.511 0.2000000030
65582  -53.914  29.807  27.856 0.2000000030
65584  -54.378  29.678  27.039 0.2000000030
64482  -54.766  27.924  24.595 0.2000000030
70870  -50.804  39.285  31.230 0.3000000119
70874  -50.799  39.067  30.472 0.3000000119
65588  -54.738  29.625  25.288 0.2000000030
65044  -54.609  28.972  24.899 0.2000000030
70326  -50.812  38.441  30.287 0.3000000119
70329  -50.977  38.384  29.463 0.3000000119
65589  -54.916  29.501  24.517 0.2000000030
69323  -51.293  36.660  27.927 0.3000000119
69324  -51.587  36.582  27.372 0.3000000119
69330  -51.997  36.509  26.686 0.5000000000
65597  -54.977  29.311  23.738 0.2000000030
64485  -54.844  27.815  24.012 0.2000000030
68849  -52.627  35.376  25.600 0.2000000030
68350  -53.247  34.585  24.447 0.3000000119
68351  -53.742  33.973  23.972 0.3000000119
68361  -53.684  34.014  23.067 0.3000000119
67804  -54.224  33.280  23.485 0.2000000030
62875  -51.382  24.098  10.831 0.1000000015
62198  -50.610  22.227  11.573 0.1000000015
62876  -51.605  24.474  11.196 0.1000000015
63464  -52.528  25.065  11.852 0.1000000015
61503  -51.125  22.560  13.590 0.1000000015
62199  -51.310  23.143  12.010 0.1000000015
62861  -51.357  24.178  11.784 0.1000000015
62862  -51.532  24.465  11.598 0.1000000015
62167  -49.345  23.354  13.791 0.1000000015
62835  -51.458  23.994  13.184 0.1000000015
62184  -51.583  23.696  12.464 0.1000000015
62833  -49.934  23.882  13.345 0.1000000015
63450  -50.750  24.990  12.550 0.1000000015
66132  -53.916  30.352  29.699 0.2000000030
65571  -54.127  29.735  29.293 0.2000000030
65579  -53.730  29.994  28.634 0.2000000030
65037  -54.344  28.879  27.567 0.2000000030
65041  -54.561  28.658  25.623 0.2000000030
65042  -54.662  28.350  24.925 0.2000000030
70331  -51.183  38.409  28.590 0.4000000060
65045  -54.805  28.624  24.307 0.2000000030
69811  -51.257  37.573  28.035 0.4000000060
69815  -51.393  37.094  27.574 0.5000000000
69816  -51.726  37.529  27.129 0.5000000000
65053  -54.835  28.459  23.462 0.2000000030
69332  -52.348  36.396  25.719 0.5000000000
69333  -52.719  36.003  25.166 0.5000000000
68850  -52.823  35.306  24.844 0.4000000060
65618  -54.777  29.640  21.211 0.2000000030
63463  -51.747  24.827  11.805 0.1000000015
63462  -51.042  25.098  12.192 0.1000000015
63451  -51.200  24.701  12.305 0.1000000015
70889  -51.498  39.344  27.546 0.6999999881
70885  -51.350  39.063  28.219 0.6000000238
70334  -51.735  38.526  27.240 0.6000000238
70340  -52.130  38.391  26.491 0.6999999881
70884  -51.106  39.291  28.839 0.6000000238
70332  -51.415  38.509  27.863 0.6000000238
64494  -54.881  27.473  23.274 0.2000000030
69812  -51.494  38.052  27.543 0.6000000238
69822  -52.200  37.420  26.145 0.6000000238
69337  -52.576  36.601  25.030 0.5000000000
65067  -55.086  28.085  21.916 0.2000000030
62197  -46.216  24.333  12.210 0.1000000015
62844  -46.804  24.433  12.721 0.2000000030
62845  -47.603  24.697  12.779 0.2000000030
62846  -48.630  24.803  12.832 0.2000000030
63461  -50.078  25.600  12.215 0.2000000030
62887  -45.681  25.382  10.050 0.1000000015
62859  -48.901  25.497  12.321 0.2000000030
62860  -49.498  25.469  12.290 0.2000000030
64026  -41.988  26.684  10.311 0.1000000015
64035  -42.916  26.832  9.459 0.1000000015
63478  -42.403  25.681  9.064 0.1000000015
62899  -44.730  25.467  9.189 0.2000000030
63480  -44.305  25.829  8.939 0.2000000030
62900  -44.986  25.413  9.348 0.1000000015
63495  -45.458  26.050  9.944 0.2000000030
64593  -43.167  27.680  10.225 0.1000000015
64036  -44.138  26.588  9.336 0.1000000015
64046  -44.489  26.211  9.225 0.1000000015
63494  -45.104  25.806  9.508 0.2000000030
64048  -45.479  26.622  10.033 0.2000000030
64049  -45.757  26.644  10.281 0.2000000030
66248  -43.546  27.912  16.047 0.1000000015
66247  -42.261  27.969  15.941 0.1000000015
66260  -42.928  27.294  15.294 0.1000000015
65673  -43.565  26.822  14.147 0.1000000015
64583  -42.615  27.636  10.722 0.1000000015
64594  -44.078  27.459  9.991 0.1000000015
64595  -44.406  26.981  9.795 0.1000000015
64037  -44.564  26.793  9.719 0.1000000015
63493  -44.695  25.952  9.225 0.1000000015
64606  -46.478  27.775  10.025 0.2000000030
66236  -42.890  29.059  15.728 0.1000000015
66261  -44.007  27.013  14.818 0.1000000015
65152  -43.151  28.064  10.782 0.1000000015
64603  -44.649  27.621  10.378 0.1000000015
64604  -44.882  27.218  10.184 0.1000000015
64605  -45.701  27.229  10.271 0.2000000030
64615  -46.960  27.738  8.994 0.2000000030
64607  -47.154  27.801  9.414 0.2000000030
65154  -48.765  28.423  9.255 0.4000000060
66227  -43.392  30.139  15.306 0.2000000030
66237  -44.003  29.200  15.732 0.2000000030
66249  -45.015  28.106  15.763 0.1000000015
66262  -45.427  27.374  14.363 0.2000000030
66263  -45.954  28.126  13.601 0.2000000030
65161  -45.127  27.980  10.610 0.2000000030
65169  -46.530  28.004  9.201 0.2000000030
65719  -46.593  28.449  8.801 0.2000000030
65164  -48.040  28.124  8.729 0.3000000119
68940  -48.301  35.645  12.781 0.6000000238
68939  -47.931  34.940  12.351 0.6000000238
66238  -45.028  29.635  15.477 0.2000000030
66250  -45.882  28.892  14.632 0.2000000030
65663  -46.182  29.008  13.496 0.3000000119
65710  -47.027  29.173  8.747 0.4000000060
65701  -49.194  29.149  9.348 0.5000000000
65711  -48.225  29.058  8.586 0.5000000000
65700  -48.835  28.947  8.927 0.5000000000
69432  -48.774  36.281  13.115 0.5000000000
67347  -44.593  32.689  13.905 0.4000000060
68462  -47.391  34.593  12.090 0.6000000238
66228  -44.215  30.313  15.289 0.2000000030
66810  -44.863  31.159  14.651 0.4000000060
66229  -44.783  30.534  15.079 0.3000000119
66239  -45.414  30.301  14.622 0.2000000030
66251  -45.998  29.855  13.876 0.3000000119
65712  -48.757  29.260  8.951 0.5000000000
66303  -48.571  29.720  9.082 0.5000000000
70430  -50.300  38.137  12.841 0.3000000119
69439  -49.747  36.812  13.102 0.5000000000
69915  -50.095  37.436  12.788 0.3000000119
69916  -50.182  38.256  12.621 0.2000000030
69923  -50.085  38.725  12.509 0.2000000030
69438  -49.513  36.678  12.594 0.2000000030
69914  -49.885  37.031  12.299 0.2000000030
69922  -49.844  38.278  12.304 0.2000000030
69437  -48.862  36.139  12.283 0.4000000060
69443  -49.269  36.589  11.959 0.2000000030
68951  -48.274  35.493  11.772 0.4000000060
63950  -55.428  26.431  22.150 0.2000000030
64501  -55.128  27.342  22.419 0.2000000030
66178  -54.930  30.376  22.021 0.2000000030
64506  -55.383  27.246  21.580 0.2000000030
62164  -45.995  22.854  14.040 0.1000000015
62847  -49.876  24.708  12.696 0.2000000030
62163  -44.869  22.806  14.459 0.1000000015
61498  -45.718  22.057  14.728 0.1000000015
62180  -46.218  23.880  13.275 0.2000000030
62181  -47.376  23.985  13.526 0.1000000015
62182  -48.393  24.065  13.452 0.2000000030
64582  -42.420  27.006  11.482 0.1000000015
62888  -45.767  25.701  10.261 0.2000000030
64038  -46.387  27.030  10.548 0.3000000119
64596  -47.015  27.697  10.190 0.2000000030
65610  -54.930  29.411  22.048 0.2000000030
61459  -55.159  22.693  18.814 0.2000000030
63367  -55.093  25.201  24.732 0.2000000030
62850  -53.651  24.651  12.536 0.1000000015
61513  -51.514  22.784  12.999 0.1000000015
61501  -48.993  22.361  14.054 0.1000000015
66179  -55.102  30.096  22.311 0.2000000030
62165  -47.092  23.105  14.102 0.1000000015
61502  -50.095  22.450  13.961 0.1000000015
62834  -50.755  24.071  13.337 0.1000000015
62183  -49.222  24.150  13.244 0.2000000030
62166  -48.201  23.203  14.015 0.1000000015
65061  -54.865  28.230  22.663 0.2000000030
64027  -42.577  27.335  10.082 0.1000000015
62885  -44.182  24.891  9.036 0.2000000030
64047  -44.857  26.505  9.675 0.1000000015
65656  -41.434  28.146  15.353 0.1000000015
65163  -46.404  28.035  9.892 0.2000000030
65720  -47.346  28.467  8.380 0.3000000119
66809  -44.390  31.205  15.042 0.3000000119
69921  -49.460  37.414  11.879 0.3000000119
70322  -50.400  37.856  31.662 0.2000000030
70318  -50.357  38.380  32.173 0.2000000030
70299  -49.994  38.204  35.386 0.2000000030
70303  -50.124  38.328  34.203 0.2000000030
70310  -50.226  38.363  33.253 0.2000000030
71434  -48.740  39.777  36.821 0.2000000030
70850  -49.107  39.187  36.602 0.2000000030
71438  -48.797  39.898  36.140 0.2000000030
70295  -49.399  38.568  36.163 0.2000000030
70298  -49.480  38.831  35.641 0.2000000030
70852  -49.184  39.320  35.834 0.2000000030
70853  -49.448  39.251  35.207 0.2000000030
70856  -49.616  39.072  34.452 0.2000000030
70859  -49.933  39.164  33.593 0.2000000030
70866  -50.357  39.248  32.758 0.2000000030
70319  -50.610  38.926  31.595 0.2000000030
71425  -48.040  39.937  38.679 0.1000000015
71429  -48.164  39.974  38.089 0.1000000015
71433  -48.352  40.017  37.362 0.1000000015
71437  -48.246  40.376  36.458 0.2000000030
71441  -48.938  40.160  35.245 0.2000000030
71442  -49.268  39.741  34.607 0.2000000030
71446  -49.580  39.941  33.887 0.2000000030
71450  -50.196  39.980  33.246 0.3000000119
71458  -50.311  40.074  32.256 0.4000000060
70867  -50.505  39.326  31.894 0.2000000030
70879  -50.778  39.038  29.657 0.4000000060
72573  -42.047  42.737  45.818 0.1000000015
70833  -45.702  39.856  40.782 0.1000000015
71417  -45.440  40.524  40.933 0.1000000015
72006  -47.101  40.882  40.171 0.1000000015
71421  -47.229  40.335  39.898 0.1000000015
71424  -47.670  40.352  39.197 0.1000000015
71428  -47.741  40.560  38.319 0.1000000015
71432  -47.862  40.499  37.670 0.1000000015
71436  -47.825  40.651  37.027 0.1000000015
71440  -48.463  40.455  35.815 0.2000000030
71445  -49.066  40.314  34.355 0.3000000119
72029  -49.787  40.367  33.466 0.3000000119
72033  -49.892  40.591  32.991 0.3000000119
71467  -50.317  39.464  30.748 0.3000000119
71459  -50.451  39.749  31.465 0.4000000060
71471  -50.176  38.963  29.768 0.4000000060
73134  -41.599  43.070  45.874 0.1000000015
73130  -40.460  42.744  46.560 0.1000000015
73129  -39.676  42.893  46.674 0.1000000015
73124  -39.617  42.722  47.248 0.1000000015
73138  -42.618  42.875  44.926 0.1000000015
73133  -40.670  43.043  45.833 0.1000000015
71995  -43.398  41.550  43.894 0.1000000015
71994  -43.255  41.553  44.513 0.1000000015
71997  -43.435  41.463  43.112 0.1000000015
72001  -44.503  41.406  41.600 0.1000000015
71999  -43.879  41.463  42.263 0.1000000015
72002  -45.160  41.363  41.116 0.1000000015
71419  -46.083  40.497  40.545 0.1000000015
72004  -45.770  41.311  40.624 0.1000000015
72005  -46.572  41.314  40.246 0.1000000015
72009  -46.733  41.637  39.749 0.1000000015
72010  -47.206  41.262  39.604 0.1000000015
72014  -47.321  41.192  38.651 0.1000000015
72022  -48.148  40.788  35.936 0.2000000030
72025  -48.362  41.152  35.392 0.2000000030
72026  -48.835  41.007  34.585 0.2000000030
72028  -49.168  40.742  33.679 0.3000000119
72032  -49.210  40.893  32.906 0.3000000119
71466  -49.635  40.072  31.236 0.4000000060
72043  -49.596  40.500  32.231 0.4000000060
71470  -49.522  39.434  30.191 0.4000000060
71475  -50.595  39.974  29.107 0.5000000000
70888  -51.330  39.694  28.159 0.5000000000
71479  -51.065  40.279  28.455 0.5000000000
73128  -39.000  43.319  46.972 0.1000000015
72577  -43.081  42.377  44.841 0.1000000015
73137  -41.795  43.215  44.968 0.1000000015
73136  -40.888  42.981  44.876 0.1000000015
73132  -39.748  42.889  45.960 0.1000000015
72581  -43.383  42.361  43.489 0.1000000015
72578  -43.305  42.362  44.165 0.1000000015
73142  -42.879  43.370  44.209 0.1000000015
72583  -43.726  42.450  42.688 0.1000000015
73143  -43.402  42.896  43.858 0.1000000015
72585  -44.331  42.458  41.802 0.1000000015
72586  -44.887  42.066  41.303 0.1000000015
72589  -45.284  42.245  40.594 0.1000000015
72590  -45.883  41.830  40.183 0.1000000015
72601  -46.866  41.657  38.916 0.1000000015
72595  -46.676  41.770  39.336 0.1000000015
72018  -47.288  41.328  37.504 0.1000000015
72021  -47.646  41.224  36.168 0.1000000015
72024  -47.854  41.630  35.483 0.2000000030
72617  -48.793  41.692  34.103 0.2000000030
72620  -48.728  41.493  33.386 0.3000000119
72624  -48.541  41.161  32.790 0.3000000119
72055  -49.224  40.395  31.750 0.4000000060
71465  -49.137  40.251  30.911 0.5000000000
70873  -49.087  39.549  30.029 0.5000000000
71469  -48.939  40.002  30.364 0.5000000000
73141  -42.113  43.672  44.217 0.1000000015
73147  -43.543  43.414  43.316 0.1000000015
73146  -43.191  43.899  43.642 0.1000000015
73681  -42.838  44.334  43.608 0.1000000015
73149  -44.151  43.477  42.362 0.1000000015
73682  -43.310  44.402  43.254 0.1000000015
72588  -44.794  42.758  41.105 0.1000000015
73154  -45.141  42.716  40.046 0.1000000015
73151  -44.524  43.553  41.400 0.1000000015
72593  -45.544  42.369  39.856 0.1000000015
73153  -44.744  43.382  40.291 0.1000000015
72599  -45.637  42.531  39.181 0.1000000015
72600  -46.214  42.249  38.676 0.1000000015
72013  -46.785  41.743  38.201 0.1000000015
72017  -46.799  41.872  37.678 0.1000000015
72605  -46.818  42.111  37.289 0.1000000015
72609  -47.017  42.252  36.505 0.1000000015
72612  -48.143  42.033  35.099 0.2000000030
72616  -48.357  42.447  34.373 0.2000000030
72619  -48.538  42.375  33.670 0.3000000119
72623  -48.126  42.069  32.796 0.3000000119
72613  -48.629  41.738  34.759 0.2000000030
72041  -47.982  41.070  32.078 0.5000000000
72053  -47.612  41.173  31.032 0.5000000000
72060  -48.271  41.103  30.030 0.5000000000
72054  -48.699  40.542  31.207 0.5000000000
71473  -48.909  40.228  29.474 0.5000000000
72042  -48.862  40.630  32.233 0.4000000060
71477  -49.314  39.955  29.238 0.5000000000
71474  -49.606  39.947  29.189 0.5000000000
72064  -50.740  40.750  28.660 0.5000000000
73684  -43.825  44.406  42.744 0.1000000015
73686  -44.259  44.562  41.872 0.1000000015
74163  -43.429  44.928  42.891 0.1000000015
74166  -43.634  45.500  42.348 0.1000000015
73688  -44.481  44.609  40.784 0.1000000015
73157  -45.131  42.989  39.479 0.1000000015
73162  -45.997  42.852  38.040 0.1000000015
72608  -46.636  42.743  37.056 0.2000000030
72604  -46.449  42.410  37.752 0.1000000015
72611  -47.423  42.246  35.518 0.2000000030
73177  -48.466  42.988  33.946 0.2000000030
72059  -47.520  41.800  30.493 0.5000000000
72644  -48.023  42.457  30.108 0.5000000000
72646  -48.843  42.271  29.563 0.5000000000
72647  -49.605  42.270  28.943 0.6000000238
72634  -47.529  42.099  31.540 0.4000000060
72052  -47.254  41.795  30.980 0.5000000000
72062  -49.179  41.165  29.209 0.5000000000
72649  -50.257  42.392  28.523 0.6000000238
72063  -50.190  41.225  28.774 0.6000000238
72066  -50.475  41.854  28.354 0.6000000238
72067  -50.726  41.332  28.043 0.5000000000
74168  -44.106  45.648  41.252 0.1000000015
73161  -45.416  43.443  38.421 0.1000000015
73160  -44.938  44.082  38.714 0.1000000015
73693  -44.655  44.608  38.920 0.1000000015
73166  -46.131  43.446  37.432 0.1000000015
73170  -47.047  42.831  35.871 0.2000000030
73174  -47.248  43.415  35.291 0.2000000030
73206  -50.567  43.232  28.344 0.5000000000
72642  -47.269  42.123  31.002 0.4000000060
73169  -46.680  43.440  36.280 0.2000000030
70848  -48.971  39.213  37.460 0.1000000015
72570  -41.526  42.432  46.276 0.1000000015
72574  -42.504  42.332  45.427 0.1000000015
73123  -38.961  43.015  47.471 0.1000000015
73667  -39.698  43.020  45.440 0.1000000015
72594  -46.221  41.992  39.631 0.1000000015
73180  -48.178  43.239  33.324 0.2000000030
74162  -42.834  45.371  43.147 0.1000000015
74165  -43.183  45.953  42.652 0.1000000015
73156  -44.791  43.812  39.230 0.1000000015
72615  -47.780  42.699  34.840 0.2000000030
73182  -47.985  43.041  32.243 0.3000000119
67767  -50.875  33.396  32.799 0.1000000015
68313  -51.061  34.204  33.208 0.1000000015
68816  -51.889  34.901  33.316 0.1000000015
69296  -51.776  36.133  33.440 0.1000000015
68319  -51.047  33.864  32.257 0.1000000015
67769  -50.872  33.245  31.745 0.1000000015
69302  -51.460  35.382  32.790 0.1000000015
68822  -51.188  34.581  32.627 0.1000000015
68324  -51.021  33.638  31.444 0.1000000015
69782  -51.370  36.965  34.293 0.1000000015
69791  -51.153  36.843  33.354 0.1000000015
69792  -51.581  36.679  33.746 0.1000000015
68821  -50.589  35.002  32.360 0.1000000015
68827  -50.721  34.226  31.610 0.1000000015
68326  -51.467  33.803  30.820 0.1000000015
70311  -50.636  37.603  33.821 0.1000000015
69797  -50.689  36.875  32.854 0.1000000015
69301  -50.984  36.212  32.702 0.1000000015
67774  -51.924  33.155  30.191 0.1000000015
69790  -50.383  37.459  32.996 0.1000000015
69300  -50.530  36.354  32.233 0.1000000015
68820  -50.410  35.726  32.157 0.1000000015
68323  -50.250  34.881  31.874 0.1000000015
68329  -52.053  34.027  29.959 0.1000000015
69796  -50.433  37.101  32.210 0.1000000015
69306  -50.491  36.403  31.728 0.1000000015
69307  -50.655  36.040  31.362 0.1000000015
68826  -50.648  35.225  31.329 0.1000000015
68830  -51.411  34.635  30.631 0.1000000015
67777  -52.312  33.194  29.164 0.1000000015
69310  -50.633  36.630  31.150 0.1000000015
68829  -51.435  35.634  30.269 0.1000000015
68834  -51.876  34.946  29.608 0.1000000015
67778  -52.483  32.860  28.289 0.1000000015
69804  -50.706  36.963  30.799 0.1000000015
68331  -52.330  34.248  28.939 0.1000000015
67253  -53.830  32.169  27.146 0.1000000015
67764  -51.125  33.427  33.804 0.1000000015
68809  -51.812  35.271  34.348 0.1000000015
68306  -51.426  34.274  34.060 0.1000000015
69288  -51.737  36.195  34.308 0.1000000015
67230  -50.563  32.563  32.168 0.1000000015
69783  -51.768  36.565  33.953 0.1000000015
67771  -51.406  33.138  30.977 0.1000000015
67239  -52.103  32.305  29.643 0.1000000015
67246  -52.089  32.136  28.661 0.1000000015
67247  -52.740  32.110  27.825 0.1000000015
67760  -51.158  33.309  34.705 0.1000000015
67226  -50.622  32.643  33.556 0.1000000015
66701  -50.434  31.982  33.997 0.1000000015
67225  -50.483  32.254  32.814 0.1000000015
69287  -51.439  36.287  34.946 0.1000000015
68801  -51.479  35.368  35.263 0.1000000015
68298  -51.503  34.596  34.632 0.1000000015
67229  -50.397  32.045  32.468 0.1000000015
69779  -50.988  37.102  35.359 0.1000000015
68808  -51.637  35.790  34.713 0.1000000015
67233  -51.187  32.490  31.227 0.1000000015
70304  -50.714  37.741  34.739 0.1000000015
67236  -51.830  32.384  30.514 0.1000000015
60752  -55.910  21.131  18.298 0.1000000015
65008  -51.233  28.854  34.686 0.1000000015
66694  -51.041  31.936  34.761 0.1000000015
66693  -50.437  31.249  34.181 0.1000000015
67759  -51.117  33.727  35.228 0.1000000015
67221  -51.271  32.653  34.555 0.1000000015
68305  -51.027  34.155  34.697 0.1000000015
66700  -50.162  31.725  33.130 0.1000000015
68798  -51.102  35.439  36.117 0.1000000015
68297  -51.294  34.445  35.211 0.1000000015
69283  -51.164  36.198  35.657 0.1000000015
66705  -50.396  31.556  31.836 0.1000000015
66706  -50.974  32.045  31.492 0.1000000015
66713  -52.428  31.713  30.123 0.1000000015
66716  -52.465  31.313  29.342 0.1000000015
66724  -52.657  31.268  28.460 0.1000000015
66725  -53.329  31.269  27.825 0.1000000015
61453  -55.668  21.823  20.085 0.1000000015
60037  -56.155  20.526  17.582 0.1000000015
60767  -55.981  21.236  17.027 0.1000000015
59929  -47.661  20.736  44.104 0.1000000015
60640  -47.437  20.560  43.007 0.1000000015
60641  -48.685  21.781  43.053 0.1000000015
60645  -48.249  22.159  41.939 0.1000000015
88724  -49.969  23.387  39.853 0.1000000015
88733  -49.700  23.675  39.208 0.1000000015
62700  -50.047  24.799  39.254 0.1000000015
62701  -50.099  24.792  38.539 0.1000000015
63322  -50.563  25.560  37.781 0.1000000015
88714  -48.638  22.458  40.801 0.1000000015
88723  -49.467  22.794  40.061 0.1000000015
63889  -51.314  26.382  37.021 0.1000000015
66660  -48.727  31.406  42.045 0.1000000015
64438  -51.095  27.310  36.689 0.1000000015
67203  -52.249  31.886  36.774 0.1000000015
67206  -52.238  32.433  36.147 0.1000000015
66677  -52.527  31.305  36.304 0.1000000015
66680  -52.543  31.490  35.448 0.1000000015
66100  -52.379  30.767  35.208 0.1000000015
66681  -52.443  31.199  35.086 0.1000000015
66107  -51.667  30.287  35.213 0.1000000015
65545  -51.073  29.568  35.627 0.1000000015
67205  -51.753  32.873  36.492 0.1000000015
67213  -52.010  32.387  35.137 0.1000000015
67214  -52.161  31.968  35.077 0.1000000015
66115  -51.702  31.437  34.959 0.1000000015
65550  -50.632  29.788  35.159 0.1000000015
65557  -51.090  29.563  32.920 0.1000000015
67752  -51.690  33.161  35.490 0.1000000015
66112  -50.045  29.835  33.810 0.1000000015
68289  -51.092  34.159  36.652 0.1000000015
67747  -51.379  33.436  36.430 0.1000000015
67748  -51.799  33.186  36.087 0.1000000015
66699  -49.737  30.853  32.569 0.1000000015
68293  -51.285  34.511  36.033 0.1000000015
69776  -50.919  36.708  35.913 0.1000000015
69280  -50.766  36.201  36.241 0.1000000015
66709  -51.108  30.775  31.638 0.1000000015
64464  -54.274  27.658  30.858 0.1000000015
69775  -50.392  37.135  36.134 0.1000000015
66710  -51.911  31.441  31.066 0.1000000015
70296  -49.697  37.790  36.484 0.1000000015
69778  -50.471  37.524  35.527 0.1000000015
70300  -50.562  37.666  35.265 0.1000000015
66711  -52.895  31.010  30.741 0.1000000015
63356  -54.541  25.676  29.503 0.1000000015
62750  -54.460  24.792  27.742 0.1000000015
66714  -52.848  31.179  30.290 0.1000000015
66717  -52.773  31.271  29.815 0.1000000015
62085  -54.608  24.371  26.486 0.1000000015
66143  -52.760  30.821  29.041 0.1000000015
62086  -54.885  23.691  26.096 0.1000000015
66144  -53.363  30.559  28.606 0.1000000015
62089  -55.331  23.573  24.956 0.1000000015
61437  -55.518  22.459  21.256 0.1000000015
60745  -55.752  21.408  19.228 0.1000000015
62673  -47.916  24.548  46.620 0.1000000015
62671  -47.674  24.573  47.302 0.1000000015
62014  -47.942  24.058  46.969 0.1000000015
62013  -47.670  23.556  47.403 0.1000000015
61339  -47.533  22.529  47.041 0.1000000015
60626  -47.237  21.723  46.470 0.1000000015
63285  -47.770  25.481  46.366 0.1000000015
63288  -47.959  25.504  45.535 0.1000000015
60629  -47.376  21.409  45.407 0.1000000015
63860  -48.069  26.361  45.361 0.1000000015
60634  -47.584  21.142  44.580 0.1000000015
63863  -48.340  26.408  44.696 0.1000000015
60635  -48.038  21.284  44.210 0.1000000015
60636  -48.777  21.704  43.878 0.1000000015
64408  -48.993  27.371  43.969 0.1000000015
64966  -48.805  28.040  43.611 0.1000000015
64969  -48.385  28.612  43.545 0.1000000015
60643  -49.612  22.647  42.126 0.1000000015
60646  -49.407  22.651  41.086 0.1000000015
63886  -50.682  26.359  37.449 0.1000000015
65513  -48.496  29.762  42.571 0.1000000015
64434  -50.754  26.971  37.156 0.1000000015
66079  -48.626  30.484  42.309 0.1000000015
64446  -51.391  27.729  36.236 0.1000000015
66661  -48.976  31.460  41.240 0.1000000015
67190  -49.117  32.353  40.881 0.1000000015
67745  -51.053  33.539  37.108 0.1000000015
68797  -50.588  35.408  36.660 0.1000000015
69279  -50.275  36.249  36.845 0.1000000015
63360  -54.559  25.794  28.435 0.1000000015
66131  -53.497  30.584  30.386 0.1000000015
62752  -54.510  24.948  26.834 0.1000000015
62754  -54.637  24.824  26.050 0.1000000015
65581  -53.626  30.226  28.271 0.1000000015
62755  -55.017  24.563  25.268 0.1000000015
62092  -55.162  23.524  23.842 0.1000000015
62758  -55.235  24.463  24.360 0.1000000015
62091  -54.927  23.848  23.308 0.1000000015
62760  -54.872  24.063  23.197 0.1000000015
62100  -54.834  23.836  23.077 0.1000000015
62769  -54.811  24.056  22.957 0.1000000015
61445  -55.389  22.295  20.505 0.1000000015
61452  -55.284  22.410  19.688 0.1000000015
60744  -55.386  22.084  19.027 0.1000000015
60751  -55.501  21.888  18.343 0.1000000015
60760  -55.859  21.361  17.738 0.1000000015
61473  -55.584  22.806  16.962 0.1000000015
60759  -55.634  21.982  17.415 0.1000000015
62016  -47.778  23.027  46.766 0.1000000015
62017  -48.064  23.536  46.386 0.1000000015
61341  -47.731  22.485  46.183 0.1000000015
62675  -48.143  24.433  45.620 0.1000000015
61344  -47.954  22.230  45.472 0.1000000015
62679  -48.001  24.893  45.035 0.1000000015
63291  -48.092  25.505  44.787 0.1000000015
63864  -48.804  26.441  44.081 0.1000000015
60642  -49.387  22.370  42.822 0.1000000015
64970  -48.936  28.439  43.047 0.1000000015
61357  -50.441  22.950  40.769 0.1000000015
62033  -50.920  23.647  40.539 0.1000000015
62695  -50.399  24.353  39.970 0.1000000015
63318  -50.217  25.229  38.268 0.1000000015
65509  -48.717  29.085  42.602 0.1000000015
65514  -48.872  29.444  41.948 0.1000000015
63885  -50.124  26.450  38.076 0.1000000015
66080  -48.908  30.529  41.583 0.1000000015
64433  -50.265  27.332  37.743 0.1000000015
64437  -50.620  27.574  37.235 0.1000000015
66099  -52.311  30.278  35.761 0.1000000015
64996  -50.672  28.087  37.117 0.1000000015
66096  -52.219  30.394  36.659 0.1000000015
65532  -51.614  29.888  36.827 0.1000000015
66664  -48.948  31.531  40.404 0.1000000015
67202  -51.590  32.432  37.175 0.1000000015
66674  -51.783  31.323  37.769 0.1000000015
67735  -48.806  33.104  40.428 0.1000000015
66676  -52.231  31.300  37.081 0.1000000015
68285  -49.520  34.565  38.556 0.1000000015
67741  -49.166  33.792  38.859 0.1000000015
67738  -48.822  33.346  39.553 0.1000000015
67193  -48.973  32.352  40.020 0.1000000015
67201  -50.923  32.941  37.543 0.1000000015
68794  -50.196  35.381  37.346 0.1000000015
68288  -50.584  34.457  37.130 0.1000000015
69769  -49.647  36.748  37.713 0.1000000015
69273  -49.534  36.320  38.110 0.1000000015
69276  -49.901  36.213  37.553 0.1000000015
63918  -54.562  26.798  29.154 0.1000000015
70292  -49.331  38.219  37.139 0.1000000015
69772  -49.514  37.589  37.341 0.1000000015
69773  -49.882  37.135  37.190 0.1000000015
65565  -53.778  30.092  30.929 0.1000000015
63362  -54.616  25.859  27.385 0.1000000015
63364  -54.645  25.799  26.395 0.1000000015
61466  -55.238  22.759  17.884 0.1000000015
61342  -48.162  22.839  45.749 0.1000000015
62019  -48.421  23.410  45.506 0.1000000015
61345  -48.514  22.525  45.157 0.1000000015
60630  -48.000  21.776  44.901 0.1000000015
61346  -48.982  22.502  44.504 0.1000000015
61349  -49.448  22.544  43.948 0.1000000015
63292  -48.533  25.530  44.130 0.1000000015
63296  -49.136  25.557  43.609 0.1000000015
60631  -48.562  21.892  44.604 0.1000000015
63867  -49.286  26.464  43.459 0.1000000015
60637  -49.322  22.169  43.454 0.1000000015
61350  -49.900  22.648  43.395 0.1000000015
61353  -50.302  22.649  42.740 0.1000000015
61354  -50.551  22.671  41.822 0.1000000015
64411  -49.318  27.406  43.183 0.1000000015
62030  -51.356  23.402  41.548 0.1000000015
62694  -50.444  24.893  40.139 0.1000000015
64974  -49.060  28.428  42.305 0.1000000015
62697  -50.309  24.959  39.882 0.1000000015
63317  -49.743  25.477  38.937 0.1000000015
63882  -49.628  26.346  38.699 0.1000000015
65518  -49.060  29.793  41.231 0.1000000015
66083  -48.935  30.522  40.639 0.1000000015
65529  -51.084  29.514  38.167 0.1000000015
66095  -51.904  30.421  37.360 0.1000000015
66093  -51.484  30.388  38.041 0.1000000015
65531  -51.252  29.564  37.319 0.1000000015
65536  -51.070  29.276  36.526 0.1000000015
66087  -48.753  30.977  39.998 0.1000000015
67195  -49.123  32.368  39.216 0.1000000015
67739  -49.256  33.047  38.870 0.1000000015
67199  -51.377  31.919  37.891 0.1000000015
66673  -51.154  31.343  38.373 0.1000000015
67198  -50.697  32.451  38.105 0.1000000015
68792  -49.821  35.440  38.086 0.1000000015
68286  -50.145  34.479  37.911 0.1000000015
67744  -50.484  33.523  37.676 0.1000000015
64466  -54.434  27.752  29.862 0.1000000015
64473  -54.365  27.910  28.866 0.1000000015
65029  -54.381  28.823  29.555 0.1000000015
63922  -54.735  27.036  28.021 0.1000000015
63924  -54.735  26.830  26.865 0.1000000015
63366  -54.811  25.643  25.399 0.1000000015
62676  -48.487  23.855  45.096 0.1000000015
62020  -48.751  23.308  44.835 0.1000000015
62680  -48.560  24.336  44.373 0.1000000015
62027  -50.254  23.366  43.159 0.1000000015
62686  -50.532  23.892  42.923 0.1000000015
62028  -50.939  23.324  42.589 0.1000000015
62689  -50.863  24.451  42.402 0.1000000015
63868  -49.630  26.424  42.783 0.1000000015
62692  -51.207  24.407  41.076 0.1000000015
63306  -50.672  25.022  40.760 0.1000000015
64415  -49.365  27.809  42.625 0.1000000015
63311  -50.548  24.907  40.353 0.1000000015
63314  -49.965  25.353  39.714 0.1000000015
63881  -49.376  26.238  39.368 0.1000000015
64975  -48.976  28.370  41.633 0.1000000015
63316  -49.534  25.752  39.650 0.1000000015
64991  -50.572  28.159  37.725 0.1000000015
64992  -50.912  28.762  37.556 0.1000000015
64997  -50.924  28.471  36.725 0.1000000015
66667  -49.161  31.435  39.477 0.1000000015
67196  -49.724  32.397  38.695 0.1000000015
66092  -50.782  30.403  38.613 0.1000000015
67742  -49.860  33.460  38.389 0.1000000015
66671  -50.193  31.422  38.974 0.1000000015
64475  -54.465  28.152  28.050 0.1000000015
62023  -49.060  23.263  44.142 0.1000000015
62684  -48.944  24.938  43.807 0.1000000015
62681  -49.166  23.787  43.761 0.1000000015
62685  -49.753  24.419  43.391 0.1000000015
63301  -50.751  25.103  41.596 0.1000000015
63297  -49.723  25.564  43.079 0.1000000015
63305  -49.937  25.656  41.325 0.1000000015
63300  -50.104  25.491  42.295 0.1000000015
63310  -50.201  25.294  40.404 0.1000000015
63309  -49.696  25.731  40.814 0.1000000015
64412  -49.521  27.124  42.540 0.1000000015
63871  -49.622  26.438  42.089 0.1000000015
63874  -49.395  26.572  41.503 0.1000000015
63313  -49.613  25.690  40.222 0.1000000015
64429  -49.301  26.879  39.180 0.1000000015
64416  -49.420  27.484  41.971 0.1000000015
64430  -49.554  27.353  38.618 0.1000000015
64977  -48.703  28.403  40.899 0.1000000015
64981  -48.546  28.581  39.930 0.1000000015
65519  -48.779  29.422  40.605 0.1000000015
64988  -50.728  28.811  38.212 0.1000000015
66668  -49.745  30.913  39.451 0.1000000015
66084  -48.895  29.971  40.194 0.1000000015
65528  -50.364  29.488  38.621 0.1000000015
66670  -49.473  31.838  38.979 0.1000000015
66088  -49.165  30.397  39.681 0.1000000015
66090  -50.034  30.325  39.161 0.1000000015
73173  -46.884  43.915  35.695 0.1000000015
73176  -47.958  43.472  34.276 0.1000000015
73712  -47.880  43.987  33.307 0.2000000030
73715  -47.800  43.843  32.647 0.2000000030
73719  -47.805  43.732  31.922 0.2000000030
73187  -47.722  43.153  31.412 0.2000000030
72643  -47.513  42.490  30.811 0.3000000119
73197  -48.000  43.574  30.677 0.2000000030
73198  -48.802  43.321  30.073 0.3000000119
73204  -49.988  43.252  28.765 0.3000000119
63470  -41.805  25.567  9.742 0.1000000015
63479  -43.442  25.796  8.735 0.1000000015
62688  -50.228  25.019  42.859 0.1000000015
63304  -49.695  25.779  41.102 0.1000000015
63873  -49.468  26.020  41.113 0.1000000015
63877  -49.330  26.138  40.640 0.1000000015
63879  -49.253  26.213  40.037 0.1000000015
64418  -49.219  26.574  41.025 0.1000000015
64422  -49.076  26.787  40.525 0.1000000015
64426  -49.090  26.878  39.818 0.1000000015
64419  -49.016  27.383  41.185 0.1000000015
64423  -48.736  27.565  40.334 0.1000000015
64427  -48.898  27.588  39.448 0.1000000015
64985  -48.975  28.463  39.085 0.1000000015
65523  -48.755  29.457  39.778 0.1000000015
65522  -48.607  28.967  39.696 0.1000000015
65525  -48.780  29.049  39.387 0.1000000015
64987  -50.029  28.419  38.482 0.1000000015
65526  -49.409  29.406  39.112 0.1000000015
73203  -49.415  43.246  29.377 0.3000000119
73742  -50.372  44.148  28.599 0.3000000119
68450  -45.131  33.968  13.172 0.5000000000
68461  -46.517  34.568  12.116 0.5000000000
65548  -50.145  29.515  33.917 0.1000000015
66119  -49.791  30.003  32.962 0.1000000015
65003  -51.286  28.411  36.095 0.1000000015
66126  -50.780  30.236  32.119 0.1000000015
66704  -50.259  30.502  31.993 0.1000000015
65544  -50.988  29.091  35.995 0.1000000015
65016  -52.279  29.047  33.273 0.1000000015
66127  -51.331  30.364  31.998 0.1000000015
66128  -52.209  30.487  31.741 0.1000000015
66129  -53.019  30.603  31.121 0.1000000015
65020  -53.977  28.697  31.283 0.1000000015
63911  -54.564  26.676  30.178 0.1000000015
65022  -54.344  28.689  30.483 0.1000000015
65552  -50.195  29.521  33.620 0.1000000015
64463  -53.811  27.964  31.530 0.1000000015
65563  -54.115  29.430  30.988 0.1000000015
65566  -54.378  29.796  30.245 0.1000000015
62761  -55.061  24.435  23.368 0.1000000015
61483  -55.671  22.672  15.950 0.1000000015
61505  -55.593  22.419  13.768 0.1000000015
66147  -53.713  30.587  27.877 0.1000000015
66135  -53.131  30.791  29.523 0.1000000015
69800  -50.554  37.372  31.191 0.1000000015
69295  -51.379  36.443  33.122 0.1000000015
68825  -50.406  35.641  31.734 0.1000000015
69311  -50.948  36.375  30.726 0.1000000015
67785  -52.516  33.583  28.360 0.1000000015
68802  -51.660  34.898  34.897 0.1000000015
65011  -51.038  29.088  34.178 0.1000000015
65007  -50.851  29.056  34.382 0.1000000015
66114  -51.085  30.866  34.961 0.1000000015
66113  -50.289  30.262  34.403 0.1000000015
66692  -49.899  30.653  33.561 0.1000000015
67751  -51.412  33.742  35.758 0.1000000015
66134  -52.752  30.920  29.329 0.1000000015
60737  -56.096  21.190  20.188 0.1000000015
63321  -50.053  25.800  38.329 0.1000000015
66688  -52.359  31.837  35.140 0.1000000015
66108  -52.020  30.988  34.973 0.1000000015
65004  -51.374  28.502  35.476 0.1000000015
66122  -50.379  29.952  32.482 0.1000000015
65558  -52.135  29.616  32.804 0.1000000015
66124  -51.917  30.154  32.282 0.1000000015
68292  -50.934  34.807  36.525 0.1000000015
66708  -50.830  30.452  31.873 0.1000000015
63909  -54.524  26.594  31.117 0.1000000015
64404  -48.064  27.323  45.240 0.1000000015
64407  -48.464  27.316  44.554 0.1000000015
70293  -49.589  37.680  37.036 0.1000000015
62101  -54.983  23.415  22.880 0.1000000015
65537  -51.524  29.760  36.225 0.1000000015
69768  -49.324  37.342  38.029 0.1000000015
65515  -48.835  29.098  41.300 0.1000000015
62024  -49.611  23.318  43.613 0.1000000015
73739  -49.724  44.134  29.062 0.3000000119
65553  -50.917  29.305  33.614 0.1000000015
65554  -51.656  29.300  33.319 0.1000000015
65561  -52.588  29.944  32.224 0.1000000015
65562  -53.427  29.762  31.694 0.1000000015
65019  -53.558  28.715  32.048 0.1000000015
65559  -53.020  29.409  32.400 0.1000000015
67336  -43.989  31.934  15.759 0.2000000030
67337  -44.383  32.092  15.073 0.2000000030
66802  -44.157  31.460  15.207 0.2000000030
67329  -44.240  31.693  15.167 0.2000000030
67330  -44.400  31.558  14.924 0.2000000030
67338  -44.558  32.044  14.569 0.2000000030
68950  -47.642  34.846  11.740 0.3000000119
67869  -44.447  32.645  14.569 0.2000000030
67881  -44.458  33.412  13.915 0.2000000030
70984  -50.981  39.485  12.711 0.2000000030
66808  -43.933  31.285  15.280 0.2000000030
66807  -43.160  31.058  15.596 0.2000000030
67868  -44.517  33.007  14.639 0.1000000015
74649  -49.301  46.633  28.117 0.1000000015
75082  -49.812  47.091  26.910 0.1000000015
74657  -49.716  46.541  27.412 0.1000000015
75081  -49.422  47.488  27.413 0.1000000015
74648  -48.930  47.050  28.437 0.1000000015
75089  -49.630  47.665  26.722 0.1000000015
75075  -48.591  47.494  28.600 0.1000000015
75076  -49.032  47.564  28.127 0.1000000015
68460  -45.304  34.564  12.443 0.1000000015
68449  -44.532  33.950  13.424 0.2000000030
68469  -46.561  34.802  11.290 0.1000000015
67867  -44.072  32.627  15.720 0.1000000015
67328  -43.217  31.690  16.386 0.1000000015
75102  -49.767  47.065  23.699 0.1000000015
75528  -48.626  48.117  28.255 0.1000000015
68949  -47.075  34.697  11.760 0.2000000030
68962  -48.059  35.839  10.833 0.1000000015
69442  -48.679  36.593  11.361 0.2000000030
69920  -48.738  37.448  11.312 0.1000000015
70992  -49.618  39.549  11.841 0.2000000030
68470  -47.085  34.894  10.997 0.1000000015
70437  -48.796  38.220  11.278 0.1000000015
71012  -49.637  40.035  11.634 0.1000000015
69449  -48.123  36.526  10.545 0.1000000015
70455  -48.881  39.148  11.228 0.1000000015
67895  -44.350  34.069  13.590 0.1000000015
68448  -44.361  33.960  13.606 0.2000000030
71605  -49.522  40.843  11.261 0.1000000015
71011  -49.254  39.867  11.379 0.1000000015
75547  -49.678  48.021  25.626 0.1000000015
75104  -49.663  46.940  22.692 0.2000000030
70438  -49.370  38.794  11.770 0.2000000030
68480  -47.179  35.147  10.720 0.1000000015
68468  -45.493  34.830  11.490 0.1000000015
68459  -44.419  34.616  12.783 0.1000000015
72741  -51.502  42.670  14.401 0.1000000015
72756  -51.652  42.083  14.180 0.1000000015
72168  -51.477  41.136  13.364 0.1000000015
71579  -51.055  40.583  12.608 0.1000000015
70994  -50.486  39.457  12.443 0.1000000015
72755  -51.313  42.229  13.557 0.1000000015
71589  -50.633  39.989  12.305 0.1000000015
72771  -50.952  42.316  12.922 0.1000000015
72180  -51.000  41.690  12.780 0.1000000015
73353  -50.884  42.850  13.087 0.1000000015
73352  -50.583  43.647  12.854 0.1000000015
71588  -50.236  40.682  12.097 0.1000000015
72769  -49.798  41.869  12.048 0.1000000015
72770  -50.356  42.446  12.453 0.1000000015
68479  -46.708  35.053  10.596 0.1000000015
68971  -47.827  36.102  10.314 0.1000000015
69931  -48.144  37.609  10.525 0.1000000015
72192  -49.778  41.451  11.630 0.1000000015
68478  -45.790  34.952  10.524 0.1000000015
68970  -47.260  35.626  10.217 0.1000000015
72781  -49.732  41.797  11.692 0.1000000015
73359  -50.187  43.528  11.786 0.1000000015
72202  -49.677  41.781  10.865 0.1000000015
75561  -48.887  47.480  23.055 0.1000000015
75552  -49.548  47.953  24.854 0.1000000015
73312  -51.563  43.688  15.486 0.1000000015
70431  -50.492  38.754  12.728 0.1000000015
73342  -50.996  43.573  13.784 0.1000000015
70440  -50.184  39.196  12.426 0.1000000015
73848  -50.790  44.330  13.949 0.1000000015
73835  -50.623  44.804  14.055 0.1000000015
74308  -50.397  45.470  13.793 0.1000000015
70439  -49.797  39.095  12.225 0.1000000015
70993  -50.027  39.861  12.048 0.1000000015
68969  -46.232  35.352  9.972 0.1000000015
69448  -47.589  36.610  9.861 0.1000000015
70454  -48.244  38.961  10.743 0.1000000015
75557  -49.127  47.653  24.118 0.1000000015
73820  -51.439  44.250  15.583 0.1000000015
73836  -50.985  44.443  14.580 0.1000000015
74705  -50.362  46.848  14.997 0.1000000015
74309  -50.605  45.340  14.516 0.1000000015
74710  -50.292  46.322  14.458 0.1000000015
75106  -49.867  47.163  21.651 0.1000000015
74288  -51.384  45.341  15.961 0.1000000015
74702  -51.305  46.265  16.421 0.1000000015
74299  -51.003  45.262  15.157 0.1000000015
74706  -50.807  46.314  15.428 0.1000000015
74711  -50.671  45.814  14.898 0.1000000015
76051  -50.542  49.395  16.385 0.1000000015
74688  -50.674  46.451  19.611 0.1000000015
74689  -50.853  46.336  18.984 0.1000000015
74694  -51.108  46.223  18.250 0.1000000015
75565  -49.168  47.745  21.919 0.1000000015
75108  -50.208  47.353  20.682 0.1000000015
75110  -50.563  47.387  19.683 0.1000000015
75111  -50.888  46.981  19.144 0.1000000015
74281  -51.483  45.290  16.914 0.1000000015
74699  -51.359  46.219  17.353 0.1000000015
75569  -49.770  48.285  20.955 0.1000000015
75568  -49.098  48.744  21.463 0.1000000015
75564  -48.515  48.421  22.335 0.1000000015
75121  -51.321  47.077  16.880 0.1000000015
75126  -50.999  47.208  16.087 0.1000000015
76883  -49.683  51.803  17.441 0.1000000015
76880  -49.844  50.977  17.843 0.1000000015
76884  -49.832  51.284  17.201 0.1000000015
75125  -50.416  47.380  15.397 0.1000000015
75118  -51.252  47.122  17.720 0.1000000015
75117  -50.940  47.593  18.128 0.1000000015
75584  -51.107  47.651  17.173 0.1000000015
75580  -50.960  47.831  17.613 0.1000000015
75583  -50.932  48.429  17.037 0.1000000015
75588  -51.024  47.745  16.627 0.1000000015
77266  -49.209  52.348  18.374 0.1000000015
76879  -49.618  51.454  18.054 0.1000000015
76494  -50.126  50.348  17.949 0.1000000015
76047  -50.606  49.419  17.463 0.1000000015
75587  -50.642  48.280  15.964 0.1000000015
75114  -51.079  47.005  18.523 0.1000000015
75572  -50.206  48.304  20.027 0.1000000015
75113  -50.760  47.625  18.762 0.1000000015
76023  -48.004  49.139  22.917 0.1000000015
76032  -49.954  48.913  20.270 0.1000000015
75575  -50.465  48.410  19.078 0.1000000015
76018  -47.877  49.781  23.433 0.1000000015
76027  -48.422  49.656  21.645 0.1000000015
75579  -50.722  48.381  18.072 0.1000000015
76042  -50.393  49.326  18.461 0.1000000015
76493  -49.843  50.825  18.178 0.1000000015
76037  -50.083  49.396  19.471 0.1000000015
76488  -49.799  50.519  18.874 0.1000000015
76489  -50.150  49.916  18.698 0.1000000015
76848  -48.550  50.564  24.801 0.1000000015
76470  -48.107  50.068  23.953 0.1000000015
76022  -47.790  50.010  22.551 0.1000000015
76031  -49.420  49.527  20.498 0.1000000015
76469  -47.778  50.539  23.361 0.1000000015
77244  -47.749  51.654  25.049 0.1000000015
76854  -48.294  50.654  24.515 0.1000000015
76847  -48.360  51.049  24.918 0.1000000015
76463  -48.091  50.487  24.136 0.1000000015
76036  -49.672  50.013  19.667 0.1000000015
76479  -48.871  50.567  20.710 0.1000000015
76026  -48.071  50.340  21.939 0.1000000015
76853  -47.873  51.022  24.003 0.1000000015
76474  -47.917  50.846  22.293 0.1000000015
76852  -47.545  51.706  23.575 0.1000000015
77647  -46.613  52.769  24.386 0.1000000015
77247  -47.184  52.069  24.142 0.1000000015
76859  -47.742  51.557  22.850 0.1000000015
77251  -47.376  52.413  23.139 0.1000000015
76858  -47.599  51.978  23.062 0.1000000015
76478  -48.330  50.867  21.395 0.1000000015
76863  -48.099  51.690  21.789 0.1000000015
73341  -50.737  43.912  13.326 0.1000000015
71578  -50.545  40.864  12.310 0.1000000015
76497  -50.182  50.339  16.821 0.1000000015
73847  -50.579  44.499  13.365 0.1000000015
72179  -50.253  41.379  12.245 0.1000000015
68961  -47.572  35.179  11.088 0.1000000015
74218  -49.871  44.646  28.792 0.2000000030
74226  -49.579  45.759  28.250 0.2000000030
74641  -49.175  46.011  28.537 0.2000000030
74227  -50.060  45.051  28.433 0.2000000030
74217  -49.278  45.271  29.110 0.2000000030
73738  -49.327  44.225  29.774 0.2000000030
73186  -47.673  43.979  31.343 0.1000000015
74196  -47.091  45.067  33.552 0.1000000015
73714  -47.496  44.522  33.006 0.1000000015
73718  -47.389  44.499  32.039 0.1000000015
73730  -48.636  44.360  30.248 0.1000000015
74202  -46.675  45.547  31.560 0.1000000015
74632  -46.975  46.526  30.932 0.1000000015
74199  -46.816  45.156  32.653 0.1000000015
74206  -47.468  45.527  30.687 0.1000000015
74207  -48.373  45.439  29.977 0.1000000015
74216  -48.532  45.845  29.275 0.1000000015
73728  -47.416  44.705  31.147 0.1000000015
73729  -47.956  44.644  30.621 0.1000000015
74635  -47.680  46.406  30.231 0.1000000015
74233  -49.647  46.112  27.817 0.1000000015
74208  -48.958  44.853  29.832 0.1000000015
73196  -47.753  44.224  30.933 0.1000000015
73711  -47.680  44.383  33.824 0.1000000015
60794  -50.608  21.722  13.587 0.1000000015
60795  -51.094  21.881  13.335 0.1000000015
60809  -50.182  21.112  13.121 0.1000000015
60826  -50.452  21.290  12.480 0.1000000015
61504  -51.429  23.087  13.272 0.1000000015
61512  -51.388  22.094  12.981 0.1000000015
61524  -49.428  21.272  11.877 0.1000000015
61527  -51.416  22.565  12.550 0.1000000015
62168  -50.466  23.338  13.758 0.1000000015
62169  -51.280  23.477  13.513 0.1000000015
62185  -51.574  23.515  12.859 0.1000000015
62200  -51.521  22.999  12.591 0.1000000015
62216  -54.246  23.408  10.367 0.1000000015
62838  -54.699  23.677  13.358 0.1000000015
62848  -51.348  24.279  12.667 0.1000000015
62849  -51.542  23.983  12.910 0.1000000015
62879  -53.988  23.744  10.565 0.1000000015
62886  -45.151  25.034  9.555 0.1000000015
62893  -53.387  23.787  9.785 0.1000000015
63481  -45.430  25.581  9.735 0.2000000030
63482  -45.630  25.792  10.051 0.2000000030
63483  -45.890  26.153  10.429 0.2000000030
63485  -50.360  24.481  9.118 0.1000000015
63496  -45.630  26.119  10.166 0.2000000030
63497  -50.656  24.015  8.563 0.1000000015
63498  -50.716  24.544  8.630 0.1000000015
63499  -51.215  24.902  8.488 0.1000000015
63507  -50.666  24.322  8.284 0.1000000015
64039  -50.316  25.216  8.977 0.1000000015
64041  -51.088  24.937  9.541 0.1000000015
64050  -50.188  25.097  8.488 0.1000000015
64051  -50.712  25.347  8.708 0.1000000015
64052  -51.232  25.083  9.110 0.1000000015
64059  -50.849  24.950  8.421 0.1000000015
64598  -48.144  27.815  9.483 0.3000000119
64608  -47.628  27.723  9.071 0.2000000030
64614  -46.682  27.821  9.102 0.2000000030
64616  -47.292  27.637  8.907 0.2000000030
64980  -48.559  28.757  39.759 0.1000000015
64984  -48.635  28.761  39.561 0.1000000015
65013  -52.524  28.603  33.333 0.1000000015
65170  -46.746  27.908  8.530 0.3000000119
65171  -47.392  27.799  8.545 0.3000000119
65549  -50.507  29.402  34.227 0.1000000015
65556  -50.399  29.586  33.095 0.1000000015
65611  -55.079  29.829  22.335 0.2000000030
65677  -46.168  29.714  12.511 0.4000000060
65718  -46.387  28.257  9.289 0.2000000030
66118  -49.733  30.186  32.727 0.1000000015
66121  -49.882  30.108  32.560 0.1000000015
66123  -51.256  29.990  32.425 0.1000000015
66145  -53.552  30.253  28.800 0.2000000030
66275  -43.872  26.846  14.036 0.1000000015
66278  -46.113  29.780  12.271 0.4000000060
66689  -52.212  31.595  35.023 0.1000000015
66695  -51.763  31.773  35.002 0.1000000015
66698  -49.801  30.323  32.466 0.1000000015
66703  -50.011  30.196  32.316 0.1000000015
66801  -44.006  31.518  15.389 0.2000000030
66831  -45.927  30.786  12.070 0.5000000000
66833  -47.460  31.554  10.952 0.6000000238
66845  -46.862  31.163  10.731 0.6000000238
67222  -51.793  32.062  35.008 0.1000000015
67379  -46.045  30.878  11.740 0.5000000000
67382  -47.154  31.469  10.963 0.6000000238
67391  -46.186  30.700  11.457 0.5000000000
67392  -46.443  30.861  11.095 0.5000000000
67393  -46.603  30.985  10.883 0.6000000238
67894  -44.324  34.334  13.499 0.1000000015
68317  -50.224  35.410  31.955 0.1000000015
68318  -50.212  35.170  32.095 0.1000000015
68322  -50.284  35.208  31.798 0.1000000015
68960  -47.209  34.820  11.388 0.1000000015
70872  -48.915  39.710  30.090 0.5000000000
70877  -48.880  39.736  29.777 0.5000000000
70878  -49.192  39.488  29.510 0.5000000000
70882  -49.038  39.826  29.321 0.5000000000
70883  -49.292  39.773  29.153 0.5000000000
71478  -49.501  39.724  29.212 0.5000000000
72058  -47.299  42.042  30.762 0.4000000060
72178  -49.906  41.559  12.090 0.1000000015
72191  -49.803  41.549  11.886 0.1000000015
72633  -47.299  41.978  31.181 0.4000000060
