#!ascii label  , from subject TEMPLATE vox2ras=TkReg
1987
27980  -2.486  -29.378  66.561 0.3333329856
28486  -3.560  -28.680  67.503 0.3333329856
29039  -5.157  -27.418  67.217 0.3333329856
30114  -5.862  -25.731  67.826 0.4444440007
30115  -6.822  -25.719  68.074 0.3333329856
30116  -7.594  -25.765  68.062 0.4444440007
30125  -7.431  -25.454  67.391 0.5555559993
30137  -9.029  -25.448  66.629 0.4444440007
30659  -9.880  -25.061  66.785 0.5555559993
31157  -11.039  -23.374  67.303 0.6666669846
32228  -11.926  -21.566  67.491 0.7777780294
29063  -3.004  -27.465  64.363 0.3333329856
29054  -3.011  -27.460  65.341 0.4444440007
29583  -3.934  -26.705  66.878 0.4444440007
29037  -3.903  -27.591  67.171 0.3333329856
29584  -4.284  -26.356  67.186 0.4444440007
30113  -5.001  -25.998  67.423 0.4444440007
30124  -6.608  -25.360  67.615 0.4444440007
30679  -8.254  -24.371  65.839 0.6666669846
30670  -8.606  -24.896  66.160 0.6666669846
31156  -10.449  -23.547  66.798 0.7777780294
31695  -9.864  -23.086  66.718 0.6666669846
31683  -10.887  -22.006  68.112 0.6666669846
31688  -11.450  -22.158  67.619 0.7777780294
31684  -11.264  -21.662  68.112 0.7777780294
32230  -13.157  -20.823  66.773 0.5555559993
32797  -13.474  -20.705  66.650 0.5555559993
29614  -3.242  -26.609  64.322 0.2222220004
29606  -3.570  -26.512  65.347 0.4444440007
30134  -4.209  -26.131  66.115 0.4444440007
30656  -5.219  -25.458  66.971 0.5555559993
30668  -6.626  -24.628  66.320 0.5555559993
31163  -7.195  -24.389  66.021 0.6666669846
31179  -9.090  -23.783  65.698 0.6666669846
31165  -9.508  -23.592  66.078 0.6666669846
31694  -9.249  -22.803  66.404 0.6666669846
32226  -9.897  -21.661  67.650 0.6666669846
32778  -10.527  -20.707  68.075 0.6666669846
32779  -11.159  -20.570  68.142 0.7777780294
32224  -12.055  -20.766  67.651 0.7777780294
32786  -12.602  -20.353  67.008 0.6666669846
33366  -12.201  -19.919  67.039 0.7777780294
33367  -12.896  -19.911  66.597 0.7777780294
33368  -13.415  -19.919  66.414 0.6666669846
33937  -14.427  -19.140  65.504 0.5555559993
33392  -15.777  -19.173  65.642 0.5555559993
33393  -16.543  -19.205  65.594 0.5555559993
33948  -17.967  -18.620  65.168 0.3333329856
33379  -13.257  -19.534  65.985 0.6666669846
33944  -14.316  -18.607  64.832 0.7777780294
33945  -15.184  -18.644  65.233 0.7777780294
33946  -16.187  -18.492  65.183 0.5555559993
34536  -17.757  -17.889  64.780 0.5555559993
33956  -15.791  -17.887  64.642 0.7777780294
34546  -17.304  -17.419  64.318 0.6666669846
34548  -19.082  -17.170  64.508 0.4444440007
34547  -18.215  -17.226  64.406 0.7777780294
34549  -19.935  -17.184  64.655 0.5555559993
29072  -2.721  -26.868  62.894 0.1111110002
30148  -3.429  -25.868  63.979 0.2222220004
29605  -3.116  -26.977  64.852 0.2222220004
30145  -4.845  -25.235  65.903 0.3333329856
30144  -4.305  -25.427  65.405 0.2222220004
30666  -5.128  -25.273  66.297 0.3333329856
30678  -6.609  -24.235  65.808 0.5555559993
29623  -2.191  -26.521  62.431 0.1111110002
31708  -8.263  -23.059  65.515 0.6666669846
31693  -8.665  -22.518  66.078 0.6666669846
32784  -10.821  -20.271  67.455 0.6666669846
33365  -11.455  -20.090  67.169 0.7777780294
33362  -11.847  -20.125  67.448 0.7777780294
33378  -12.561  -19.468  66.082 0.7777780294
33935  -12.985  -19.057  65.289 0.7777780294
33954  -14.162  -18.039  64.207 0.7777780294
34545  -16.380  -17.284  64.177 0.7777780294
33957  -16.653  -17.911  64.619 0.7777780294
35134  -17.880  -16.603  63.904 0.7777780294
34550  -20.793  -17.497  64.689 0.5555559993
35144  -18.345  -15.941  63.548 0.7777780294
34551  -21.702  -17.566  64.347 0.5555559993
35135  -18.713  -16.530  63.944 0.7777780294
35737  -20.269  -15.656  63.718 0.7777780294
35137  -20.545  -16.480  64.188 0.6666669846
35138  -21.443  -16.559  64.180 0.6666669846
30161  -2.541  -25.571  63.060 0.1111110002
30154  -2.919  -25.258  63.428 0.2222220004
30675  -4.331  -24.281  65.014 0.2222220004
31174  -4.927  -23.386  65.446 0.2222220004
30676  -5.145  -24.539  65.725 0.3333329856
31176  -6.736  -23.700  65.446 0.6666669846
32248  -8.116  -22.170  65.628 0.7777780294
29630  -1.572  -26.178  61.959 0.1111110002
31162  -6.956  -24.192  65.814 0.5555559993
32234  -8.649  -21.647  66.292 0.6666669846
32794  -9.039  -20.503  66.383 0.7777780294
32225  -9.298  -21.370  67.007 0.6666669846
33377  -11.748  -19.523  66.149 0.7777780294
33934  -12.288  -18.797  65.398 0.7777780294
33942  -12.844  -18.337  64.987 0.7777780294
34542  -13.784  -17.389  64.339 0.7777780294
34543  -14.584  -17.297  64.013 0.7777780294
35132  -16.070  -16.599  64.279 0.7777780294
35143  -17.699  -15.972  63.656 0.8888890147
35748  -20.009  -15.139  63.371 0.7777780294
35738  -21.088  -15.579  63.860 0.6666669846
36341  -21.584  -14.472  63.974 0.6666669846
35739  -22.000  -15.557  64.035 0.5555559993
30153  -2.509  -25.066  63.096 0.2222220004
31705  -5.707  -22.550  65.061 0.3333329856
31175  -5.861  -23.540  65.394 0.4444440007
32809  -8.188  -21.207  65.706 0.6666669846
30160  -2.194  -25.423  62.741 0.1111110002
32795  -9.944  -20.244  66.761 0.6666669846
33376  -10.888  -19.889  66.438 0.7777780294
34528  -12.358  -17.913  65.834 0.7777780294
34519  -12.998  -17.155  66.301 0.4444440007
35111  -13.369  -16.569  67.055 0.4444440007
33390  -11.354  -19.462  65.926 0.7777780294
33933  -11.609  -18.879  65.601 0.8888890147
34529  -13.073  -17.267  65.636 0.7777780294
35717  -13.675  -15.969  65.827 0.6666669846
35129  -13.643  -16.727  64.747 0.8888890147
35122  -13.445  -16.525  65.347 0.7777780294
35130  -14.248  -16.538  64.366 0.8888890147
35125  -15.781  -16.091  64.753 0.7777780294
35727  -16.394  -15.616  65.262 0.7777780294
35734  -16.621  -15.857  64.476 0.8888890147
35735  -17.458  -15.452  64.081 0.8888890147
35745  -18.073  -15.466  63.695 0.8888890147
36347  -19.290  -14.705  63.435 0.7777780294
36349  -20.129  -14.834  63.375 0.7777780294
36933  -22.928  -13.798  64.063 0.6666669846
35106  -14.291  -15.938  67.707 0.2222220004
35107  -14.809  -15.625  67.229 0.2222220004
35712  -15.336  -15.357  67.159 0.1111110002
35119  -14.747  -15.473  65.579 0.7777780294
35114  -15.434  -15.394  66.033 0.5555559993
35714  -16.510  -15.057  66.497 0.2222220004
35720  -16.909  -15.156  65.910 0.5555559993
36324  -17.485  -14.505  65.732 0.6666669846
35728  -17.226  -15.152  65.008 0.8888890147
36325  -18.042  -14.036  65.541 0.6666669846
35729  -17.831  -14.825  64.572 0.8888890147
36338  -18.884  -14.387  63.851 0.8888890147
36334  -20.205  -13.890  64.314 0.7777780294
36927  -21.689  -13.331  64.535 0.8888890147
36342  -22.489  -14.621  63.987 0.6666669846
36343  -23.242  -14.586  63.767 0.6666669846
36934  -23.688  -13.572  63.808 0.6666669846
36929  -23.262  -13.145  64.302 0.7777780294
36935  -24.451  -13.653  63.216 0.6666669846
36915  -17.768  -13.712  66.181 0.1111110002
36333  -19.375  -13.886  64.441 0.8888890147
36335  -20.955  -13.901  64.241 0.8888890147
37498  -23.289  -12.471  64.796 0.8888890147
37502  -23.746  -12.823  64.294 0.7777780294
37503  -24.416  -12.761  64.002 0.6666669846
38109  -24.390  -11.917  64.480 0.7777780294
38110  -25.212  -12.023  63.918 0.6666669846
37505  -25.630  -12.524  63.275 0.6666669846
37508  -26.213  -12.691  62.881 0.6666669846
36909  -17.379  -13.252  66.958 0.1111110002
37489  -19.432  -12.614  66.448 0.4444440007
37488  -18.736  -12.660  66.648 0.4444440007
37490  -20.380  -12.367  66.248 0.5555559993
36924  -19.208  -13.558  65.171 0.5555559993
37491  -21.231  -12.092  65.921 0.6666669846
36918  -20.325  -13.025  65.572 0.7777780294
37496  -21.418  -12.600  65.254 0.6666669846
38104  -22.307  -11.696  65.639 0.6666669846
37497  -22.319  -12.397  65.111 0.7777780294
38106  -23.852  -11.801  65.019 0.7777780294
38723  -24.125  -11.447  64.761 0.7777780294
38730  -24.975  -11.428  63.818 0.7777780294
38111  -25.819  -12.144  63.308 0.6666669846
38118  -26.234  -12.213  62.680 0.6666669846
37509  -26.997  -12.636  62.859 0.6666669846
38119  -27.285  -11.918  62.773 0.6666669846
37480  -17.332  -12.397  67.558 0.1111110002
38091  -17.942  -11.353  67.627 0.1111110002
37482  -19.223  -12.121  67.139 0.1111110002
38092  -18.899  -11.270  67.462 0.1111110002
37483  -19.930  -12.106  66.949 0.4444440007
38093  -19.820  -11.231  67.183 0.4444440007
38100  -21.037  -11.376  66.528 0.4444440007
38101  -21.814  -11.385  66.097 0.6666669846
37492  -21.813  -12.014  65.596 0.6666669846
38102  -22.521  -11.199  65.983 0.6666669846
38105  -23.042  -11.624  65.445 0.7777780294
38729  -24.368  -11.297  64.249 0.8888890147
38125  -24.368  -12.198  62.478 0.8888890147
38126  -25.536  -12.310  62.020 0.7777780294
37537  -23.347  -12.125  61.019 0.8888890147
37525  -25.199  -12.268  61.165 0.8888890147
38134  -26.470  -11.578  61.079 0.8888890147
38127  -26.489  -11.670  62.109 0.7777780294
39438  -37.685  -9.189  57.589 0.2222220004
38748  -26.765  -10.710  62.114 0.7777780294
38128  -27.297  -11.253  62.463 0.7777780294
38740  -27.975  -11.350  62.713 0.7777780294
40051  -37.219  -8.622  57.675 0.3333329856
38749  -27.755  -10.600  62.686 0.7777780294
40657  -36.839  -8.162  57.731 0.3333329856
40660  -36.609  -7.222  57.468 0.3333329856
40661  -37.068  -7.671  57.365 0.3333329856
41286  -36.103  -6.068  58.020 0.5555559993
41889  -36.409  -5.619  58.100 0.4444440007
38709  -18.566  -10.220  67.536 0.1111110002
38094  -20.565  -10.967  67.002 0.3333329856
38711  -20.285  -10.252  67.355 0.1111110002
38712  -21.256  -10.316  67.002 0.3333329856
38717  -21.571  -10.877  66.513 0.4444440007
38719  -22.935  -10.689  65.755 0.7777780294
38722  -23.567  -10.963  65.046 0.7777780294
38728  -23.368  -10.772  64.289 0.7777780294
38115  -22.774  -11.617  62.872 0.8888890147
37522  -22.580  -12.285  61.531 0.8888890147
39439  -38.325  -9.410  57.299 0.1111110002
37538  -24.311  -11.919  60.881 0.8888890147
38146  -26.290  -11.373  60.512 0.8888890147
38759  -26.384  -10.833  61.187 0.8888890147
38747  -26.004  -10.278  61.902 0.8888890147
40052  -37.793  -8.465  57.329 0.3333329856
39402  -26.484  -9.598  62.384 0.8888890147
39403  -27.394  -9.688  62.570 0.8888890147
40053  -38.529  -8.393  56.992 0.3333329856
39404  -28.381  -9.760  62.562 0.7777780294
41302  -36.816  -6.980  57.302 0.3333329856
41303  -37.347  -6.559  57.186 0.3333329856
40662  -37.918  -7.517  56.970 0.3333329856
41296  -37.076  -6.090  57.538 0.3333329856
41890  -37.069  -5.530  57.872 0.4444440007
41891  -37.606  -5.204  57.534 0.4444440007
42520  -36.598  -4.654  58.242 0.5555559993
42511  -35.045  -4.495  58.508 0.8888890147
42518  -35.388  -3.972  58.462 0.8888890147
42519  -35.800  -4.168  58.424 0.8888890147
39374  -19.889  -9.499  67.753 0.1111110002
39375  -20.675  -9.202  67.546 0.1111110002
38713  -21.785  -9.871  66.785 0.4444440007
38718  -22.121  -10.434  66.355 0.4444440007
39380  -22.546  -9.732  65.642 0.3333329856
39384  -22.451  -9.560  64.755 0.3333329856
39385  -23.006  -10.227  64.949 0.7777780294
39389  -22.637  -10.252  64.514 0.7777780294
38736  -22.121  -11.137  63.045 0.7777780294
88306  -21.847  -11.377  61.337 0.7777780294
38767  -23.759  -10.838  60.641 0.8888890147
38768  -24.833  -10.808  60.509 0.8888890147
39414  -24.602  -9.783  61.406 0.7777780294
39401  -25.656  -9.421  62.232 0.8888890147
40022  -27.051  -8.741  62.325 0.8888890147
40023  -27.980  -8.878  62.120 0.8888890147
40024  -28.687  -9.135  62.125 0.8888890147
39416  -29.629  -9.153  61.665 0.6666669846
40035  -29.820  -8.527  61.380 0.7777780294
40034  -29.077  -8.690  61.748 0.8888890147
40640  -30.770  -7.891  60.610 0.6666669846
41304  -38.254  -6.541  56.785 0.2222220004
40642  -30.536  -7.284  60.280 0.8888890147
41273  -31.637  -6.533  60.058 0.8888890147
41897  -37.405  -5.764  57.406 0.3333329856
41872  -31.042  -5.606  60.070 0.8888890147
42503  -32.348  -4.565  60.031 0.7777780294
42521  -37.410  -4.604  57.786 0.5555559993
42504  -33.221  -4.615  59.557 0.8888890147
43117  -33.451  -3.978  59.336 0.8888890147
42510  -33.996  -4.438  58.967 0.8888890147
43127  -35.555  -3.454  58.639 0.8888890147
43128  -36.400  -3.474  58.320 0.7777780294
43122  -33.715  -3.364  59.083 0.8888890147
43123  -34.787  -3.500  58.765 0.8888890147
43124  -35.284  -3.144  58.834 0.8888890147
39996  -21.272  -8.530  67.385 0.1111110002
39388  -21.934  -9.933  64.280 0.6666669846
38726  -21.689  -10.432  63.663 0.5555559993
39394  -20.830  -9.528  62.737 0.4444440007
38735  -21.228  -10.471  62.837 0.6666669846
88309  -21.819  -10.482  61.312 0.7777780294
38755  -23.395  -10.329  61.068 0.7777780294
40032  -24.147  -9.348  61.839 0.7777780294
40021  -26.170  -8.663  62.255 0.7777780294
40631  -26.682  -7.998  61.767 0.8888890147
40663  -38.763  -7.392  56.695 0.2222220004
40056  -39.227  -8.318  56.497 0.1111110002
40632  -27.499  -8.114  61.715 0.8888890147
40033  -28.508  -8.685  61.893 0.8888890147
40639  -30.053  -7.546  60.849 0.7777780294
40666  -39.659  -7.169  56.329 0.2222220004
40637  -28.287  -8.079  61.543 0.8888890147
40638  -29.098  -7.679  61.217 0.8888890147
41272  -30.759  -6.550  60.077 0.8888890147
43717  -32.746  -2.405  59.171 0.6666669846
44293  -32.818  -0.808  58.392 0.3333329856
44936  -34.175  -0.246  58.433 0.3333329856
44937  -35.076  -0.233  58.648 0.4444440007
41898  -38.093  -5.523  57.074 0.3333329856
41899  -38.575  -5.833  56.579 0.2222220004
42502  -31.344  -4.611  60.134 0.7777780294
44294  -33.654  -1.007  58.495 0.3333329856
44295  -34.546  -1.173  58.635 0.6666669846
44296  -35.503  -1.527  58.716 0.6666669846
44297  -36.525  -1.479  58.318 0.8888890147
43726  -37.058  -2.437  57.953 0.8888890147
41904  -38.623  -5.209  56.551 0.2222220004
43116  -32.768  -3.490  59.516 0.7777780294
43718  -33.528  -2.485  59.001 0.8888890147
44287  -34.007  -1.870  58.686 0.7777780294
44288  -34.831  -2.008  58.779 0.8888890147
43721  -35.519  -2.205  58.840 0.8888890147
43129  -37.304  -3.587  57.767 0.8888890147
43130  -37.716  -4.068  57.577 0.5555559993
42522  -37.994  -4.564  57.410 0.4444440007
43719  -34.354  -2.649  58.898 0.8888890147
43720  -35.213  -2.641  58.900 0.8888890147
43724  -35.541  -2.960  58.874 0.8888890147
43133  -38.126  -3.508  57.306 0.5555559993
40029  -21.675  -9.097  61.868 0.5555559993
40018  -23.021  -8.351  62.021 0.4444440007
40031  -23.370  -9.194  61.861 0.5555559993
39413  -23.767  -9.802  61.412 0.6666669846
40019  -24.144  -8.585  62.310 0.6666669846
45618  -31.757  0.984  60.989 0.1111110002
40020  -25.263  -8.555  62.251 0.7777780294
40630  -25.838  -7.794  61.970 0.7777780294
44281  -30.774  -1.315  60.648 0.4444440007
44923  -31.173  -0.513  60.599 0.3333329856
45622  -31.425  0.013  60.436 0.2222220004
45623  -31.930  0.496  60.178 0.1111110002
44282  -31.385  -1.429  60.003 0.3333329856
44924  -31.642  -0.499  59.882 0.2222220004
44928  -31.955  -0.200  58.953 0.2222220004
41253  -27.752  -7.661  61.252 0.8888890147
41264  -28.044  -7.089  60.581 0.8888890147
41265  -29.185  -6.827  60.371 0.8888890147
41266  -29.998  -6.665  60.190 0.8888890147
46325  -35.988  1.078  58.327 0.2222220004
41308  -39.577  -6.121  56.251 0.2222220004
41305  -38.994  -6.415  56.511 0.2222220004
44285  -32.152  -1.287  59.091 0.5555559993
45637  -36.417  0.480  57.913 0.5555559993
44938  -36.034  -0.472  58.308 0.5555559993
41905  -39.084  -5.455  56.222 0.2222220004
42501  -30.508  -4.714  60.038 0.8888890147
43115  -31.655  -3.533  60.036 0.7777780294
43713  -31.838  -2.470  59.548 0.7777780294
44939  -36.983  -0.502  57.864 0.6666669846
44298  -37.307  -1.397  57.927 0.8888890147
43730  -37.499  -2.856  57.636 0.8888890147
42532  -38.893  -4.837  56.347 0.2222220004
44301  -37.844  -1.242  57.521 0.7777780294
43731  -37.930  -2.325  57.391 0.8888890147
42527  -38.673  -4.402  56.794 0.4444440007
40017  -22.063  -8.338  61.988 0.4444440007
40628  -23.670  -7.512  62.215 0.4444440007
40629  -24.838  -7.614  62.238 0.5555559993
41250  -25.386  -7.043  61.403 0.5555559993
44920  -30.516  -0.266  61.209 0.1111110002
45617  -31.246  0.532  61.102 0.1111110002
41251  -26.233  -7.466  60.990 0.7777780294
43708  -30.461  -1.854  60.605 0.3333329856
41309  -40.261  -6.253  56.071 0.1111110002
41252  -27.175  -7.559  61.036 0.8888890147
41863  -29.430  -6.104  59.841 0.8888890147
41871  -30.111  -5.660  59.941 0.8888890147
45644  -36.616  0.983  57.721 0.4444440007
42533  -39.443  -4.349  56.209 0.2222220004
41906  -39.867  -5.328  55.967 0.2222220004
44946  -37.212  -0.030  57.627 0.6666669846
44940  -37.536  -0.840  57.753 0.7777780294
42528  -39.159  -3.840  56.568 0.5555559993
44947  -37.745  -0.214  57.396 0.7777780294
44304  -38.273  -1.291  56.936 0.8888890147
43134  -38.919  -3.333  56.823 0.7777780294
43137  -39.522  -3.243  56.414 0.5555559993
43736  -38.526  -1.970  56.795 0.8888890147
43737  -39.075  -2.282  56.418 0.8888890147
41260  -23.907  -6.117  60.930 0.3333329856
41249  -24.362  -6.760  61.700 0.5555559993
44919  -29.871  -0.619  61.436 0.2222220004
45608  -30.531  0.745  61.530 0.1111110002
41262  -25.660  -6.739  60.199 0.3333329856
44278  -30.246  -1.356  61.054 0.2222220004
41860  -26.403  -5.659  59.966 0.5555559993
43707  -30.069  -2.390  60.614 0.3333329856
41263  -26.840  -6.926  60.092 0.6666669846
41861  -27.473  -5.773  59.966 0.6666669846
41862  -28.574  -5.795  59.808 0.8888890147
43109  -30.192  -3.094  60.299 0.7777780294
43711  -30.432  -2.878  60.308 0.5555559993
43712  -30.887  -2.440  60.237 0.6666669846
46327  -37.227  2.233  57.862 0.4444440007
41870  -29.355  -5.345  59.806 0.7777780294
42500  -29.787  -4.637  59.916 0.7777780294
43113  -30.145  -4.138  60.134 0.7777780294
43114  -30.614  -3.628  60.249 0.7777780294
46335  -37.881  1.990  57.278 0.4444440007
46334  -37.153  1.440  57.509 0.4444440007
45646  -37.742  0.831  57.174 0.5555559993
42534  -40.348  -4.379  55.806 0.2222220004
41907  -40.664  -5.338  55.786 0.1111110002
45648  -38.855  1.402  56.682 0.6666669846
45647  -38.441  0.965  56.756 0.6666669846
44948  -38.166  0.325  56.998 0.7777780294
44953  -38.135  -0.746  57.135 0.7777780294
45655  -38.955  0.908  56.258 0.7777780294
44954  -38.534  -0.209  56.566 0.8888890147
44310  -39.016  -1.039  56.005 0.8888890147
43738  -39.780  -2.318  55.821 0.7777780294
43138  -40.186  -3.346  55.975 0.5555559993
44955  -39.178  -0.083  55.861 0.8888890147
44306  -39.278  -1.175  55.759 0.8888890147
41261  -24.920  -6.281  60.847 0.2222220004
41859  -25.392  -5.576  60.157 0.2222220004
42490  -26.008  -4.566  60.381 0.2222220004
44277  -29.529  -1.502  61.201 0.1111110002
42491  -27.011  -4.659  60.573 0.3333329856
42492  -28.049  -4.669  60.437 0.4444440007
43107  -28.605  -3.559  60.710 0.2222220004
43706  -29.114  -2.487  60.874 0.2222220004
43108  -29.678  -3.544  60.305 0.3333329856
47761  -37.999  3.299  58.378 0.2222220004
47757  -37.623  3.675  58.780 0.2222220004
42493  -28.990  -4.580  60.133 0.6666669846
47037  -38.068  2.740  57.963 0.2222220004
47042  -38.505  2.685  57.467 0.3333329856
47043  -39.049  2.604  57.055 0.5555559993
46337  -39.182  1.807  56.687 0.6666669846
46336  -38.694  1.897  57.008 0.5555559993
43739  -40.503  -2.422  55.320 0.6666669846
46342  -39.594  1.676  56.123 0.7777780294
45656  -39.740  0.750  55.703 0.7777780294
44956  -39.937  -0.259  55.400 0.8888890147
44307  -40.129  -1.360  55.202 0.8888890147
47048  -39.998  2.484  55.991 0.7777780294
48494  -38.371  4.428  58.145 0.2222220004
48496  -38.698  4.136  57.701 0.2222220004
47758  -38.071  3.894  58.426 0.2222220004
47767  -38.846  3.417  57.411 0.4444440007
47768  -39.319  3.389  56.913 0.7777780294
47044  -39.526  2.533  56.566 0.6666669846
47769  -39.847  3.330  56.440 0.7777780294
47774  -40.450  3.326  56.009 0.7777780294
46343  -40.130  1.570  55.477 0.7777780294
45659  -40.535  0.602  55.276 0.8888890147
44311  -40.871  -1.491  54.740 0.8888890147
47049  -40.413  2.490  55.260 0.8888890147
46345  -40.810  1.478  54.909 1.0000000000
45660  -41.212  0.555  54.668 0.8888890147
44962  -41.271  -0.506  54.262 1.0000000000
46346  -41.530  1.515  54.378 1.0000000000
45662  -41.566  0.769  53.715 1.0000000000
47775  -41.010  3.513  55.216 1.0000000000
47052  -40.958  2.378  54.549 1.0000000000
46348  -42.148  1.648  53.924 1.0000000000
47053  -41.681  2.428  54.071 1.0000000000
49241  -38.179  5.333  58.267 0.3333329856
49243  -38.702  5.111  57.546 0.3333329856
48499  -39.064  4.206  57.242 0.6666669846
48500  -39.633  4.253  56.763 0.8888890147
48501  -40.181  3.979  56.412 0.8888890147
48507  -40.795  4.334  56.247 0.7777780294
44965  -41.711  -0.802  53.344 0.8888890147
45663  -42.103  1.451  53.505 1.0000000000
45667  -42.048  1.408  52.739 0.8888890147
45671  -41.648  0.666  51.982 0.7777780294
47776  -41.533  4.047  55.204 1.0000000000
47780  -41.167  3.056  54.400 1.0000000000
47056  -42.295  2.128  53.811 1.0000000000
46354  -42.588  1.700  52.840 1.0000000000
45672  -42.102  0.561  52.224 0.7777780294
47054  -41.639  2.928  53.921 1.0000000000
47057  -42.094  2.531  53.410 1.0000000000
46350  -42.603  2.037  53.174 1.0000000000
49246  -39.216  4.893  57.043 0.7777780294
49244  -39.113  5.548  56.998 0.5555559993
48506  -40.135  4.647  56.521 0.7777780294
48508  -41.479  4.465  55.763 1.0000000000
47781  -41.648  3.642  54.463 1.0000000000
46355  -42.977  1.790  52.666 1.0000000000
48509  -41.943  4.505  55.293 1.0000000000
48514  -42.304  4.505  54.773 1.0000000000
47785  -42.032  4.069  54.293 1.0000000000
47782  -41.710  3.212  53.833 1.0000000000
47786  -41.849  3.757  53.627 1.0000000000
47060  -41.968  3.081  52.906 1.0000000000
47058  -42.586  2.158  52.952 1.0000000000
46360  -43.370  1.513  52.346 0.8888890147
47790  -42.226  3.921  52.384 1.0000000000
47791  -43.087  2.959  51.616 1.0000000000
47062  -43.513  2.282  51.986 1.0000000000
49247  -39.676  5.286  56.685 0.5555559993
49250  -40.402  5.339  56.416 0.7777780294
50001  -39.971  5.981  56.441 0.4444440007
50002  -40.589  6.344  56.167 0.5555559993
49251  -41.188  5.360  56.182 0.8888890147
49252  -41.931  5.280  55.858 0.8888890147
49253  -42.408  5.240  55.348 1.0000000000
46361  -43.981  1.646  52.279 0.5555559993
49256  -42.822  5.108  55.011 1.0000000000
48515  -42.704  4.741  54.506 1.0000000000
48520  -42.634  4.650  53.737 1.0000000000
46364  -44.598  1.104  52.011 0.4444440007
49260  -43.596  5.390  53.854 0.8888890147
48526  -42.831  4.933  52.852 1.0000000000
47795  -42.857  4.475  52.050 1.0000000000
47796  -43.081  3.934  51.489 1.0000000000
47792  -43.787  2.712  51.685 0.8888890147
46362  -44.638  2.095  52.100 0.7777780294
46365  -45.102  1.598  51.790 0.4444440007
45677  -45.446  0.644  51.218 0.3333329856
48531  -43.297  4.943  52.265 1.0000000000
47800  -43.173  4.652  51.979 1.0000000000
47802  -43.721  4.268  51.459 1.0000000000
47797  -44.185  3.439  51.500 0.7777780294
47065  -45.000  2.673  52.055 0.7777780294
47067  -45.685  2.537  51.348 0.6666669846
46367  -45.860  1.542  50.917 0.3333329856
47798  -45.337  3.519  51.546 0.7777780294
47069  -46.288  2.411  50.621 0.4444440007
49998  -39.913  6.635  56.389 0.3333329856
50004  -42.243  5.928  55.604 0.6666669846
50008  -42.959  6.103  55.279 0.7777780294
49257  -43.166  5.299  54.576 0.8888890147
50009  -43.654  6.198  54.627 0.8888890147
50013  -44.259  6.302  54.194 0.8888890147
49261  -44.361  5.705  53.612 1.0000000000
49270  -43.900  5.365  52.506 1.0000000000
48539  -43.799  4.907  51.754 1.0000000000
49262  -44.891  5.883  53.373 1.0000000000
49267  -45.049  5.753  52.750 1.0000000000
49277  -44.459  5.116  51.631 1.0000000000
49278  -44.732  4.889  51.487 1.0000000000
48533  -44.912  4.380  51.428 0.8888890147
47803  -46.200  3.500  50.938 0.6666669846
49271  -44.364  5.425  52.167 1.0000000000
49272  -45.196  5.406  51.758 1.0000000000
48534  -45.644  4.462  51.296 1.0000000000
50736  -40.186  7.349  56.231 0.2222220004
50737  -40.974  7.353  55.804 0.4444440007
50003  -41.571  6.335  55.802 0.4444440007
50007  -42.242  6.633  55.477 0.5555559993
50742  -42.681  7.351  55.320 0.5555559993
50747  -43.960  6.979  54.415 0.5555559993
50748  -44.450  7.367  53.971 0.5555559993
50014  -44.802  6.485  53.761 0.8888890147
50015  -45.292  6.466  53.292 1.0000000000
50752  -45.661  7.276  53.170 1.0000000000
50018  -45.794  6.291  52.672 1.0000000000
50022  -46.033  5.868  52.034 1.0000000000
49273  -46.009  5.317  51.447 1.0000000000
47804  -46.498  4.047  50.653 1.0000000000
49279  -46.493  5.349  51.032 1.0000000000
50741  -41.838  7.401  55.495 0.4444440007
51508  -41.415  8.362  55.678 0.2222220004
52275  -41.898  9.279  55.314 0.2222220004
51509  -42.329  8.319  55.396 0.3333329856
52276  -42.877  9.173  55.281 0.3333329856
50743  -43.449  7.295  54.844 0.5555559993
51510  -43.167  8.274  55.156 0.3333329856
50744  -43.938  7.696  54.347 0.5555559993
51511  -43.758  8.373  54.632 0.3333329856
50749  -45.044  7.321  53.490 0.7777780294
50023  -46.428  6.148  51.577 1.0000000000
50756  -46.618  7.224  51.874 1.0000000000
50027  -46.718  6.016  51.018 1.0000000000
49280  -46.627  5.488  50.421 1.0000000000
50028  -46.894  6.501  50.575 1.0000000000
53788  -41.352  11.573  54.645 0.1111110002
54480  -41.585  12.467  54.404 0.1111110002
55184  -41.508  12.949  54.652 0.1111110002
53047  -41.541  10.958  54.326 0.1111110002
53789  -41.744  11.841  54.158 0.1111110002
53043  -42.458  9.818  54.647 0.2222220004
53048  -42.056  10.636  53.933 0.1111110002
53792  -42.094  11.504  53.724 0.2222220004
53044  -43.399  9.822  54.923 0.2222220004
53049  -43.091  10.285  54.163 0.2222220004
53045  -43.973  9.653  54.888 0.2222220004
53050  -44.069  10.165  54.433 0.2222220004
52279  -44.221  9.284  54.454 0.2222220004
52280  -44.533  9.360  53.483 0.2222220004
51514  -44.260  8.410  54.027 0.3333329856
51515  -44.658  8.266  53.294 0.4444440007
51516  -45.129  8.576  52.950 0.5555559993
51520  -45.814  8.291  52.945 0.8888890147
50753  -46.201  7.307  52.623 1.0000000000
51523  -46.440  8.247  52.309 0.8888890147
50757  -47.155  7.360  51.249 0.8888890147
50760  -47.481  7.438  50.447 0.8888890147
50030  -46.914  6.710  49.700 1.0000000000
50031  -47.412  6.650  49.026 0.8888890147
49287  -47.488  5.663  48.537 0.7777780294
54484  -41.989  12.232  53.752 0.2222220004
54489  -42.496  11.971  53.243 0.2222220004
53054  -42.359  11.072  53.617 0.2222220004
53055  -42.784  10.830  53.494 0.2222220004
53795  -43.191  11.491  52.918 0.2222220004
53056  -43.654  10.638  53.539 0.2222220004
52281  -44.686  8.972  52.725 0.3333329856
52285  -45.407  9.367  53.047 0.5555559993
51524  -47.037  8.232  51.777 0.8888890147
51527  -47.532  8.284  51.146 0.8888890147
50763  -47.596  7.214  49.697 0.8888890147
50764  -48.189  7.397  49.240 0.8888890147
49289  -47.732  5.630  47.776 0.8888890147
50034  -47.987  6.500  48.480 0.8888890147
50036  -48.011  6.526  47.602 0.8888890147
53057  -44.613  10.356  53.601 0.2222220004
53796  -44.180  11.185  52.971 0.2222220004
53797  -45.091  11.150  53.125 0.3333329856
53798  -45.710  10.897  52.992 0.3333329856
52284  -45.051  9.844  53.438 0.3333329856
53061  -46.258  10.324  52.742 0.4444440007
53804  -45.678  11.539  52.393 0.3333329856
52288  -46.329  9.174  52.712 0.4444440007
53062  -46.774  9.705  52.503 0.4444440007
52289  -46.954  9.104  52.231 0.4444440007
51528  -47.992  8.392  50.507 0.8888890147
50041  -48.039  6.473  45.846 0.8888890147
51534  -48.445  8.400  48.837 0.8888890147
50767  -48.311  7.422  48.249 0.8888890147
50770  -48.162  7.425  47.298 0.8888890147
51537  -48.370  8.392  47.854 0.8888890147
53064  -46.586  11.137  51.991 0.3333329856
53065  -47.287  10.157  52.033 0.3333329856
53066  -47.624  9.736  51.381 0.7777780294
52292  -47.735  9.221  50.978 0.7777780294
52294  -48.219  9.360  50.279 0.8888890147
50775  -47.822  7.164  45.545 0.8888890147
51531  -48.348  8.419  49.752 0.8888890147
51540  -48.129  8.347  46.862 0.8888890147
50773  -47.924  7.364  46.371 0.8888890147
52300  -48.363  9.372  47.359 0.8888890147
53079  -48.483  10.389  46.700 0.8888890147
53820  -48.745  11.544  46.642 0.8888890147
53821  -49.384  11.712  46.192 0.8888890147
54516  -49.636  12.527  46.179 0.8888890147
55221  -50.426  12.918  45.701 0.8888890147
55227  -50.679  13.288  44.325 0.8888890147
53070  -47.657  10.340  50.808 0.6666669846
52296  -48.537  9.388  49.373 0.8888890147
52298  -48.499  9.402  48.398 0.8888890147
53076  -48.520  10.406  47.886 0.8888890147
53817  -48.520  11.435  47.462 0.8888890147
54515  -48.874  12.444  46.434 0.8888890147
55220  -49.990  13.414  45.941 0.8888890147
55225  -50.480  13.339  45.196 0.8888890147
55928  -51.100  14.280  44.029 0.8888890147
55228  -50.994  13.243  43.520 0.8888890147
55929  -51.455  13.928  43.356 0.7777780294
55230  -51.667  13.173  42.975 0.7777780294
54527  -52.334  12.358  43.036 0.6666669846
53811  -47.982  11.361  50.115 0.5555559993
53072  -48.384  10.375  49.868 0.5555559993
53074  -48.801  10.394  48.920 0.6666669846
53815  -48.606  11.393  48.444 0.8888890147
54512  -48.467  12.422  47.126 0.8888890147
55219  -49.010  13.275  46.171 0.8888890147
55914  -49.087  14.010  45.624 0.8888890147
55915  -49.787  14.120  45.466 0.8888890147
55224  -50.171  13.857  45.460 0.8888890147
55921  -50.199  14.411  44.999 0.8888890147
55927  -50.664  14.641  44.525 0.8888890147
55922  -50.649  14.004  44.643 0.8888890147
55932  -51.954  14.217  42.795 0.7777780294
55231  -52.413  13.204  42.554 0.6666669846
53810  -47.118  11.509  50.526 0.5555559993
53813  -48.407  11.322  49.332 0.5555559993
54508  -48.461  12.314  48.999 0.5555559993
54510  -48.514  12.408  48.043 0.5555559993
55218  -48.342  13.217  46.670 0.6666669846
55913  -48.045  13.857  45.909 0.7777780294
55919  -48.277  14.500  44.979 0.4444440007
56599  -48.146  15.159  44.218 0.5555559993
55925  -48.807  14.861  44.514 0.5555559993
56600  -49.046  15.292  44.075 0.5555559993
56601  -50.140  15.351  44.260 0.5555559993
56602  -50.960  15.026  44.327 0.8888890147
56605  -51.256  15.462  43.616 0.8888890147
55205  -46.886  13.451  49.987 0.3333329856
54504  -47.587  12.469  50.020 0.5555559993
54505  -48.109  12.032  49.580 0.5555559993
55215  -47.968  13.454  47.600 0.4444440007
55909  -47.533  13.624  46.674 0.3333329856
56593  -46.643  15.082  45.428 0.1111110002
57267  -46.797  15.980  44.708 0.1111110002
55918  -47.299  14.308  45.245 0.2222220004
56594  -47.306  14.979  44.610 0.2222220004
57272  -48.148  16.161  43.719 0.4444440007
57273  -49.204  16.151  43.622 0.5555559993
57274  -49.867  16.263  43.683 0.5555559993
57276  -50.393  16.416  43.329 0.5555559993
56604  -50.461  15.881  43.767 0.5555559993
56606  -51.938  14.938  43.246 0.8888890147
55931  -51.638  14.572  43.503 0.8888890147
55933  -52.589  13.905  42.328 0.7777780294
55935  -52.425  14.526  42.332 0.7777780294
55233  -53.193  13.263  42.066 0.6666669846
55234  -53.579  12.775  41.750 0.6666669846
57253  -46.700  16.108  50.547 0.1111110002
56580  -47.015  15.275  50.197 0.1111110002
55900  -46.979  14.423  49.642 0.1111110002
55208  -47.631  13.441  49.310 0.2222220004
55903  -47.209  14.478  48.966 0.1111110002
55211  -47.499  13.768  48.453 0.2222220004
54507  -48.075  12.668  49.456 0.4444440007
55209  -48.157  12.917  49.124 0.4444440007
55906  -46.880  14.426  48.218 0.2222220004
55214  -47.203  13.827  47.902 0.3333329856
55212  -48.186  13.139  48.620 0.4444440007
55908  -46.888  14.149  47.253 0.4444440007
56591  -46.736  15.213  46.562 0.2222220004
57264  -47.062  16.133  45.870 0.2222220004
57924  -47.221  16.897  45.136 0.1111110002
57925  -47.775  17.745  45.138 0.1111110002
58597  -47.819  18.484  45.118 0.1111110002
57930  -47.554  17.097  44.244 0.2222220004
58598  -48.280  18.447  44.653 0.1111110002
58600  -48.453  18.643  44.163 0.1111110002
57929  -47.030  16.694  44.469 0.1111110002
57931  -48.598  17.457  44.084 0.2222220004
57932  -49.264  16.709  43.483 0.4444440007
57936  -49.452  17.007  43.405 0.5555559993
56609  -52.074  15.353  42.500 0.8888890147
57280  -51.400  16.251  42.371 0.7777780294
57277  -51.112  16.209  43.031 0.5555559993
56610  -52.489  14.839  42.037 0.7777780294
55936  -52.943  14.303  41.914 0.6666669846
55237  -53.330  13.781  41.610 0.6666669846
57908  -46.917  16.575  50.096 0.1111110002
57254  -47.272  16.138  49.913 0.1111110002
56582  -47.170  15.345  49.427 0.1111110002
56585  -46.965  15.378  48.623 0.1111110002
56588  -46.770  15.323  47.660 0.1111110002
57261  -46.984  16.300  47.019 0.1111110002
57920  -47.432  17.355  46.288 0.1111110002
57921  -47.700  17.937  45.861 0.1111110002
59262  -47.755  18.953  44.794 0.1111110002
57938  -48.967  18.399  42.742 0.1111110002
57279  -50.554  16.738  42.593 0.4444440007
57939  -49.719  17.334  42.945 0.3333329856
57935  -49.149  18.138  43.625 0.3333329856
57281  -51.843  16.013  41.852 0.8888890147
56614  -52.649  15.258  41.449 0.7777780294
55939  -53.353  14.313  41.115 0.6666669846
55940  -53.800  13.858  40.649 0.5555559993
57256  -47.084  16.239  49.058 0.1111110002
57911  -46.787  16.769  49.535 0.1111110002
57914  -46.600  17.246  48.592 0.1111110002
57258  -46.936  16.316  48.110 0.1111110002
57917  -47.017  17.266  47.537 0.1111110002
58589  -46.895  18.240  47.092 0.1111110002
58592  -47.341  18.329  46.162 0.1111110002
59255  -46.820  18.912  45.820 0.1111110002
59261  -47.218  19.338  45.183 0.1111110002
58596  -47.406  18.629  45.572 0.1111110002
58603  -47.882  19.165  43.351 0.1111110002
59268  -47.747  19.277  44.152 0.1111110002
56617  -53.314  15.299  40.414 0.7777780294
28494  -2.832  -28.337  66.419 0.2222220004
28491  -3.321  -28.109  67.044 0.4444440007
29038  -4.453  -27.535  67.189 0.3333329856
29576  -5.291  -26.624  67.497 0.3333329856
30138  -9.585  -25.216  66.706 0.5555559993
30671  -9.646  -24.586  66.247 0.6666669846
28511  -2.631  -28.345  64.545 0.2222220004
29044  -2.865  -27.838  65.922 0.4444440007
29055  -3.384  -26.993  65.815 0.3333329856
30655  -4.882  -25.567  66.641 0.5555559993
32222  -10.876  -21.301  68.306 0.6666669846
29615  -3.697  -25.918  64.658 0.2222220004
30677  -6.118  -24.297  65.803 0.5555559993
33947  -17.127  -18.403  65.026 0.4444440007
33958  -17.120  -17.929  64.608 0.5555559993
33955  -14.935  -18.032  64.370 0.7777780294
34537  -18.539  -17.880  64.920 0.4444440007
33949  -18.792  -18.696  65.164 0.4444440007
35133  -17.013  -16.448  63.956 0.7777780294
35136  -19.631  -16.352  64.022 0.6666669846
34538  -19.358  -17.889  65.010 0.4444440007
29618  -3.009  -26.314  63.505 0.1111110002
29071  -2.317  -27.480  62.328 0.1111110002
30149  -3.788  -25.071  64.313 0.2222220004
31707  -7.409  -22.809  65.113 0.6666669846
29077  -1.795  -27.125  61.777 0.1111110002
35146  -19.693  -15.618  63.603 0.7777780294
35747  -19.439  -15.201  63.355 0.7777780294
30692  -3.334  -24.265  64.067 0.2222220004
32247  -7.521  -21.837  65.147 0.7777780294
31706  -6.608  -22.726  64.982 0.5555559993
29629  -1.303  -26.838  61.268 0.1111110002
34533  -12.623  -17.906  65.249 0.8888890147
34534  -13.187  -17.474  64.917 0.8888890147
35131  -15.160  -16.554  64.230 0.8888890147
35746  -18.703  -15.153  63.443 0.8888890147
36348  -19.842  -14.772  63.395 0.7777780294
36340  -20.488  -14.645  63.553 0.7777780294
36932  -22.257  -13.833  64.129 0.7777780294
35740  -22.876  -15.521  64.005 0.5555559993
33940  -11.191  -19.315  65.769 0.7777780294
35117  -13.448  -16.329  66.087 0.6666669846
35112  -14.091  -15.858  66.796 0.4444440007
35113  -14.873  -15.445  66.516 0.3333329856
35123  -13.910  -15.916  65.106 0.7777780294
35124  -14.885  -15.944  64.814 0.7777780294
35120  -15.563  -15.649  65.391 0.6666669846
35736  -18.205  -14.869  64.006 0.8888890147
36339  -19.676  -14.282  63.727 0.8888890147
35709  -15.837  -15.082  67.386 0.1111110002
35719  -16.130  -15.442  65.998 0.5555559993
35713  -15.830  -15.321  66.711 0.2222220004
36321  -17.117  -14.404  66.588 0.2222220004
36320  -16.425  -14.773  67.116 0.1111110002
36916  -18.648  -13.282  65.841 0.5555559993
36332  -18.463  -14.119  64.777 0.6666669846
36928  -22.622  -13.132  64.467 0.8888890147
37499  -23.988  -12.355  64.582 0.7777780294
36910  -18.106  -12.958  66.510 0.3333329856
36925  -19.942  -13.554  65.106 0.8888890147
36926  -20.805  -13.375  65.036 0.7777780294
38117  -25.063  -11.674  63.164 0.6666669846
37481  -18.261  -12.329  67.225 0.1111110002
36917  -19.662  -13.092  65.763 0.4444440007
37495  -20.804  -12.653  65.572 0.7777780294
38739  -24.686  -11.308  63.750 0.8888890147
37516  -24.611  -12.355  61.771 0.6666669846
38710  -19.439  -10.287  67.471 0.1111110002
38099  -20.373  -11.625  66.825 0.4444440007
39381  -23.014  -10.403  65.354 0.7777780294
38738  -24.151  -11.125  63.649 0.7777780294
38116  -23.825  -11.597  63.033 0.8888890147
38124  -23.249  -12.158  62.500 0.8888890147
38133  -26.137  -12.181  61.369 0.7777780294
88308  -22.477  -11.425  60.788 0.8888890147
37539  -25.333  -11.876  60.590 0.8888890147
41295  -36.488  -6.500  57.645 0.4444440007
38727  -22.470  -10.638  63.946 0.6666669846
38737  -23.141  -11.125  63.504 0.7777780294
38746  -21.696  -11.035  62.387 0.7777780294
38757  -25.139  -10.272  60.918 0.8888890147
38758  -25.860  -10.434  61.097 0.8888890147
39415  -25.349  -9.939  61.621 0.7777780294
43126  -35.180  -3.837  58.539 0.8888890147
39376  -21.521  -9.320  67.070 0.1111110002
39377  -22.017  -9.429  66.487 0.3333329856
38745  -21.446  -10.758  61.671 0.6666669846
38766  -22.411  -10.760  61.019 0.7777780294
38756  -24.254  -10.291  60.928 0.7777780294
39400  -24.855  -9.294  62.012 0.7777780294
39405  -29.410  -9.730  62.162 0.6666669846
39417  -30.284  -9.628  61.461 0.6666669846
40643  -31.314  -7.547  60.225 0.7777780294
41873  -31.959  -5.564  60.062 0.8888890147
43121  -33.175  -2.950  59.167 0.8888890147
43725  -35.991  -2.530  58.725 0.8888890147
39387  -21.305  -9.571  63.643 0.4444440007
40005  -21.462  -9.039  63.727 0.3333329856
39393  -20.788  -9.796  62.245 0.4444440007
39411  -21.896  -9.950  61.543 0.6666669846
39412  -22.855  -9.892  61.490 0.5555559993
44286  -33.139  -1.655  58.820 0.5555559993
45635  -34.307  0.459  58.393 0.1111110002
45634  -33.928  0.495  58.121 0.2222220004
44935  -33.320  -0.190  57.834 0.3333329856
44289  -35.283  -2.102  58.834 0.8888890147
43132  -37.716  -3.072  57.509 0.7777780294
40030  -22.436  -9.107  61.749 0.5555559993
46305  -32.531  1.320  59.909 0.1111110002
45638  -36.923  0.101  57.690 0.5555559993
45636  -35.640  0.523  58.388 0.3333329856
43727  -37.543  -1.849  57.695 0.8888890147
43732  -38.568  -2.682  56.993 0.8888890147
40057  -39.875  -8.319  55.884 0.1111110002
45645  -37.072  0.579  57.538 0.5555559993
46333  -36.779  1.182  57.648 0.4444440007
44305  -38.765  -1.221  56.313 0.8888890147
44913  -30.278  0.340  61.466 0.1111110002
46328  -37.688  2.463  57.859 0.3333329856
45654  -38.637  0.552  56.488 0.6666669846
44959  -38.771  -0.765  56.249 0.8888890147
44960  -38.933  -0.695  56.061 0.8888890147
43106  -27.545  -3.519  60.911 0.3333329856
47762  -38.431  3.497  57.999 0.2222220004
48493  -37.863  4.554  58.594 0.2222220004
44961  -40.715  -0.407  54.941 0.8888890147
44312  -41.501  -1.655  54.193 0.7777780294
46349  -42.465  1.826  53.328 1.0000000000
45668  -42.690  1.520  52.564 0.8888890147
45673  -43.070  0.947  52.232 0.7777780294
47061  -42.628  2.478  52.465 1.0000000000
46356  -43.328  2.034  52.382 1.0000000000
48519  -42.315  4.338  54.214 1.0000000000
47064  -44.231  2.448  51.918 0.7777780294
49265  -43.689  5.396  53.004 1.0000000000
48540  -44.306  4.510  51.478 1.0000000000
49266  -44.386  5.577  52.919 1.0000000000
48541  -46.258  4.551  50.993 1.0000000000
48542  -46.620  4.605  50.489 1.0000000000
51504  -40.560  8.288  56.087 0.2222220004
52277  -43.682  9.106  55.069 0.2222220004
51519  -45.251  7.966  53.176 0.7777780294
50019  -46.241  6.567  52.188 1.0000000000
50024  -46.816  6.642  51.301 1.0000000000
49283  -46.698  5.715  49.777 1.0000000000
53042  -41.335  10.368  54.744 0.2222220004
53791  -41.699  11.314  54.123 0.1111110002
53794  -42.563  11.379  53.369 0.2222220004
53051  -44.561  9.833  54.118 0.2222220004
52291  -47.399  9.129  51.632 0.7777780294
50761  -48.061  7.695  50.027 0.8888890147
49292  -47.672  5.702  46.899 0.7777780294
53058  -45.411  10.336  53.224 0.3333329856
52303  -48.305  9.244  46.384 0.8888890147
53080  -49.190  10.874  46.230 0.8888890147
55920  -49.353  14.639  44.972 0.6666669846
56596  -49.834  14.867  44.717 0.6666669846
57268  -47.398  15.617  44.021 0.3333329856
55912  -46.914  14.174  46.104 0.2222220004
57271  -47.123  16.376  43.874 0.2222220004
58593  -47.673  18.224  45.597 0.1111110002
57926  -48.223  18.064  44.798 0.1111110002
56608  -51.555  15.869  42.941 0.8888890147
56613  -52.170  15.713  41.733 0.8888890147
59266  -47.438  19.412  44.735 0.1111110002
59263  -47.987  18.877  44.480 0.1111110002
59925  -46.635  20.431  45.268 0.1111110002
55942  -53.632  14.460  40.423 0.6666669846
56618  -53.708  14.779  40.070 0.5555559993
31173  -3.956  -23.180  65.147 0.1111110002
30685  -3.552  -24.071  64.406 0.1111110002
32245  -5.653  -21.466  64.950 0.2222220004
32246  -6.678  -21.766  64.759 0.3333329856
31704  -4.813  -22.316  65.321 0.1111110002
32808  -7.471  -20.905  65.301 0.4444440007
30684  -3.185  -23.704  64.307 0.1111110002
31190  -2.605  -23.596  63.527 0.1111110002
30691  -3.070  -24.136  63.848 0.1111110002
33932  -10.845  -18.914  65.660 0.6666669846
30698  -1.932  -24.446  62.413 0.1111110002
30708  -1.594  -24.368  61.806 0.1111110002
32806  -5.687  -20.498  64.998 0.1111110002
33389  -7.517  -20.105  65.582 0.3333329856
32244  -4.847  -21.295  65.242 0.1111110002
32793  -8.220  -20.221  65.774 0.3333329856
33374  -9.104  -19.405  65.856 0.6666669846
31703  -3.969  -22.006  65.415 0.1111110002
33375  -9.964  -19.593  66.116 0.5555559993
31183  -2.849  -23.216  64.268 0.1111110002
31189  -2.162  -23.434  62.805 0.1111110002
31196  -1.785  -23.766  62.098 0.1111110002
31206  -1.555  -23.737  61.493 0.1111110002
32792  -6.831  -19.732  65.671 0.2222220004
32791  -6.368  -19.712  65.476 0.1111110002
33388  -7.243  -19.719  65.717 0.2222220004
33373  -8.131  -19.245  65.800 0.2222220004
32807  -6.673  -20.426  65.188 0.1111110002
33930  -9.297  -18.249  65.722 0.2222220004
32243  -4.195  -21.055  65.102 0.1111110002
33931  -10.032  -18.615  65.741 0.4444440007
31702  -3.359  -21.590  65.003 0.1111110002
31712  -2.703  -22.144  64.476 0.1111110002
34525  -10.193  -17.697  65.899 0.4444440007
34526  -10.881  -17.911  65.975 0.2222220004
32242  -3.765  -20.789  64.724 0.1111110002
34527  -11.610  -18.029  66.026 0.4444440007
37510  -27.815  -12.661  62.767 0.5555559993
40645  -33.240  -7.373  59.934 0.5555559993
40649  -33.648  -7.130  59.305 0.6666669846
41283  -33.830  -6.504  58.789 0.7777780294
41888  -34.165  -6.121  58.579 0.7777780294
41883  -35.213  -5.602  58.404 0.7777780294
41275  -33.165  -6.465  59.330 0.6666669846
41881  -33.542  -5.574  59.011 0.7777780294
41274  -32.512  -6.484  59.883 0.7777780294
41874  -32.789  -5.552  59.657 0.7777780294
47030  -37.307  2.977  58.980 0.1111110002
43743  -41.103  -2.558  54.738 0.6666669846
46326  -36.486  1.670  58.200 0.2222220004
47035  -37.038  2.480  58.526 0.2222220004
47756  -37.057  3.664  59.324 0.1111110002
49240  -37.637  5.420  58.804 0.1111110002
48489  -36.675  4.554  59.535 0.1111110002
48492  -37.332  4.558  59.093 0.1111110002
44315  -42.143  -1.881  53.740 0.4444440007
49239  -37.052  5.457  59.300 0.1111110002
49236  -36.353  5.472  59.709 0.1111110002
47807  -46.855  3.527  50.127 0.7777780294
48544  -47.103  4.637  49.744 0.6666669846
49993  -38.240  6.102  57.681 0.2222220004
49994  -38.722  6.121  57.081 0.2222220004
48545  -47.127  5.227  49.435 0.6666669846
48547  -47.426  4.226  49.226 0.6666669846
48548  -47.509  4.733  48.972 0.6666669846
48551  -47.686  4.664  47.963 0.5555559993
49284  -46.937  5.767  49.089 0.7777780294
51489  -37.445  8.243  57.639 0.1111110002
50729  -38.160  6.773  56.958 0.1111110002
50728  -37.677  6.906  57.615 0.1111110002
49997  -39.391  6.259  56.693 0.2222220004
49294  -47.941  5.675  46.044 0.7777780294
50732  -38.885  6.954  56.723 0.1111110002
51495  -38.387  7.850  56.605 0.1111110002
49296  -48.352  5.687  45.338 0.7777780294
50039  -47.925  6.531  46.706 0.7777780294
50047  -48.488  6.769  44.085 0.5555559993
50044  -48.763  6.135  44.361 0.3333329856
51543  -47.908  8.245  45.749 0.7777780294
50778  -47.953  7.458  44.778 0.7777780294
54499  -45.452  12.933  51.529 0.2222220004
55201  -45.655  13.588  51.167 0.2222220004
55897  -46.043  14.422  50.958 0.1111110002
53807  -46.074  11.715  51.575 0.2222220004
54500  -45.906  12.566  51.058 0.2222220004
55204  -46.215  13.507  50.594 0.2222220004
53068  -46.440  11.342  51.438 0.2222220004
53809  -46.348  11.662  50.934 0.2222220004
54503  -46.666  12.523  50.492 0.3333329856
53069  -46.779  10.910  51.223 0.4444440007
50051  -48.583  7.110  43.625 0.5555559993
51546  -48.162  8.513  44.723 0.7777780294
55200  -45.103  13.575  51.617 0.1111110002
55896  -45.486  14.398  51.460 0.1111110002
54496  -45.578  12.242  51.684 0.2222220004
55899  -46.510  14.433  50.289 0.3333329856
52311  -48.691  9.215  44.701 0.7777780294
54528  -53.003  12.426  42.587 0.5555559993
53834  -53.257  11.690  42.387 0.3333329856
54531  -53.772  12.256  41.507 0.3333329856
54495  -45.010  12.631  52.048 0.2222220004
52314  -51.152  9.390  44.142 0.6666669846
53085  -48.502  9.789  46.105 0.7777780294
52307  -49.107  9.837  45.101 0.7777780294
53831  -52.285  11.457  43.442 0.5555559993
54525  -51.660  12.316  43.629 0.5555559993
53832  -52.961  11.557  42.987 0.5555559993
53803  -44.656  11.826  52.532 0.2222220004
53086  -48.803  10.189  45.816 0.7777780294
52308  -49.993  9.981  44.898 0.7777780294
53091  -51.180  9.978  44.886 0.6666669846
53092  -51.541  10.486  44.527 0.6666669846
53081  -49.987  11.060  46.118 0.7777780294
53088  -50.830  10.602  45.564 0.7777780294
53089  -51.438  11.023  45.188 0.7777780294
53829  -51.894  11.412  44.125 0.6666669846
53082  -50.461  11.265  46.018 0.7777780294
53826  -51.232  11.632  45.445 0.7777780294
53827  -51.577  11.526  44.804 0.7777780294
54522  -51.524  12.087  44.324 0.7777780294
54524  -51.060  12.577  44.080 0.7777780294
56621  -53.451  15.861  39.849 0.6666669846
57289  -53.142  16.445  40.149 0.6666669846
57305  -54.041  16.163  37.166 0.5555559993
57308  -54.193  16.312  36.140 0.6666669846
57312  -54.731  16.267  33.996 0.4444440007
57314  -55.770  15.914  33.522 0.4444440007
53822  -50.082  11.783  45.965 0.7777780294
54518  -50.776  12.427  45.573 0.7777780294
57286  -52.755  15.996  40.724 0.7777780294
57288  -52.621  16.692  40.572 0.6666669846
57291  -53.596  16.431  39.324 0.7777780294
57297  -53.821  16.506  38.615 0.7777780294
57955  -53.856  16.703  38.234 0.7777780294
57968  -54.079  17.072  36.738 0.7777780294
57310  -54.408  16.369  35.080 0.5555559993
57284  -51.518  16.630  41.593 0.4444440007
57947  -52.038  17.502  40.445 0.5555559993
57285  -52.199  16.355  41.198 0.6666669846
57951  -53.034  17.571  39.627 0.6666669846
57954  -53.598  17.305  38.435 0.6666669846
57963  -53.669  17.627  37.321 0.7777780294
57971  -53.988  17.364  35.546 0.7777780294
57973  -54.286  17.165  34.388 0.6666669846
57317  -55.253  16.479  33.430 0.4444440007
57977  -55.592  16.765  32.961 0.4444440007
57976  -54.734  17.239  33.243 0.4444440007
57943  -51.056  17.485  41.215 0.4444440007
57948  -52.784  17.092  40.256 0.5555559993
57950  -52.293  18.022  39.717 0.5555559993
58620  -53.038  18.202  38.652 0.6666669846
57967  -53.658  17.783  36.362 0.7777780294
57970  -53.619  17.946  35.759 0.7777780294
57981  -55.421  17.549  32.235 0.4444440007
57942  -49.779  17.607  41.963 0.3333329856
58610  -49.974  18.143  41.037 0.3333329856
57283  -50.846  16.871  41.908 0.4444440007
58611  -50.832  18.154  40.777 0.4444440007
58616  -51.288  18.519  40.383 0.3333329856
58640  -53.894  17.882  34.630 0.7777780294
58644  -54.069  17.974  33.813 0.5555559993
57980  -54.762  17.869  32.577 0.5555559993
58651  -55.353  18.182  31.679 0.5555559993
58650  -54.804  18.492  32.060 0.5555559993
58648  -54.309  18.404  32.975 0.6666669846
58653  -55.157  18.659  31.428 0.5555559993
59321  -55.253  19.014  30.608 0.5555559993
59320  -54.802  19.753  30.185 0.4444440007
59325  -55.264  19.148  29.777 0.5555559993
59987  -54.780  19.996  27.504 0.2222220004
59992  -54.996  20.268  26.796 0.3333329856
58643  -53.511  18.589  34.185 0.7777780294
58647  -53.852  18.729  33.545 0.5555559993
59312  -53.928  19.457  32.399 0.3333329856
59314  -54.617  19.349  31.184 0.4444440007
59315  -55.209  18.862  31.087 0.5555559993
59982  -54.405  20.593  29.673 0.3333329856
59984  -54.532  20.653  28.776 0.2222220004
59324  -54.702  19.799  29.291 0.3333329856
59986  -54.670  20.582  27.763 0.2222220004
60703  -54.835  21.553  27.431 0.1111110002
59327  -54.658  19.849  28.378 0.2222220004
59991  -54.779  20.904  27.188 0.1111110002
60708  -54.905  21.215  26.857 0.1111110002
60709  -55.204  21.490  26.179 0.1111110002
59995  -55.372  20.510  25.593 0.1111110002
60712  -55.430  21.525  25.082 0.1111110002
60715  -55.657  21.547  24.087 0.1111110002
61421  -55.494  22.462  23.449 0.1111110002
61428  -56.174  21.769  22.051 0.1111110002
59309  -53.924  19.084  33.149 0.6666669846
59974  -53.633  20.270  31.353 0.3333329856
59978  -54.083  20.402  30.481 0.3333329856
60699  -54.671  21.544  28.309 0.1111110002
61408  -54.579  22.511  28.744 0.1111110002
61410  -54.773  22.393  27.877 0.1111110002
60704  -55.039  21.835  26.839 0.1111110002
61413  -55.108  22.530  26.502 0.1111110002
62083  -54.819  23.168  27.057 0.1111110002
62082  -54.540  24.051  27.015 0.1111110002
61415  -55.316  22.561  25.564 0.1111110002
62086  -54.885  23.691  26.096 0.1111110002
61418  -55.424  22.532  24.494 0.1111110002
62089  -55.331  23.573  24.956 0.1111110002
62754  -54.637  24.824  26.050 0.1111110002
61427  -55.765  22.335  22.311 0.1111110002
60695  -54.523  21.561  29.248 0.1111110002
62079  -54.515  23.479  27.987 0.1111110002
62755  -55.017  24.563  25.268 0.1111110002
62092  -55.162  23.524  23.842 0.1111110002
53095  -52.715  10.557  43.116 0.4444440007
53094  -52.097  10.502  43.657 0.4444440007
36943  -27.437  -13.158  62.622 0.3333329856
38120  -28.184  -11.997  62.699 0.3333329856
47036  -37.592  2.806  58.377 0.2222220004
50043  -48.295  6.463  44.961 0.6666669846
54517  -50.315  12.467  45.938 0.7777780294
54521  -51.118  12.445  44.861 0.7777780294
54530  -53.418  12.315  42.036 0.4444440007
31184  -3.309  -23.381  64.672 0.1111110002
38741  -28.436  -11.522  62.572 0.5555559993
48555  -47.533  4.731  46.969 0.5555559993
31713  -3.246  -22.617  64.965 0.1111110002
31721  -2.399  -22.711  63.662 0.1111110002
30707  -1.372  -24.716  61.101 0.1111110002
32261  -2.377  -21.590  63.773 0.1111110002
32805  -5.044  -20.436  64.996 0.1111110002
40646  -33.879  -7.726  59.598 0.6666669846
41887  -33.899  -5.986  58.621 0.7777780294
41882  -34.336  -5.523  58.640 0.7777780294
40644  -32.280  -7.446  60.170 0.6666669846
43744  -41.662  -2.710  54.131 0.4444440007
49991  -37.814  6.227  58.334 0.2222220004
47814  -47.630  3.601  48.305 0.5555559993
51490  -37.753  7.402  57.064 0.1111110002
50048  -48.976  6.167  43.828 0.4444440007
50786  -48.840  7.407  43.416 0.4444440007
50781  -48.416  7.720  43.972 0.6666669846
52306  -48.387  9.352  45.489 0.7777780294
51548  -48.823  8.619  44.108 0.7777780294
53097  -53.302  10.693  42.444 0.3333329856
52315  -51.862  9.502  43.652 0.5555559993
52312  -49.382  9.356  44.370 0.7777780294
53087  -49.656  10.432  45.626 0.7777780294
52309  -50.713  9.787  44.824 0.7777780294
53823  -50.745  11.701  45.960 0.7777780294
57964  -53.957  16.856  37.699 0.6666669846
56643  -54.656  15.542  34.682 0.3333329856
57318  -55.756  16.294  33.333 0.4444440007
57944  -51.740  16.995  41.123 0.6666669846
57946  -51.326  17.888  40.676 0.4444440007
58617  -51.833  18.550  39.831 0.4444440007
61411  -54.953  22.393  27.214 0.1111110002
62080  -54.789  22.859  27.533 0.1111110002
62085  -54.608  24.371  26.486 0.1111110002
61406  -54.390  22.530  29.753 0.1111110002
62748  -54.413  24.647  28.796 0.1111110002
29587  -7.431  -26.612  67.528 0.1111110002
29585  -5.825  -26.889  67.535 0.2222220004
29041  -5.868  -27.429  67.142 0.1111110002
29578  -7.122  -26.259  68.084 0.1111110002
29579  -7.942  -26.191  68.057 0.3333329856
27459  -1.675  -30.227  66.129 0.1111110002
28480  -2.319  -28.875  69.028 0.2222220004
29588  -8.520  -26.254  67.450 0.1111110002
27989  -1.939  -29.854  65.917 0.1111110002
28490  -2.835  -28.952  67.283 0.2222220004
30117  -9.832  -25.815  67.638 0.1111110002
29590  -10.443  -26.307  67.037 0.1111110002
30652  -10.479  -25.160  67.451 0.3333329856
30661  -11.352  -24.260  67.173 0.3333329856
30662  -12.205  -24.475  66.962 0.1111110002
30130  -12.275  -25.522  66.826 0.1111110002
31158  -12.139  -22.957  66.754 0.2222220004
31689  -12.074  -21.893  67.116 0.3333329856
27990  -2.420  -29.157  65.694 0.3333329856
31159  -12.935  -23.732  65.825 0.1111110002
31167  -12.828  -22.313  66.472 0.2222220004
32237  -14.439  -21.397  66.662 0.2222220004
31696  -12.635  -21.903  66.755 0.3333329856
32798  -14.063  -20.482  66.472 0.4444440007
33381  -14.958  -19.677  65.960 0.3333329856
31699  -14.955  -22.611  66.703 0.1111110002
32238  -15.106  -21.238  66.882 0.2222220004
32789  -15.794  -20.941  66.841 0.2222220004
32799  -15.280  -20.678  66.644 0.2222220004
33383  -16.797  -19.940  66.035 0.3333329856
32812  -19.829  -20.267  64.669 0.1111110002
32815  -20.425  -20.274  64.414 0.1111110002
33403  -21.980  -19.482  64.080 0.1111110002
33404  -22.521  -19.159  63.615 0.1111110002
34539  -20.066  -17.915  65.058 0.4444440007
32816  -21.156  -20.348  64.165 0.1111110002
33965  -22.963  -18.565  63.463 0.2222220004
33966  -23.480  -18.511  62.998 0.1111110002
33402  -21.110  -19.421  64.495 0.1111110002
34555  -22.916  -17.962  63.758 0.2222220004
33398  -20.621  -19.115  64.823 0.2222220004
33959  -21.144  -18.442  64.723 0.2222220004
33960  -21.868  -18.543  64.348 0.2222220004
33961  -22.487  -18.578  63.915 0.2222220004
34560  -24.013  -17.675  62.890 0.1111110002
34552  -22.444  -17.738  64.068 0.3333329856
35148  -23.931  -16.651  63.405 0.2222220004
35139  -22.429  -16.626  64.089 0.3333329856
35147  -23.134  -17.183  63.871 0.2222220004
35140  -23.256  -16.295  63.904 0.3333329856
35741  -23.611  -15.512  63.633 0.3333329856
35749  -24.266  -15.505  63.167 0.2222220004
36344  -23.924  -14.558  63.341 0.3333329856
36350  -24.581  -14.626  62.945 0.2222220004
35750  -24.841  -15.486  62.638 0.2222220004
36939  -24.831  -13.976  62.728 0.3333329856
36351  -25.142  -14.627  62.544 0.3333329856
36936  -24.973  -13.566  62.968 0.5555559993
33929  -8.475  -18.070  65.849 0.1111110002
36940  -25.394  -13.671  62.536 0.2222220004
36946  -26.041  -13.962  62.159 0.2222220004
36354  -26.420  -14.618  62.034 0.2222220004
37504  -25.132  -13.004  63.300 0.5555559993
36941  -26.126  -13.313  62.463 0.2222220004
36947  -26.654  -13.857  62.190 0.2222220004
36359  -28.637  -14.904  61.594 0.1111110002
36357  -28.555  -14.176  61.738 0.1111110002
36948  -27.354  -13.762  62.236 0.2222220004
36356  -27.956  -14.541  61.931 0.2222220004
36942  -26.815  -13.215  62.578 0.2222220004
35763  -29.962  -15.602  61.314 0.1111110002
35162  -29.602  -16.508  61.040 0.1111110002
35762  -29.110  -15.623  61.336 0.1111110002
36950  -28.904  -13.525  61.807 0.1111110002
36949  -28.100  -13.498  62.251 0.2222220004
37517  -28.528  -12.693  62.298 0.2222220004
35167  -30.374  -16.546  60.807 0.1111110002
36360  -29.293  -14.576  61.452 0.1111110002
35765  -30.696  -15.590  60.831 0.1111110002
36952  -29.672  -13.666  61.390 0.1111110002
36962  -33.419  -13.711  60.549 0.1111110002
37533  -33.769  -12.686  60.660 0.1111110002
36956  -33.498  -13.065  60.666 0.1111110002
40047  -36.237  -8.595  58.430 0.2222220004
40048  -36.756  -8.650  58.031 0.2222220004
37545  -33.609  -12.106  60.542 0.1111110002
37546  -34.335  -12.427  60.384 0.1111110002
38150  -34.715  -11.542  59.844 0.2222220004
38774  -34.867  -10.510  59.574 0.2222220004
38775  -35.237  -10.072  59.579 0.2222220004
40045  -35.652  -8.525  58.899 0.3333329856
38149  -33.605  -11.451  60.054 0.1111110002
38773  -33.890  -10.559  59.819 0.2222220004
39424  -34.985  -9.829  59.726 0.2222220004
39428  -35.227  -9.377  59.382 0.2222220004
40652  -35.924  -7.900  58.490 0.3333329856
39423  -34.419  -9.411  59.771 0.2222220004
39427  -34.745  -8.858  59.516 0.2222220004
40044  -34.991  -8.301  59.305 0.3333329856
35766  -31.442  -15.595  60.446 0.1111110002
36361  -30.190  -14.619  61.154 0.1111110002
36364  -30.860  -14.646  60.593 0.1111110002
36959  -31.072  -13.723  60.423 0.1111110002
36365  -31.660  -14.642  60.353 0.1111110002
36961  -32.608  -13.470  60.390 0.1111110002
36960  -31.862  -13.742  60.229 0.1111110002
36953  -30.361  -13.700  60.907 0.1111110002
37543  -32.030  -13.010  60.255 0.1111110002
37544  -32.355  -13.020  60.364 0.1111110002
40656  -36.398  -7.681  57.900 0.2222220004
40627  -22.612  -7.517  62.073 0.1111110002
38129  -28.785  -11.896  62.316 0.3333329856
37518  -29.315  -12.665  61.792 0.2222220004
37528  -29.997  -12.990  61.320 0.1111110002
37532  -33.146  -12.439  60.483 0.1111110002
38138  -32.510  -11.676  60.224 0.1111110002
38130  -29.475  -11.696  61.980 0.3333329856
38139  -33.160  -11.839  60.236 0.1111110002
38781  -33.405  -10.985  59.675 0.2222220004
38750  -28.809  -10.914  62.545 0.5555559993
37529  -30.610  -12.631  60.865 0.1111110002
37531  -32.405  -12.617  60.395 0.1111110002
37542  -31.380  -13.059  60.355 0.1111110002
38148  -32.915  -11.379  59.886 0.1111110002
37519  -29.917  -12.308  61.500 0.2222220004
38137  -31.751  -11.565  60.662 0.1111110002
38156  -33.101  -11.207  59.755 0.2222220004
40651  -35.256  -7.518  58.633 0.3333329856
40655  -35.826  -7.340  58.188 0.2222220004
38751  -29.773  -10.816  62.040 0.4444440007
38761  -31.994  -10.558  60.390 0.2222220004
38772  -32.863  -10.551  59.791 0.2222220004
39422  -33.386  -9.453  59.911 0.2222220004
40043  -34.376  -8.339  59.603 0.2222220004
41294  -36.036  -7.023  57.893 0.2222220004
38771  -32.326  -9.986  60.202 0.4444440007
40041  -33.720  -8.437  59.905 0.4444440007
41285  -35.639  -6.519  58.129 0.4444440007
39421  -32.574  -9.382  60.163 0.3333329856
40040  -32.900  -8.414  60.187 0.4444440007
40650  -34.344  -7.443  59.086 0.5555559993
41284  -34.577  -6.467  58.519 0.4444440007
41884  -35.889  -5.657  58.206 0.4444440007
41293  -34.132  -6.364  58.613 0.5555559993
42513  -36.192  -5.233  58.293 0.5555559993
41248  -23.196  -6.695  61.605 0.2222220004
37530  -31.509  -12.386  60.588 0.1111110002
38131  -30.189  -11.618  61.517 0.2222220004
38136  -30.955  -11.587  61.104 0.2222220004
38760  -31.126  -10.597  61.073 0.2222220004
39420  -31.913  -9.421  60.440 0.3333329856
42512  -35.805  -4.973  58.419 0.6666669846
38752  -30.387  -10.731  61.519 0.2222220004
39418  -31.194  -9.561  60.822 0.3333329856
40038  -31.295  -8.580  60.552 0.4444440007
40039  -32.045  -8.453  60.335 0.4444440007
42535  -41.065  -4.442  55.396 0.1111110002
43142  -41.321  -3.595  54.744 0.1111110002
43139  -40.788  -3.454  55.363 0.1111110002
43143  -41.950  -3.705  54.232 0.1111110002
42541  -42.958  -4.672  54.020 0.1111110002
42538  -42.317  -4.648  54.443 0.1111110002
43748  -42.410  -2.794  53.792 0.1111110002
44966  -42.394  -1.444  53.353 0.5555559993
41916  -43.235  -5.628  53.977 0.1111110002
43145  -42.631  -3.737  53.855 0.1111110002
44316  -42.973  -1.910  53.457 0.4444440007
47806  -46.552  2.973  50.443 0.3333329856
46373  -47.754  1.288  49.428 0.2222220004
47074  -47.711  1.931  48.901 0.2222220004
46376  -48.128  1.698  48.678 0.2222220004
47070  -46.846  2.454  50.083 0.3333329856
46372  -47.157  1.905  49.730 0.2222220004
47079  -48.443  1.772  48.279 0.2222220004
47073  -47.334  2.478  49.301 0.2222220004
47077  -47.476  2.870  48.848 0.3333329856
47082  -48.892  1.871  47.612 0.2222220004
46380  -49.449  1.525  47.893 0.2222220004
47083  -49.633  1.631  47.529 0.1111110002
47078  -47.866  2.419  48.398 0.2222220004
47813  -47.531  3.093  48.650 0.2222220004
47081  -48.031  2.710  47.280 0.2222220004
47086  -48.939  2.331  46.455 0.1111110002
47809  -47.404  3.547  49.161 0.3333329856
47810  -47.533  4.017  48.936 0.3333329856
47817  -47.543  3.710  47.044 0.3333329856
47092  -49.814  2.339  45.651 0.1111110002
47085  -48.199  3.056  46.140 0.1111110002
47090  -48.576  3.158  45.455 0.1111110002
47816  -47.518  4.075  46.473 0.3333329856
47819  -47.623  3.999  45.900 0.1111110002
47826  -50.334  2.528  44.982 0.1111110002
47091  -49.026  2.751  45.531 0.1111110002
47825  -49.789  2.821  44.826 0.1111110002
47830  -49.738  3.364  44.024 0.1111110002
47823  -48.171  3.763  45.354 0.1111110002
47824  -49.043  3.274  44.909 0.1111110002
47822  -47.767  4.036  45.576 0.1111110002
48557  -47.702  4.380  45.748 0.4444440007
47828  -48.386  4.180  44.850 0.1111110002
48558  -47.645  4.952  46.177 0.4444440007
47837  -50.142  3.468  42.916 0.1111110002
47829  -48.976  3.978  44.340 0.1111110002
47836  -49.559  3.776  43.220 0.1111110002
48564  -48.576  4.404  44.688 0.2222220004
48561  -48.151  4.721  45.260 0.3333329856
48565  -48.885  4.848  44.380 0.2222220004
47841  -49.381  4.412  42.514 0.2222220004
48583  -49.359  5.055  41.762 0.1111110002
48570  -49.237  5.067  43.508 0.2222220004
49301  -49.244  5.688  43.286 0.2222220004
49313  -49.383  5.710  41.840 0.2222220004
50794  -49.990  6.972  42.078 0.2222220004
50802  -50.768  6.588  41.241 0.2222220004
50052  -49.014  6.608  43.225 0.3333329856
50787  -49.459  7.558  42.846 0.3333329856
50795  -50.630  7.331  41.779 0.2222220004
51556  -51.357  7.781  42.195 0.2222220004
50788  -50.157  7.722  42.307 0.3333329856
51555  -50.763  8.157  42.342 0.2222220004
50783  -51.785  7.885  43.114 0.2222220004
51551  -51.551  8.473  43.025 0.2222220004
50782  -48.996  8.009  43.563 0.4444440007
51549  -49.595  8.672  43.517 0.3333329856
51550  -50.541  8.906  43.211 0.3333329856
52313  -50.239  9.383  44.158 0.5555559993
55240  -54.014  13.146  40.426 0.4444440007
55943  -53.999  14.074  39.879 0.4444440007
55947  -54.334  14.420  38.944 0.4444440007
56622  -53.770  15.248  39.491 0.4444440007
56628  -53.923  15.217  38.520 0.4444440007
56639  -54.022  15.365  36.583 0.4444440007
57292  -53.856  15.906  38.838 0.4444440007
59281  -51.485  19.120  40.037 0.3333329856
58619  -52.286  18.611  39.090 0.3333329856
58623  -53.137  18.219  37.758 0.5555559993
58632  -53.132  18.252  36.789 0.5555559993
58622  -52.504  18.866  38.108 0.2222220004
58631  -52.520  18.852  37.144 0.3333329856
58635  -52.567  18.814  36.167 0.3333329856
58636  -53.197  18.282  35.920 0.5555559993
58642  -53.070  18.821  34.608 0.4444440007
58639  -53.469  18.261  35.146 0.5555559993
33396  -19.016  -19.520  65.221 0.2222220004
33950  -19.613  -18.664  65.120 0.2222220004
33395  -18.120  -19.582  65.441 0.2222220004
33401  -20.371  -19.685  64.630 0.1111110002
32250  -18.266  -21.327  65.382 0.1111110002
33397  -19.873  -19.443  64.938 0.2222220004
32811  -19.156  -20.363  65.118 0.1111110002
27975  -2.237  -29.945  67.569 0.2222220004
27969  -3.488  -29.457  68.047 0.2222220004
28488  -5.137  -27.939  66.928 0.1111110002
27972  -4.026  -29.414  67.663 0.1111110002
30127  -9.610  -25.575  67.233 0.4444440007
28001  -2.363  -28.965  64.981 0.2222220004
31697  -13.392  -21.838  66.472 0.2222220004
33382  -15.949  -19.887  66.117 0.2222220004
33394  -17.349  -19.300  65.517 0.2222220004
32801  -17.095  -20.631  66.232 0.2222220004
33951  -20.403  -18.515  65.008 0.3333329856
37507  -25.698  -13.012  62.941 0.4444440007
40036  -30.613  -8.592  61.024 0.4444440007
40016  -21.357  -8.700  62.485 0.3333329856
45666  -41.221  0.496  52.565 0.7777780294
45674  -44.205  0.554  52.086 0.4444440007
39406  -30.060  -10.204  61.938 0.5555559993
48562  -48.529  5.210  44.928 0.2222220004
59304  -53.091  19.080  34.140 0.3333329856
57298  -53.935  16.092  38.114 0.4444440007
29042  -6.703  -27.262  67.173 0.1111110002
27469  -1.397  -30.453  65.534 0.1111110002
26889  -1.309  -31.082  66.334 0.1111110002
27440  -2.793  -30.710  68.098 0.2222220004
28000  -1.775  -29.717  64.827 0.2222220004
29580  -10.020  -25.936  67.771 0.2222220004
30654  -11.472  -24.911  67.528 0.1111110002
30119  -11.087  -25.560  67.838 0.1111110002
31168  -13.232  -22.625  66.100 0.2222220004
32800  -16.246  -20.715  66.602 0.2222220004
34556  -23.419  -17.752  63.398 0.2222220004
36955  -32.969  -13.048  60.553 0.1111110002
36366  -32.454  -14.594  60.281 0.1111110002
38780  -33.159  -11.012  59.639 0.2222220004
38762  -32.493  -11.070  59.986 0.2222220004
43749  -43.106  -2.833  53.627 0.2222220004
44971  -42.709  -1.075  52.820 0.4444440007
47835  -49.289  4.403  43.258 0.1111110002
51554  -50.010  8.360  42.692 0.3333329856
55241  -53.823  13.030  39.617 0.4444440007
55944  -54.179  13.561  39.142 0.4444440007
55954  -54.048  14.432  38.034 0.4444440007
56635  -53.844  15.259  37.586 0.4444440007
59285  -51.588  19.687  39.497 0.2222220004
59299  -52.284  19.705  36.507 0.2222220004
58638  -52.809  18.822  35.264 0.4444440007
59301  -52.404  19.632  35.490 0.3333329856
32810  -18.415  -20.364  65.489 0.1111110002
32249  -17.608  -21.853  65.690 0.1111110002
28004  -1.816  -29.472  63.947 0.1111110002
28515  -2.726  -28.053  63.615 0.1111110002
29066  -2.971  -27.187  63.578 0.1111110002
28521  -2.184  -28.447  62.752 0.1111110002
32239  -16.668  -21.295  66.573 0.1111110002
38785  -37.201  -10.601  58.335 0.1111110002
39434  -37.213  -9.594  57.981 0.1111110002
38790  -37.812  -10.560  57.897 0.1111110002
39435  -37.902  -9.840  57.682 0.1111110002
44292  -32.320  -0.583  58.511 0.2222220004
44934  -32.395  -0.039  57.688 0.1111110002
45642  -32.653  1.111  56.662 0.1111110002
45643  -33.379  0.420  57.068 0.1111110002
44970  -41.879  -0.280  52.450 0.4444440007
44976  -41.896  0.178  52.072 0.4444440007
44972  -43.403  -1.239  52.850 0.3333329856
44978  -43.658  -0.545  52.438 0.2222220004
44321  -43.934  -1.706  53.142 0.3333329856
44977  -42.556  -0.116  52.215 0.3333329856
44325  -44.426  -1.036  52.622 0.2222220004
44979  -44.906  -0.418  52.071 0.2222220004
45676  -44.956  0.597  51.808 0.2222220004
44983  -45.276  0.075  51.545 0.2222220004
44980  -45.503  -1.013  51.969 0.2222220004
55238  -53.757  13.246  41.304 0.3333329856
56641  -54.317  15.483  35.593 0.3333329856
56649  -55.672  15.368  33.531 0.2222220004
57319  -56.206  16.038  33.124 0.3333329856
57978  -55.992  16.462  33.009 0.3333329856
57987  -56.830  16.700  31.873 0.2222220004
57334  -56.797  15.930  29.347 0.2222220004
57986  -56.204  17.474  31.455 0.2222220004
57992  -56.288  17.232  30.406 0.2222220004
57333  -56.350  16.584  29.237 0.2222220004
57330  -56.249  16.805  29.903 0.2222220004
58655  -55.914  17.868  30.639 0.2222220004
57995  -55.963  17.227  29.582 0.2222220004
57336  -56.395  16.646  28.234 0.2222220004
58661  -55.793  17.828  29.928 0.2222220004
58664  -55.744  17.828  29.130 0.3333329856
57998  -55.904  17.283  28.689 0.2222220004
58001  -55.961  17.394  27.636 0.2222220004
58006  -56.258  17.162  26.514 0.3333329856
57997  -55.718  17.734  28.278 0.3333329856
58654  -55.585  18.312  31.095 0.3333329856
58660  -55.574  18.443  30.251 0.3333329856
58663  -55.525  18.461  29.409 0.3333329856
58667  -55.712  17.792  28.646 0.3333329856
58000  -55.636  17.929  27.939 0.4444440007
58670  -55.845  17.849  26.787 0.4444440007
58666  -55.516  18.326  28.435 0.4444440007
58669  -55.561  18.352  27.398 0.4444440007
58676  -56.007  17.918  26.012 0.3333329856
58678  -55.840  18.578  25.740 0.3333329856
58679  -56.112  18.201  25.140 0.3333329856
59340  -55.853  18.871  25.348 0.4444440007
59328  -55.126  19.149  28.852 0.4444440007
58675  -55.682  18.531  26.423 0.4444440007
59336  -55.358  19.165  26.828 0.4444440007
59339  -55.563  19.388  25.817 0.4444440007
56644  -55.098  15.437  33.922 0.3333329856
57983  -56.659  16.417  32.286 0.2222220004
57982  -56.219  16.706  32.451 0.3333329856
57985  -55.657  17.867  31.599 0.3333329856
55968  -54.811  15.027  34.429 0.2222220004
46368  -46.757  1.435  50.206 0.2222220004
55948  -54.123  13.657  38.390 0.3333329856
58011  -56.311  17.181  25.500 0.4444440007
59331  -55.072  19.358  27.751 0.3333329856
27971  -3.601  -30.025  68.042 0.1111110002
34511  -12.213  -17.232  67.463 0.1111110002
38783  -35.587  -10.526  59.152 0.1111110002
38158  -35.003  -11.191  59.454 0.1111110002
39429  -36.129  -9.529  58.861 0.1111110002
43105  -26.494  -3.504  60.825 0.1111110002
44269  -25.365  -1.397  62.236 0.1111110002
43697  -26.025  -1.911  61.966 0.1111110002
44274  -26.970  -1.111  61.642 0.1111110002
43704  -26.898  -2.244  61.376 0.1111110002
43705  -28.085  -2.431  61.037 0.1111110002
44275  -27.689  -1.370  61.269 0.1111110002
44276  -28.631  -1.479  61.211 0.1111110002
44930  -34.873  0.303  58.655 0.1111110002
47029  -36.643  2.659  59.211 0.1111110002
44929  -34.638  0.166  58.546 0.1111110002
43750  -43.670  -2.726  53.378 0.1111110002
44317  -43.454  -2.277  53.447 0.1111110002
45629  -34.666  0.625  58.615 0.1111110002
43753  -44.237  -2.674  53.093 0.1111110002
44320  -43.275  -1.499  53.082 0.1111110002
44322  -44.562  -2.137  52.974 0.1111110002
43754  -44.806  -2.614  52.715 0.1111110002
44326  -45.038  -1.598  52.574 0.1111110002
43757  -45.534  -2.516  52.368 0.1111110002
43758  -46.291  -2.596  52.042 0.1111110002
43759  -46.788  -2.514  51.579 0.1111110002
44327  -46.072  -1.579  51.918 0.1111110002
49314  -49.604  5.439  41.237 0.1111110002
50796  -51.447  7.163  41.521 0.1111110002
44332  -46.751  -1.607  51.164 0.1111110002
44328  -46.603  -2.029  51.806 0.1111110002
50789  -51.993  7.491  42.495 0.1111110002
51562  -53.813  8.523  41.827 0.1111110002
52320  -53.588  9.542  42.143 0.1111110002
51558  -53.390  8.549  42.414 0.1111110002
50791  -53.146  7.598  42.446 0.1111110002
52321  -54.047  9.459  41.535 0.1111110002
53100  -54.215  10.322  41.143 0.1111110002
51552  -52.255  8.607  43.216 0.1111110002
53101  -54.371  10.310  40.542 0.1111110002
51557  -52.920  8.551  42.983 0.1111110002
50784  -52.080  7.913  43.280 0.1111110002
53103  -54.425  10.339  39.801 0.1111110002
53107  -54.619  10.198  39.126 0.1111110002
53847  -53.963  11.129  38.967 0.1111110002
52318  -53.095  9.572  42.775 0.1111110002
53098  -53.841  10.476  41.743 0.1111110002
53843  -53.557  11.142  40.243 0.1111110002
53839  -54.038  10.789  40.765 0.1111110002
53856  -54.713  11.182  38.274 0.1111110002
53860  -55.516  11.217  37.524 0.1111110002
52317  -52.437  9.559  43.177 0.1111110002
53848  -53.945  11.507  38.266 0.1111110002
54549  -54.761  11.874  37.562 0.1111110002
54553  -54.810  12.592  37.160 0.1111110002
54540  -53.380  12.068  38.187 0.1111110002
54548  -54.017  12.384  37.465 0.1111110002
54558  -55.267  12.563  36.689 0.1111110002
54561  -56.192  12.413  35.600 0.1111110002
53835  -53.653  11.469  41.905 0.1111110002
53838  -53.990  11.344  41.112 0.2222220004
54536  -53.723  12.289  40.204 0.1111110002
55260  -55.335  12.719  36.327 0.1111110002
55264  -55.453  12.935  35.799 0.1111110002
55268  -56.376  12.989  34.448 0.1111110002
55250  -53.667  13.084  37.860 0.1111110002
54564  -56.407  12.679  34.876 0.1111110002
54576  -57.350  12.463  31.473 0.1111110002
54537  -53.293  12.130  39.352 0.1111110002
54573  -57.263  12.452  32.375 0.1111110002
55244  -53.581  13.012  38.759 0.2222220004
55254  -54.182  13.172  37.189 0.1111110002
55263  -54.886  13.754  35.397 0.1111110002
55272  -56.387  13.388  33.775 0.1111110002
55277  -57.217  13.376  31.817 0.1111110002
55259  -54.814  13.153  36.449 0.1111110002
55267  -55.792  13.461  34.722 0.1111110002
55275  -57.024  13.416  32.806 0.1111110002
55955  -54.083  13.722  37.627 0.1111110002
55258  -54.298  13.883  36.173 0.1111110002
55974  -55.813  14.416  33.607 0.1111110002
55978  -57.028  14.329  32.228 0.1111110002
55980  -57.191  14.308  31.267 0.1111110002
55984  -57.281  14.324  30.258 0.1111110002
55262  -54.434  14.209  35.634 0.1111110002
55969  -55.214  14.494  34.261 0.1111110002
56653  -56.672  15.160  32.477 0.1111110002
55965  -54.605  14.653  35.069 0.1111110002
55973  -55.457  14.853  33.739 0.1111110002
56650  -56.245  15.210  33.071 0.1111110002
56656  -57.004  15.215  31.733 0.1111110002
56661  -56.981  15.255  30.778 0.1111110002
55958  -53.984  14.309  37.001 0.2222220004
57320  -56.514  15.747  32.690 0.2222220004
57323  -56.891  15.978  32.211 0.1111110002
57325  -57.022  16.088  31.326 0.1111110002
57331  -56.659  16.260  30.250 0.1111110002
57342  -56.622  16.208  25.902 0.1111110002
55963  -54.150  14.636  35.981 0.2222220004
57993  -56.778  16.852  31.054 0.1111110002
57339  -56.568  16.292  27.230 0.2222220004
57941  -48.759  18.350  42.122 0.1111110002
58609  -48.641  18.430  41.408 0.1111110002
58614  -49.200  18.862  40.701 0.1111110002
59279  -49.615  19.564  40.417 0.1111110002
59940  -50.606  20.496  39.962 0.1111110002
59941  -51.111  20.806  39.654 0.1111110002
60654  -50.797  21.818  39.128 0.1111110002
58615  -50.321  18.792  40.576 0.1111110002
59280  -50.807  19.628  40.206 0.1111110002
59284  -51.102  20.158  39.845 0.1111110002
60657  -51.773  22.167  38.379 0.1111110002
59972  -53.198  20.381  32.164 0.2222220004
59344  -55.899  19.326  24.730 0.1111110002
59347  -56.287  19.343  23.703 0.1111110002
59343  -55.600  19.927  25.174 0.1111110002
59999  -55.995  20.067  24.001 0.1111110002
60689  -54.245  21.502  30.153 0.1111110002
60686  -53.794  21.388  30.985 0.1111110002
59998  -55.649  20.518  24.615 0.1111110002
60003  -56.305  20.362  23.217 0.1111110002
59349  -56.431  19.402  22.780 0.1111110002
54581  -57.312  12.284  30.774 0.1111110002
53867  -56.250  11.891  36.180 0.1111110002
54569  -57.013  12.429  33.363 0.1111110002
55282  -57.433  13.261  30.785 0.1111110002
45630  -35.061  0.674  58.686 0.2222220004
46318  -36.234  2.003  59.027 0.1111110002
59308  -53.215  19.449  33.440 0.2222220004
54534  -54.069  12.357  40.873 0.2222220004
26285  -2.935  -31.284  66.867 0.1111110002
57322  -56.514  16.193  32.552 0.2222220004
44984  -45.911  -0.462  51.268 0.1111110002
38782  -35.170  -10.977  59.235 0.1111110002
43698  -26.504  -1.443  61.877 0.1111110002
47024  -36.168  2.881  59.852 0.1111110002
54541  -54.059  11.727  37.818 0.1111110002
53842  -53.857  11.798  40.611 0.2222220004
55253  -54.239  13.630  36.798 0.1111110002
55266  -55.217  13.977  34.807 0.1111110002
55970  -55.610  13.999  34.099 0.1111110002
55975  -56.547  14.338  33.007 0.1111110002
55966  -54.988  14.228  34.887 0.1111110002
54486  -43.035  13.003  52.851 0.1111110002
54490  -43.052  12.399  52.774 0.1111110002
55193  -43.522  13.484  52.425 0.1111110002
53801  -43.406  12.076  52.644 0.1111110002
54491  -43.550  12.890  52.562 0.1111110002
53802  -43.848  11.930  52.575 0.1111110002
54494  -44.135  12.648  52.386 0.1111110002
55882  -43.015  13.946  52.490 0.1111110002
55875  -42.375  13.713  53.082 0.1111110002
55190  -42.516  13.334  53.134 0.1111110002
54485  -42.435  12.715  53.305 0.1111110002
55189  -42.043  13.030  53.501 0.1111110002
55186  -42.029  13.466  53.384 0.1111110002
54481  -41.839  12.737  53.740 0.1111110002
54493  -43.601  12.420  52.575 0.1111110002
52271  -40.182  8.921  56.184 0.1111110002
52274  -40.746  9.443  55.662 0.1111110002
53039  -39.858  10.705  55.734 0.1111110002
53041  -40.522  10.587  55.329 0.1111110002
57349  -56.898  15.940  25.164 0.1111110002
57348  -56.631  16.478  24.986 0.2222220004
58014  -56.690  16.538  24.289 0.2222220004
59303  -52.660  19.534  34.377 0.1111110002
59968  -52.690  20.009  33.414 0.1111110002
60684  -53.277  21.246  31.686 0.1111110002
59307  -52.693  19.836  33.718 0.1111110002
58013  -56.453  17.157  24.506 0.2222220004
59311  -53.225  19.885  32.691 0.1111110002
59971  -52.757  20.433  32.941 0.1111110002
52273  -40.159  10.057  55.582 0.1111110002
57352  -57.048  15.964  24.404 0.1111110002
57351  -56.664  16.508  24.531 0.2222220004
34517  -11.595  -17.499  66.758 0.1111110002
34518  -12.457  -17.419  66.767 0.1111110002
35110  -12.808  -16.864  67.532 0.1111110002
35149  -24.547  -16.223  62.833 0.1111110002
35153  -24.411  -16.935  62.676 0.1111110002
34561  -24.458  -17.617  62.136 0.1111110002
35154  -24.837  -16.465  61.921 0.1111110002
35155  -25.366  -15.907  61.335 0.1111110002
35754  -25.362  -15.434  62.089 0.1111110002
36353  -25.741  -14.613  62.185 0.1111110002
35755  -26.046  -15.441  61.645 0.1111110002
40000  -22.010  -8.704  66.045 0.2222220004
40003  -22.207  -8.691  65.148 0.2222220004
40006  -21.778  -8.840  64.100 0.2222220004
40618  -21.480  -8.306  63.460 0.2222220004
40625  -21.472  -8.246  63.123 0.2222220004
40626  -21.885  -7.741  62.647 0.2222220004
42488  -24.255  -4.691  60.442 0.1111110002
42489  -25.074  -4.628  60.468 0.1111110002
41858  -24.539  -5.525  60.387 0.1111110002
46374  -48.488  0.758  49.180 0.1111110002
57384  -57.036  16.028  20.038 0.1111110002
57392  -57.938  15.804  18.494 0.1111110002
56719  -57.960  15.642  18.894 0.1111110002
57398  -57.518  16.476  17.614 0.1111110002
58047  -57.010  16.963  17.959 0.1111110002
57390  -56.613  16.978  19.183 0.1111110002
59288  -52.082  19.785  38.518 0.1111110002
59296  -52.248  19.783  37.519 0.1111110002
58017  -56.755  16.624  23.915 0.1111110002
57355  -57.231  15.969  23.537 0.1111110002
58016  -56.589  17.506  23.642 0.1111110002
58020  -56.872  16.791  23.185 0.1111110002
57358  -56.809  16.827  22.348 0.1111110002
57366  -57.118  16.114  21.966 0.1111110002
57365  -56.711  16.729  21.430 0.1111110002
57376  -56.969  15.968  21.042 0.1111110002
57383  -56.661  16.772  19.807 0.1111110002
57375  -56.702  16.558  20.601 0.1111110002
58046  -56.600  17.464  18.651 0.1111110002
59952  -52.144  20.879  37.944 0.1111110002
58683  -56.448  18.460  23.240 0.1111110002
58019  -56.576  17.609  22.774 0.1111110002
58040  -56.523  17.606  19.643 0.1111110002
58681  -56.380  18.354  24.178 0.1111110002
58027  -56.503  17.583  21.830 0.1111110002
58034  -56.516  17.448  20.704 0.1111110002
40011  -21.308  -8.783  63.398 0.2222220004
43104  -25.509  -3.638  60.773 0.1111110002
57391  -57.217  16.280  18.772 0.1111110002
58685  -56.397  18.489  22.313 0.1111110002
40012  -21.505  -8.419  63.680 0.1111110002
40619  -21.560  -7.896  63.679 0.1111110002
40612  -21.738  -7.951  64.688 0.1111110002
26284  -2.819  -31.257  67.092 0.1111110002
26873  -1.723  -31.016  66.837 0.1111110002
26875  -2.922  -31.028  67.499 0.1111110002
26881  -1.665  -30.825  66.958 0.1111110002
26882  -1.045  -30.687  67.891 0.2222220004
26900  -1.167  -30.876  64.926 0.1111110002
27442  -3.222  -30.580  67.799 0.1111110002
27449  -1.843  -30.560  67.089 0.2222220004
27450  -1.905  -30.497  67.370 0.2222220004
27458  -1.552  -30.542  66.497 0.1111110002
27967  -2.624  -30.041  68.169 0.2222220004
27968  -3.114  -30.061  68.160 0.2222220004
27970  -2.561  -29.719  68.124 0.2222220004
27974  -2.033  -29.953  67.076 0.2222220004
27976  -2.405  -29.544  67.246 0.3333329856
27978  -2.051  -30.257  66.921 0.2222220004
27979  -2.036  -30.024  66.714 0.1111110002
28479  -2.345  -28.620  69.324 0.2222220004
28481  -2.365  -29.098  68.769 0.2222220004
28482  -2.563  -29.261  68.566 0.2222220004
28483  -3.067  -29.278  68.190 0.2222220004
28484  -2.389  -29.256  68.441 0.2222220004
28485  -2.645  -29.059  68.219 0.2222220004
28487  -4.425  -28.368  67.094 0.1111110002
28489  -2.315  -29.235  67.801 0.2222220004
28495  -3.239  -27.788  66.716 0.4444440007
28504  -2.659  -28.344  65.494 0.4444440007
28510  -2.201  -29.112  64.384 0.1111110002
29031  -2.216  -28.773  69.215 0.2222220004
29032  -2.305  -28.609  69.050 0.2222220004
29033  -2.318  -28.859  69.029 0.2222220004
29034  -2.355  -28.764  68.816 0.2222220004
29035  -2.296  -28.995  68.838 0.2222220004
29036  -2.475  -28.894  68.618 0.2222220004
29040  -3.631  -27.445  66.893 0.4444440007
29045  -3.317  -27.392  66.299 0.4444440007
29046  -6.222  -27.852  66.836 0.1111110002
29088  -1.263  -27.535  60.698 0.1111110002
29574  -3.932  -27.087  67.138 0.4444440007
29575  -4.407  -26.740  67.274 0.3333329856
29577  -6.256  -26.307  67.868 0.3333329856
29582  -11.021  -26.133  67.574 0.1111110002
29586  -6.544  -26.768  67.616 0.1111110002
29589  -9.625  -26.158  67.314 0.2222220004
29595  -3.750  -26.676  66.193 0.4444440007
29596  -7.883  -26.735  66.971 0.1111110002
29624  -2.569  -26.007  63.017 0.1111110002
30112  -4.520  -26.217  67.279 0.4444440007
30118  -10.313  -25.566  67.668 0.2222220004
30121  -4.063  -26.326  66.573 0.4444440007
30122  -4.501  -25.928  66.928 0.5555559993
30123  -4.964  -25.745  67.208 0.5555559993
30126  -8.328  -25.764  67.442 0.4444440007
30128  -10.233  -25.275  67.385 0.4444440007
30135  -4.671  -25.615  66.226 0.3333329856
30136  -8.179  -25.345  66.781 0.4444440007
30155  -3.387  -24.556  63.955 0.2222220004
30650  -5.185  -25.683  67.300 0.4444440007
30651  -5.451  -25.580  67.404 0.4444440007
30653  -10.843  -25.000  67.574 0.2222220004
30657  -6.020  -25.145  67.191 0.5555559993
30658  -6.843  -25.158  66.982 0.4444440007
30660  -10.417  -24.633  67.040 0.4444440007
30667  -5.720  -24.918  66.388 0.5555559993
30669  -7.585  -24.819  66.357 0.6666669846
30672  -10.226  -24.154  66.532 0.7777780294
30680  -8.938  -24.304  65.752 0.6666669846
30681  -9.360  -24.078  65.833 0.6666669846
30690  -2.483  -24.487  63.108 0.2222220004
31164  -8.921  -23.225  65.822 0.6666669846
31166  -9.998  -23.775  66.394 0.6666669846
31177  -7.621  -23.949  65.585 0.6666669846
31178  -8.524  -23.783  65.630 0.6666669846
31685  -8.986  -22.153  66.663 0.6666669846
31686  -9.532  -22.310  67.107 0.6666669846
31687  -10.423  -22.510  67.494 0.6666669846
31690  -14.814  -21.977  66.819 0.2222220004
31698  -14.202  -22.237  66.362 0.2222220004
31714  -6.842  -22.456  64.888 0.5555559993
31715  -6.982  -22.571  64.940 0.7777780294
32221  -10.241  -21.217  68.072 0.6666669846
32223  -11.700  -21.196  67.946 0.7777780294
32227  -10.416  -21.753  68.031 0.6666669846
32229  -12.530  -21.072  67.134 0.7777780294
32231  -15.088  -21.587  66.935 0.2222220004
32232  -15.607  -21.334  66.961 0.2222220004
32235  -12.981  -21.456  66.724 0.3333329856
32236  -13.433  -21.103  66.669 0.2222220004
32254  -6.767  -22.260  64.798 0.5555559993
32255  -7.051  -22.278  64.863 0.7777780294
32780  -11.736  -20.412  67.750 0.7777780294
32781  -12.201  -20.447  67.419 0.7777780294
32782  -9.550  -20.705  66.919 0.6666669846
32783  -10.000  -20.737  67.468 0.6666669846
32785  -11.286  -20.261  67.729 0.7777780294
32787  -13.224  -20.425  66.693 0.5555559993
32788  -13.668  -20.135  66.427 0.6666669846
32790  -15.984  -21.094  66.914 0.2222220004
32796  -10.405  -20.288  67.046 0.6666669846
33363  -12.029  -20.242  67.495 0.7777780294
33364  -11.066  -20.162  67.028 0.6666669846
33380  -13.943  -19.697  66.060 0.5555559993
33384  -17.452  -19.987  65.843 0.2222220004
33391  -11.551  -19.319  65.760 0.7777780294
33936  -13.732  -19.125  65.347 0.6666669846
33941  -11.372  -19.212  65.637 0.7777780294
33943  -13.497  -18.362  64.683 0.7777780294
34535  -17.357  -17.911  64.670 0.5555559993
34544  -15.493  -17.294  64.081 0.7777780294
35118  -13.952  -15.634  65.949 0.6666669846
35145  -19.095  -15.820  63.553 0.7777780294
35718  -13.749  -15.918  65.595 0.6666669846
35725  -13.599  -16.143  65.661 0.6666669846
35726  -13.669  -16.097  65.426 0.7777780294
36331  -17.815  -14.533  65.124 0.7777780294
36954  -32.676  -13.033  60.471 0.1111110002
37513  -22.448  -12.243  61.819 0.8888890147
37514  -22.823  -12.433  61.917 0.8888890147
37515  -23.733  -12.456  61.925 0.8888890147
37523  -23.220  -12.401  61.449 0.8888890147
37524  -24.076  -12.262  61.351 0.8888890147
37526  -26.098  -12.154  60.703 0.7777780294
37527  -26.438  -11.830  60.536 0.8888890147
37536  -22.852  -12.289  61.191 0.8888890147
37540  -26.111  -11.776  60.400 0.8888890147
37541  -26.580  -11.815  60.315 0.8888890147
38114  -22.314  -11.542  62.673 0.7777780294
38122  -21.718  -11.348  61.635 0.7777780294
38123  -22.143  -11.784  62.054 0.8888890147
38135  -26.421  -11.634  60.417 0.8888890147
38143  -23.291  -11.531  60.713 0.8888890147
38144  -24.521  -11.422  60.542 0.8888890147
38145  -25.514  -11.367  60.401 0.8888890147
38147  -26.364  -11.762  60.252 0.8888890147
38155  -22.029  -11.370  60.964 0.7777780294
38157  -33.339  -11.201  59.784 0.2222220004
38734  -20.898  -10.139  62.300 0.6666669846
38744  -20.852  -10.022  61.995 0.4444440007
38769  -25.700  -10.802  60.554 0.8888890147
38770  -26.165  -10.816  60.737 0.8888890147
38779  -21.838  -11.198  61.254 0.7777780294
38789  -21.753  -11.348  61.094 0.7777780294
39398  -20.787  -9.768  62.029 0.4444440007
39399  -21.037  -9.615  61.940 0.4444440007
41292  -33.956  -6.251  58.630 0.5555559993
44309  -38.888  -0.946  56.128 0.8888890147
44933  -32.394  0.657  57.124 0.1111110002
44943  -32.391  0.698  56.712 0.1111110002
44944  -32.790  -0.066  56.857 0.1111110002
44945  -33.073  -0.072  56.861 0.1111110002
44950  -32.290  0.824  56.408 0.1111110002
44951  -32.584  0.572  56.404 0.1111110002
44952  -32.847  0.274  56.384 0.1111110002
44969  -41.605  0.479  52.153 0.4444440007
44975  -41.755  0.415  52.059 0.4444440007
45632  -32.508  1.036  56.839 0.1111110002
45633  -32.526  1.010  57.617 0.1111110002
45641  -32.500  0.894  56.446 0.1111110002
45651  -32.479  0.754  56.251 0.1111110002
45652  -32.692  0.826  56.097 0.1111110002
45653  -33.145  0.487  56.325 0.1111110002
45665  -41.209  0.841  52.296 0.4444440007
45670  -41.295  0.912  52.121 0.4444440007
46331  -33.112  1.161  56.595 0.1111110002
46340  -33.156  1.011  55.986 0.1111110002
46341  -33.305  0.937  56.447 0.1111110002
46352  -40.761  0.815  52.174 0.4444440007
46353  -40.905  0.774  52.559 0.4444440007
46358  -40.936  0.864  51.733 0.4444440007
46359  -41.235  1.125  52.065 0.4444440007
47789  -42.578  4.489  52.453 1.0000000000
47794  -42.744  4.544  52.300 1.0000000000
47801  -43.309  4.509  51.722 1.0000000000
47820  -47.728  3.649  46.163 0.1111110002
48525  -42.852  4.716  52.448 1.0000000000
48530  -42.942  4.654  52.238 1.0000000000
48532  -43.817  5.231  52.133 1.0000000000
48538  -43.386  4.754  51.913 1.0000000000
48554  -47.553  4.417  46.260 0.4444440007
48560  -47.872  4.200  45.418 0.1111110002
48576  -49.326  4.981  42.569 0.2222220004
48582  -49.334  5.345  42.111 0.1111110002
49297  -48.697  5.645  44.702 0.3333329856
49299  -49.078  5.586  44.055 0.2222220004
49307  -49.336  5.778  42.526 0.2222220004
50058  -49.453  6.477  42.309 0.2222220004
50063  -49.721  6.250  41.557 0.2222220004
50064  -50.188  5.989  41.059 0.2222220004
50801  -50.260  6.637  41.506 0.2222220004
51560  -51.093  7.674  41.902 0.2222220004
51561  -51.301  7.570  41.869 0.2222220004
54559  -55.772  12.293  36.365 0.1111110002
55271  -55.882  13.789  34.016 0.1111110002
55926  -49.202  14.918  44.494 0.5555559993
55959  -54.097  13.705  37.167 0.1111110002
56595  -49.536  15.010  44.511 0.5555559993
56645  -55.499  15.710  33.626 0.4444440007
56648  -55.318  15.064  33.811 0.1111110002
57313  -55.389  16.017  33.654 0.4444440007
59330  -54.705  19.909  27.833 0.2222220004
86602  -1.407  -31.294  65.790 0.1111110002
88307  -22.411  -11.957  61.002 0.8888890147
88310  -21.626  -11.163  61.338 0.7777780294
