#!ascii label  , from subject TEMPLATE vox2ras=TkReg
751
70329  -50.977  38.384  29.463 0.0000000000
63444  -53.295  25.467  13.683 0.0000000000
72666  -51.165  42.479  24.513 0.0000000000
66732  -54.764  31.445  25.409 0.0000000000
67225  -50.483  32.254  32.814 0.0000000000
68392  -53.503  33.660  19.994 0.0000000000
68920  -50.707  35.635  16.146 0.0000000000
68940  -48.301  35.645  12.781 0.0000000000
68792  -49.821  35.440  38.086 0.0000000000
68338  -52.501  34.361  27.845 0.0000000000
67269  -54.508  32.419  22.968 0.0000000000
69337  -52.576  36.601  25.030 0.0000000000
73236  -51.331  43.586  21.190 0.0000000000
70944  -51.840  39.441  19.450 0.0000000000
71555  -52.087  40.366  16.811 0.0000000000
68932  -49.172  35.771  14.727 0.0000000000
71573  -51.511  40.433  13.345 0.0000000000
64011  -51.475  26.443  13.006 0.0000000000
72060  -48.271  41.103  30.030 0.0000000000
71485  -51.113  40.622  26.612 0.0000000000
64477  -54.613  27.893  27.241 0.0000000000
66716  -52.465  31.313  29.342 0.0000000000
68323  -50.250  34.881  31.874 0.0000000000
68808  -51.637  35.790  34.713 0.0000000000
65638  -54.152  29.336  16.966 0.0000000000
66242  -52.886  30.336  14.169 0.0000000000
70353  -53.096  38.249  22.923 0.0000000000
68410  -51.902  34.364  17.992 0.0000000000
66836  -51.150  31.599  11.809 0.0000000000
67369  -48.237  31.939  11.088 0.0000000000
67356  -45.830  31.680  12.290 0.0000000000
69316  -51.397  36.713  28.726 0.0000000000
68847  -52.327  35.543  26.397 0.0000000000
69816  -51.726  37.529  27.129 0.0000000000
73778  -50.918  44.324  19.558 0.0000000000
72709  -51.265  42.465  19.018 0.0000000000
73299  -51.802  43.102  16.768 0.0000000000
71566  -52.133  40.270  14.973 0.0000000000
64012  -52.072  26.052  13.254 0.0000000000
72643  -47.513  42.490  30.811 0.0000000000
72647  -49.605  42.270  28.943 0.0000000000
67233  -51.187  32.490  31.227 0.0000000000
67774  -51.924  33.155  30.191 0.0000000000
68319  -51.047  33.864  32.257 0.0000000000
68797  -50.588  35.408  36.660 0.0000000000
70856  -49.616  39.072  34.452 0.0000000000
72029  -49.787  40.367  33.466 0.0000000000
71441  -48.938  40.160  35.245 0.0000000000
66172  -55.117  30.053  22.614 0.0000000000
67817  -53.942  33.377  21.443 0.0000000000
66769  -54.448  31.525  20.507 0.0000000000
67307  -54.054  32.256  19.150 0.0000000000
66230  -53.661  30.218  15.106 0.0000000000
67317  -54.039  32.206  17.301 0.0000000000
72081  -51.272  41.265  24.977 0.0000000000
70904  -52.272  39.512  25.010 0.0000000000
71498  -52.294  40.389  23.653 0.0000000000
69883  -51.205  37.471  17.734 0.0000000000
69875  -51.642  36.734  19.320 0.0000000000
68431  -51.529  34.566  16.314 0.0000000000
67340  -52.461  32.528  14.403 0.0000000000
67873  -51.095  33.261  14.833 0.0000000000
67371  -50.157  32.309  11.183 0.0000000000
67888  -49.955  33.036  13.807 0.0000000000
69423  -48.820  36.365  13.651 0.0000000000
68453  -48.191  34.154  12.918 0.0000000000
68452  -47.588  34.337  12.458 0.0000000000
66816  -45.279  31.231  14.173 0.0000000000
68451  -46.162  34.005  12.877 0.0000000000
67788  -53.572  33.313  26.741 0.0000000000
66742  -54.706  31.525  23.439 0.0000000000
68345  -53.276  34.398  25.477 0.0000000000
68350  -53.247  34.585  24.447 0.0000000000
68862  -53.055  35.545  23.181 0.0000000000
72674  -51.392  42.663  22.669 0.0000000000
72107  -51.627  41.308  22.059 0.0000000000
72120  -51.478  41.768  20.545 0.0000000000
70950  -51.925  39.426  18.455 0.0000000000
69890  -51.175  37.589  16.792 0.0000000000
68919  -50.049  35.808  15.581 0.0000000000
70410  -50.979  38.242  15.073 0.0000000000
69910  -50.642  38.144  13.878 0.0000000000
70430  -50.300  38.137  12.841 0.0000000000
64019  -49.794  26.659  11.821 0.0000000000
71471  -50.176  38.963  29.768 0.0000000000
70885  -51.350  39.063  28.219 0.0000000000
72064  -50.740  40.750  28.660 0.0000000000
72653  -50.642  42.354  27.313 0.0000000000
73213  -50.918  43.352  26.011 0.0000000000
73748  -50.574  44.827  27.211 0.0000000000
73753  -51.454  44.424  24.494 0.0000000000
65586  -54.555  29.620  26.157 0.0000000000
65579  -53.730  29.994  28.634 0.0000000000
66727  -53.977  31.190  27.502 0.0000000000
67778  -52.483  32.860  28.289 0.0000000000
68834  -51.876  34.946  29.608 0.0000000000
67214  -52.161  31.968  35.077 0.0000000000
67745  -51.053  33.539  37.108 0.0000000000
67751  -51.412  33.742  35.758 0.0000000000
68306  -51.426  34.274  34.060 0.0000000000
69302  -51.460  35.382  32.790 0.0000000000
70323  -50.665  38.461  31.162 0.0000000000
63984  -54.234  26.528  16.302 0.0000000000
66188  -54.636  30.611  20.898 0.0000000000
65091  -54.335  28.412  17.687 0.0000000000
64543  -53.642  27.761  15.194 0.0000000000
65116  -53.252  28.164  13.709 0.0000000000
65122  -52.232  28.322  12.598 0.0000000000
65679  -51.864  28.900  12.124 0.0000000000
70340  -52.130  38.391  26.491 0.0000000000
69830  -52.988  37.100  24.136 0.0000000000
68875  -52.290  35.396  21.486 0.0000000000
70368  -52.285  38.564  20.951 0.0000000000
69374  -51.810  36.187  20.099 0.0000000000
68401  -52.425  34.344  19.074 0.0000000000
67323  -53.580  32.834  16.060 0.0000000000
66818  -52.375  31.074  13.504 0.0000000000
65692  -50.366  29.336  10.588 0.0000000000
67886  -48.657  33.769  12.730 0.0000000000
67367  -46.613  31.707  11.454 0.0000000000
65675  -45.631  28.601  12.744 0.0000000000
66250  -45.882  28.892  14.632 0.0000000000
66227  -43.392  30.139  15.306 0.0000000000
69808  -51.188  37.537  29.141 0.0000000000
69323  -51.293  36.660  27.927 0.0000000000
70331  -51.183  38.409  28.590 0.0000000000
73284  -51.492  43.389  17.674 0.0000000000
63443  -52.693  25.773  13.439 0.0000000000
66706  -50.974  32.045  31.492 0.0000000000
67769  -50.872  33.245  31.745 0.0000000000
67767  -50.875  33.396  32.799 0.0000000000
70853  -49.448  39.251  35.207 0.0000000000
71442  -49.268  39.741  34.607 0.0000000000
66154  -55.009  30.478  24.776 0.0000000000
66163  -55.065  30.726  23.823 0.0000000000
67824  -53.909  33.137  20.446 0.0000000000
67299  -54.211  32.331  20.032 0.0000000000
67834  -53.753  33.005  19.604 0.0000000000
67312  -53.959  32.203  18.240 0.0000000000
67842  -53.654  32.997  18.731 0.0000000000
72089  -51.783  40.807  24.185 0.0000000000
72092  -51.742  40.992  23.398 0.0000000000
68921  -51.078  35.512  16.509 0.0000000000
69403  -51.149  36.472  17.304 0.0000000000
67862  -51.343  33.837  15.463 0.0000000000
67889  -50.819  32.863  14.081 0.0000000000
68443  -50.658  34.030  15.164 0.0000000000
69432  -48.774  36.281  13.115 0.0000000000
68930  -47.941  35.044  13.056 0.0000000000
68939  -47.931  34.940  12.351 0.0000000000
68462  -47.391  34.593  12.090 0.0000000000
68339  -53.021  33.974  27.118 0.0000000000
67791  -53.779  33.777  26.126 0.0000000000
68342  -53.204  34.181  26.427 0.0000000000
69332  -52.348  36.396  25.719 0.0000000000
68849  -52.627  35.376  25.600 0.0000000000
68850  -52.823  35.306  24.844 0.0000000000
68360  -53.247  34.687  23.571 0.0000000000
69338  -52.892  36.267  24.522 0.0000000000
73232  -51.450  43.570  22.163 0.0000000000
72676  -51.493  42.657  21.781 0.0000000000
72687  -51.411  42.622  20.859 0.0000000000
72136  -51.688  41.424  18.012 0.0000000000
72135  -51.456  41.555  18.858 0.0000000000
71551  -52.003  40.424  17.782 0.0000000000
70397  -51.686  38.463  17.103 0.0000000000
70960  -52.033  39.401  16.484 0.0000000000
69898  -50.956  37.792  15.890 0.0000000000
70966  -51.936  39.417  15.565 0.0000000000
72161  -52.027  41.053  14.605 0.0000000000
70972  -51.687  39.404  14.623 0.0000000000
70971  -51.496  39.381  14.100 0.0000000000
70424  -50.457  38.113  13.234 0.0000000000
70425  -50.933  38.781  13.346 0.0000000000
64020  -50.521  26.247  12.277 0.0000000000
70873  -49.087  39.549  30.029 0.0000000000
71475  -50.595  39.974  29.107 0.0000000000
72062  -49.179  41.165  29.209 0.0000000000
73204  -49.988  43.252  28.765 0.0000000000
72649  -50.257  42.392  28.523 0.0000000000
73206  -50.567  43.232  28.344 0.0000000000
73209  -50.632  42.686  26.863 0.0000000000
73746  -50.836  44.063  27.428 0.0000000000
74234  -50.093  45.584  27.542 0.0000000000
73751  -51.236  44.416  25.483 0.0000000000
74239  -51.390  45.461  24.894 0.0000000000
74241  -51.443  45.292  23.873 0.0000000000
74672  -51.177  46.170  24.076 0.0000000000
65041  -54.561  28.658  25.623 0.0000000000
65039  -54.522  28.740  26.648 0.0000000000
65571  -54.127  29.735  29.293 0.0000000000
66144  -53.363  30.559  28.606 0.0000000000
66147  -53.713  30.587  27.877 0.0000000000
66724  -52.657  31.268  28.460 0.0000000000
67247  -52.740  32.110  27.825 0.0000000000
67246  -52.089  32.136  28.661 0.0000000000
68326  -51.467  33.803  30.820 0.0000000000
68329  -52.053  34.027  29.959 0.0000000000
68830  -51.411  34.635  30.631 0.0000000000
68286  -50.145  34.479  37.911 0.0000000000
68293  -51.285  34.511  36.033 0.0000000000
68297  -51.294  34.445  35.211 0.0000000000
67759  -51.117  33.727  35.228 0.0000000000
68298  -51.503  34.596  34.632 0.0000000000
68816  -51.889  34.901  33.316 0.0000000000
69288  -51.737  36.195  34.308 0.0000000000
71459  -50.451  39.749  31.465 0.0000000000
71458  -50.311  40.074  32.256 0.0000000000
63979  -54.586  26.577  16.967 0.0000000000
67261  -54.543  32.419  23.960 0.0000000000
66751  -54.587  31.459  22.479 0.0000000000
66207  -54.351  30.488  18.355 0.0000000000
65628  -54.490  29.630  19.019 0.0000000000
65633  -54.367  29.485  17.995 0.0000000000
65096  -54.205  28.269  16.724 0.0000000000
65104  -54.124  28.052  15.850 0.0000000000
64550  -53.403  27.475  14.422 0.0000000000
65103  -53.771  28.708  15.239 0.0000000000
65658  -53.078  29.154  13.915 0.0000000000
65657  -52.441  29.732  13.423 0.0000000000
65665  -52.251  29.356  12.661 0.0000000000
71482  -51.184  40.379  27.565 0.0000000000
70889  -51.498  39.344  27.546 0.0000000000
70895  -51.844  39.265  26.735 0.0000000000
70912  -52.906  39.086  23.474 0.0000000000
70345  -53.054  38.112  23.983 0.0000000000
69839  -53.054  37.273  23.308 0.0000000000
69354  -52.853  36.433  22.791 0.0000000000
69845  -52.815  37.392  22.356 0.0000000000
71530  -51.813  40.336  20.787 0.0000000000
70929  -52.137  39.601  21.283 0.0000000000
70938  -51.922  39.454  20.407 0.0000000000
69395  -51.500  35.784  18.530 0.0000000000
69868  -51.878  36.841  19.600 0.0000000000
68898  -51.664  35.088  18.894 0.0000000000
68889  -51.889  35.118  19.740 0.0000000000
67848  -53.047  33.695  17.397 0.0000000000
67856  -53.075  33.482  16.519 0.0000000000
67360  -51.949  31.932  13.084 0.0000000000
67353  -52.800  32.139  14.055 0.0000000000
66824  -51.622  31.361  12.532 0.0000000000
66267  -51.429  30.463  11.791 0.0000000000
66266  -50.693  30.895  11.217 0.0000000000
65691  -49.839  29.685  9.885 0.0000000000
66282  -50.300  30.348  10.519 0.0000000000
67383  -48.818  31.799  10.711 0.0000000000
66857  -48.449  31.090  9.869 0.0000000000
68933  -49.664  35.803  15.154 0.0000000000
67871  -49.288  33.757  14.368 0.0000000000
68441  -48.680  34.747  14.459 0.0000000000
67896  -46.828  32.600  11.825 0.0000000000
67897  -47.520  32.815  11.599 0.0000000000
67366  -46.034  31.391  11.808 0.0000000000
66843  -46.005  30.605  12.046 0.0000000000
66265  -46.075  30.247  12.727 0.0000000000
65663  -46.182  29.008  13.496 0.0000000000
66252  -45.891  30.537  13.390 0.0000000000
67339  -44.900  31.647  14.291 0.0000000000
66229  -44.783  30.534  15.079 0.0000000000
66802  -44.157  31.460  15.207 0.0000000000
66807  -43.160  31.058  15.596 0.0000000000
68836  -51.532  35.981  28.265 0.0000000000
68341  -52.591  34.712  26.883 0.0000000000
68844  -51.505  36.167  27.720 0.0000000000
69330  -51.997  36.509  26.686 0.0000000000
69822  -52.200  37.420  26.145 0.0000000000
72702  -51.272  42.573  19.933 0.0000000000
73252  -51.164  43.400  19.254 0.0000000000
73269  -51.519  42.934  17.757 0.0000000000
72142  -51.872  41.355  17.094 0.0000000000
71560  -52.129  40.318  15.890 0.0000000000
72147  -52.061  41.273  16.199 0.0000000000
72730  -52.023  42.126  15.609 0.0000000000
72059  -47.520  41.800  30.493 0.0000000000
72646  -48.843  42.271  29.563 0.0000000000
66713  -52.428  31.713  30.123 0.0000000000
67239  -52.103  32.305  29.643 0.0000000000
67236  -51.830  32.384  30.514 0.0000000000
68324  -51.021  33.638  31.444 0.0000000000
68827  -50.721  34.226  31.610 0.0000000000
68794  -50.196  35.381  37.346 0.0000000000
69776  -50.919  36.708  35.913 0.0000000000
70859  -49.933  39.164  33.593 0.0000000000
71450  -50.196  39.980  33.246 0.0000000000
71446  -49.580  39.941  33.887 0.0000000000
71445  -49.066  40.314  34.355 0.0000000000
67811  -54.101  33.288  22.511 0.0000000000
67279  -54.344  32.403  21.972 0.0000000000
67289  -54.262  32.381  20.974 0.0000000000
66774  -54.326  31.497  19.628 0.0000000000
66213  -54.271  30.391  17.314 0.0000000000
66221  -53.834  29.799  15.636 0.0000000000
66222  -54.104  30.340  16.092 0.0000000000
66794  -54.282  31.353  16.767 0.0000000000
66803  -54.192  31.502  15.829 0.0000000000
71492  -51.289  40.713  25.821 0.0000000000
71486  -51.553  39.957  26.178 0.0000000000
71493  -51.753  40.169  25.251 0.0000000000
71495  -52.217  40.076  24.439 0.0000000000
71499  -52.657  39.883  23.136 0.0000000000
70385  -51.709  38.444  19.126 0.0000000000
69394  -51.290  36.438  18.165 0.0000000000
68905  -51.450  35.400  17.755 0.0000000000
68409  -51.591  34.802  17.664 0.0000000000
68432  -52.453  33.784  16.224 0.0000000000
67863  -52.183  33.545  15.643 0.0000000000
67874  -51.917  33.078  14.974 0.0000000000
67351  -51.391  32.502  13.554 0.0000000000
66835  -50.564  31.598  11.170 0.0000000000
67901  -50.682  32.692  13.114 0.0000000000
67909  -50.117  33.125  12.027 0.0000000000
67908  -49.310  33.044  11.509 0.0000000000
69424  -49.118  36.493  14.081 0.0000000000
68440  -48.061  34.661  13.456 0.0000000000
68439  -47.882  34.695  13.034 0.0000000000
67884  -46.560  33.063  12.262 0.0000000000
66817  -45.494  31.290  13.491 0.0000000000
67349  -45.602  32.099  12.777 0.0000000000
67883  -45.386  33.085  12.879 0.0000000000
67882  -44.737  33.191  13.456 0.0000000000
67257  -54.488  32.369  26.162 0.0000000000
66734  -54.815  31.511  24.403 0.0000000000
67259  -54.624  32.445  24.989 0.0000000000
67792  -54.220  33.445  25.492 0.0000000000
67796  -54.297  33.313  24.446 0.0000000000
68344  -52.755  34.802  26.144 0.0000000000
68346  -53.854  34.024  24.775 0.0000000000
68351  -53.742  33.973  23.972 0.0000000000
68361  -53.684  34.014  23.067 0.0000000000
68370  -53.582  34.078  22.155 0.0000000000
68376  -53.102  34.824  21.812 0.0000000000
72672  -51.236  42.588  23.568 0.0000000000
72091  -51.343  41.767  23.074 0.0000000000
72094  -51.469  41.855  22.282 0.0000000000
71529  -51.667  41.075  21.063 0.0000000000
71538  -51.780  40.297  19.867 0.0000000000
72129  -51.404  41.719  19.678 0.0000000000
71544  -51.634  41.023  19.491 0.0000000000
70391  -51.613  38.417  18.112 0.0000000000
69413  -50.879  36.487  16.514 0.0000000000
69412  -50.420  36.872  15.657 0.0000000000
69426  -50.167  37.004  15.128 0.0000000000
70418  -51.333  38.775  14.820 0.0000000000
69904  -50.369  37.650  14.738 0.0000000000
69903  -50.085  37.323  14.446 0.0000000000
69434  -49.742  36.909  13.654 0.0000000000
69439  -49.747  36.812  13.102 0.0000000000
69438  -49.513  36.678  12.594 0.0000000000
70879  -50.778  39.038  29.657 0.0000000000
70884  -51.106  39.291  28.839 0.0000000000
71479  -51.065  40.279  28.455 0.0000000000
72063  -50.190  41.225  28.774 0.0000000000
72067  -50.726  41.332  28.043 0.0000000000
72071  -50.754  41.359  27.074 0.0000000000
72070  -50.644  42.051  26.740 0.0000000000
72657  -50.788  42.494  26.179 0.0000000000
72660  -51.006  42.453  25.462 0.0000000000
73745  -50.650  44.666  27.954 0.0000000000
73749  -50.796  44.399  26.488 0.0000000000
73219  -51.312  43.489  24.050 0.0000000000
73226  -51.372  43.525  23.107 0.0000000000
73763  -51.393  44.399  22.594 0.0000000000
73770  -51.198  44.517  21.609 0.0000000000
65044  -54.609  28.972  24.899 0.0000000000
66152  -54.747  30.498  25.766 0.0000000000
65035  -54.203  29.043  28.554 0.0000000000
65037  -54.344  28.879  27.567 0.0000000000
65584  -54.378  29.678  27.039 0.0000000000
66150  -54.535  30.487  26.609 0.0000000000
66730  -54.621  31.322  26.286 0.0000000000
67253  -53.830  32.169  27.146 0.0000000000
67786  -52.952  33.196  27.602 0.0000000000
67777  -52.312  33.194  29.164 0.0000000000
68331  -52.330  34.248  28.939 0.0000000000
68837  -51.970  35.159  28.549 0.0000000000
68833  -51.679  35.870  29.204 0.0000000000
67202  -51.590  32.432  37.175 0.0000000000
68288  -50.584  34.457  37.130 0.0000000000
67747  -51.379  33.436  36.430 0.0000000000
67205  -51.753  32.873  36.492 0.0000000000
67752  -51.690  33.161  35.490 0.0000000000
67221  -51.271  32.653  34.555 0.0000000000
67764  -51.125  33.427  33.804 0.0000000000
68313  -51.061  34.204  33.208 0.0000000000
68822  -51.188  34.581  32.627 0.0000000000
68821  -50.589  35.002  32.360 0.0000000000
70326  -50.812  38.441  30.287 0.0000000000
70874  -50.799  39.067  30.472 0.0000000000
71467  -50.317  39.464  30.748 0.0000000000
71465  -49.137  40.251  30.911 0.0000000000
72054  -48.699  40.542  31.207 0.0000000000
63417  -54.477  25.864  16.678 0.0000000000
63423  -54.156  25.936  16.081 0.0000000000
63429  -53.578  26.153  14.831 0.0000000000
66171  -54.889  30.680  22.956 0.0000000000
66178  -54.930  30.376  22.021 0.0000000000
66194  -54.473  30.817  20.091 0.0000000000
65623  -54.501  29.829  20.134 0.0000000000
65087  -54.545  28.583  18.669 0.0000000000
64533  -54.468  27.422  17.333 0.0000000000
64544  -53.940  27.126  15.809 0.0000000000
63997  -53.352  26.559  14.392 0.0000000000
64557  -52.955  27.194  13.677 0.0000000000
64555  -52.081  27.363  13.133 0.0000000000
65652  -53.455  29.392  14.692 0.0000000000
65123  -52.845  27.900  13.094 0.0000000000
64564  -51.769  27.503  12.693 0.0000000000
65121  -51.794  28.103  12.300 0.0000000000
65133  -51.291  28.180  11.797 0.0000000000
65132  -50.435  28.066  11.255 0.0000000000
70332  -51.415  38.509  27.863 0.0000000000
70334  -51.735  38.526  27.240 0.0000000000
69824  -52.502  37.368  25.210 0.0000000000
70901  -52.162  39.248  25.807 0.0000000000
70343  -52.798  38.241  24.875 0.0000000000
69829  -52.665  36.991  24.646 0.0000000000
69347  -53.080  36.352  23.669 0.0000000000
68869  -52.743  35.549  22.327 0.0000000000
68383  -52.894  34.654  20.979 0.0000000000
71508  -52.191  40.540  22.860 0.0000000000
71509  -52.419  39.998  22.474 0.0000000000
70361  -52.780  38.308  22.024 0.0000000000
69867  -52.000  37.666  19.729 0.0000000000
69851  -52.386  38.036  20.899 0.0000000000
69852  -52.478  37.615  21.247 0.0000000000
69367  -52.067  36.373  20.925 0.0000000000
68882  -52.079  35.221  20.573 0.0000000000
67833  -53.236  33.694  19.288 0.0000000000
67849  -53.678  33.021  17.807 0.0000000000
66812  -53.991  31.769  15.046 0.0000000000
67864  -52.961  33.227  15.784 0.0000000000
67341  -53.317  32.194  14.596 0.0000000000
66241  -52.343  30.418  13.507 0.0000000000
66268  -51.949  29.757  12.077 0.0000000000
65693  -50.962  28.954  11.084 0.0000000000
66281  -49.646  30.706  9.908 0.0000000000
68442  -49.814  34.774  15.150 0.0000000000
67887  -49.221  33.404  13.329 0.0000000000
67907  -48.430  32.682  11.382 0.0000000000
67870  -48.517  33.952  13.668 0.0000000000
67898  -48.539  33.414  11.855 0.0000000000
67368  -47.387  31.784  11.222 0.0000000000
66854  -46.195  30.363  11.211 0.0000000000
66288  -45.758  29.654  11.403 0.0000000000
65688  -44.570  28.419  12.025 0.0000000000
66239  -45.414  30.301  14.622 0.0000000000
66238  -45.028  29.635  15.477 0.0000000000
69443  -49.269  36.589  11.959 0.0000000000
68951  -48.274  35.493  11.772 0.0000000000
68461  -46.517  34.568  12.116 0.0000000000
68450  -45.131  33.968  13.172 0.0000000000
67881  -44.458  33.412  13.915 0.0000000000
67229  -50.397  32.045  32.468 0.0000000000
66705  -50.396  31.556  31.836 0.0000000000
67230  -50.563  32.563  32.168 0.0000000000
70298  -49.480  38.831  35.641 0.0000000000
68384  -53.532  33.970  20.688 0.0000000000
72088  -51.256  41.577  23.948 0.0000000000
68430  -50.619  34.782  15.677 0.0000000000
69333  -52.719  36.003  25.166 0.0000000000
68854  -53.069  35.458  24.047 0.0000000000
70403  -51.564  38.576  16.191 0.0000000000
71574  -51.850  40.380  14.013 0.0000000000
70980  -51.674  39.692  14.042 0.0000000000
70979  -51.422  39.659  13.510 0.0000000000
64021  -51.078  25.706  12.732 0.0000000000
64576  -51.113  26.900  12.332 0.0000000000
71473  -48.909  40.228  29.474 0.0000000000
71477  -49.314  39.955  29.238 0.0000000000
73207  -50.773  43.221  27.729 0.0000000000
73743  -50.967  43.891  28.140 0.0000000000
74665  -51.099  45.933  25.367 0.0000000000
64479  -54.691  27.732  26.253 0.0000000000
68826  -50.648  35.225  31.329 0.0000000000
68801  -51.479  35.368  35.263 0.0000000000
68802  -51.660  34.898  34.897 0.0000000000
68809  -51.812  35.271  34.348 0.0000000000
70866  -50.357  39.248  32.758 0.0000000000
70867  -50.505  39.326  31.894 0.0000000000
64527  -54.731  27.458  18.329 0.0000000000
65646  -53.942  29.139  15.996 0.0000000000
71483  -51.391  39.886  26.925 0.0000000000
68906  -51.530  35.137  18.312 0.0000000000
67359  -51.538  32.106  12.807 0.0000000000
66253  -51.492  30.988  12.256 0.0000000000
67370  -49.079  32.345  11.039 0.0000000000
66847  -48.163  31.360  10.450 0.0000000000
66834  -47.711  31.571  10.912 0.0000000000
67350  -46.069  32.277  12.307 0.0000000000
67357  -46.403  32.152  11.945 0.0000000000
66832  -45.841  30.892  12.264 0.0000000000
66264  -46.196  29.956  13.238 0.0000000000
66823  -45.666  31.109  12.870 0.0000000000
67338  -44.558  32.044  14.569 0.0000000000
67330  -44.400  31.558  14.924 0.0000000000
68845  -51.912  35.579  27.434 0.0000000000
69815  -51.393  37.094  27.574 0.0000000000
69324  -51.587  36.582  27.372 0.0000000000
73285  -51.601  43.250  17.314 0.0000000000
72716  -51.621  42.382  17.350 0.0000000000
72722  -51.883  42.265  16.472 0.0000000000
73313  -51.867  43.302  15.836 0.0000000000
72742  -51.921  41.922  14.735 0.0000000000
63452  -51.854  25.453  12.710 0.0000000000
72644  -48.023  42.457  30.108 0.0000000000
66710  -51.911  31.441  31.066 0.0000000000
67771  -51.406  33.138  30.977 0.0000000000
70303  -50.124  38.328  34.203 0.0000000000
66780  -54.192  31.400  18.740 0.0000000000
66787  -54.199  31.349  17.776 0.0000000000
72082  -51.741  40.563  24.688 0.0000000000
71496  -52.602  39.741  23.825 0.0000000000
68911  -51.282  35.511  16.927 0.0000000000
68419  -51.633  34.741  17.248 0.0000000000
67890  -51.653  32.695  14.242 0.0000000000
67372  -50.805  32.599  12.176 0.0000000000
67910  -50.385  32.863  12.529 0.0000000000
67900  -49.885  32.945  12.847 0.0000000000
68931  -48.358  35.754  13.830 0.0000000000
67256  -54.078  32.788  26.638 0.0000000000
67789  -54.138  33.195  26.273 0.0000000000
68369  -53.213  34.771  22.687 0.0000000000
68377  -53.449  34.201  21.406 0.0000000000
72106  -51.558  41.617  21.491 0.0000000000
71537  -51.660  41.039  20.236 0.0000000000
71545  -51.787  40.512  18.841 0.0000000000
69897  -50.581  37.710  15.396 0.0000000000
70417  -51.151  38.738  14.245 0.0000000000
69909  -50.189  37.470  13.907 0.0000000000
69915  -50.095  37.436  12.788 0.0000000000
63461  -50.078  25.600  12.215 0.0000000000
72650  -50.608  42.415  28.066 0.0000000000
72066  -50.475  41.854  28.354 0.0000000000
73210  -50.682  43.298  26.925 0.0000000000
72656  -50.662  42.450  26.602 0.0000000000
73212  -50.713  42.870  26.517 0.0000000000
74236  -50.511  45.488  26.577 0.0000000000
73216  -51.291  43.437  25.032 0.0000000000
73756  -51.426  44.391  23.531 0.0000000000
74243  -51.376  45.181  22.976 0.0000000000
64482  -54.766  27.924  24.595 0.0000000000
65588  -54.738  29.625  25.288 0.0000000000
65582  -53.914  29.807  27.856 0.0000000000
66148  -54.196  30.510  27.331 0.0000000000
66728  -54.385  31.271  26.984 0.0000000000
67254  -54.417  31.810  26.683 0.0000000000
67785  -52.516  33.583  28.360 0.0000000000
66694  -51.041  31.936  34.761 0.0000000000
67744  -50.484  33.523  37.676 0.0000000000
67201  -50.923  32.941  37.543 0.0000000000
68289  -51.092  34.159  36.652 0.0000000000
67748  -51.799  33.186  36.087 0.0000000000
68305  -51.027  34.155  34.697 0.0000000000
67760  -51.158  33.309  34.705 0.0000000000
70322  -50.400  37.856  31.662 0.0000000000
69801  -50.695  37.967  30.704 0.0000000000
70870  -50.804  39.285  31.230 0.0000000000
72033  -49.892  40.591  32.991 0.0000000000
72042  -48.862  40.630  32.233 0.0000000000
72041  -47.982  41.070  32.078 0.0000000000
72053  -47.612  41.173  31.032 0.0000000000
62810  -54.471  25.213  16.161 0.0000000000
63411  -54.785  25.742  17.390 0.0000000000
63430  -53.890  25.741  15.337 0.0000000000
63991  -53.909  26.400  15.769 0.0000000000
66760  -54.526  31.456  21.474 0.0000000000
63990  -53.587  26.734  15.146 0.0000000000
65111  -53.492  28.449  14.496 0.0000000000
64556  -52.388  27.223  13.361 0.0000000000
64566  -52.653  27.490  13.266 0.0000000000
65645  -53.745  29.455  15.325 0.0000000000
65666  -52.792  28.804  13.148 0.0000000000
64565  -52.357  27.623  12.987 0.0000000000
65147  -50.798  28.432  11.201 0.0000000000
70342  -52.440  38.272  25.635 0.0000000000
69825  -52.853  37.565  24.589 0.0000000000
72095  -51.690  41.158  22.601 0.0000000000
71522  -52.409  39.697  21.957 0.0000000000
70930  -52.554  38.972  21.690 0.0000000000
69874  -51.482  37.177  18.914 0.0000000000
69860  -52.327  37.088  20.282 0.0000000000
68391  -52.890  34.430  20.012 0.0000000000
67841  -53.060  33.734  18.365 0.0000000000
67857  -53.650  32.947  16.892 0.0000000000
67342  -53.741  32.259  15.097 0.0000000000
67875  -52.729  32.859  15.120 0.0000000000
66825  -52.003  31.538  12.992 0.0000000000
66819  -52.936  31.512  13.994 0.0000000000
66254  -52.006  30.535  12.739 0.0000000000
66283  -50.951  29.916  11.058 0.0000000000
65146  -50.365  28.595  10.875 0.0000000000
65145  -49.603  28.517  10.262 0.0000000000
67385  -49.929  31.931  10.821 0.0000000000
66849  -50.048  31.444  10.642 0.0000000000
66292  -48.200  30.519  9.521 0.0000000000
68429  -50.137  35.094  15.587 0.0000000000
67899  -49.335  33.394  12.371 0.0000000000
67358  -46.948  32.224  11.614 0.0000000000
67906  -47.908  32.296  11.374 0.0000000000
67381  -46.793  31.274  10.986 0.0000000000
67380  -46.306  31.152  11.397 0.0000000000
66277  -46.027  29.938  11.985 0.0000000000
65689  -45.546  29.339  12.144 0.0000000000
66262  -45.427  27.374  14.363 0.0000000000
66249  -45.015  28.106  15.763 0.0000000000
66240  -45.655  30.650  13.942 0.0000000000
66228  -44.215  30.313  15.289 0.0000000000
68950  -47.642  34.846  11.740 0.0000000000
68949  -47.075  34.697  11.760 0.0000000000
68460  -45.304  34.564  12.443 0.0000000000
69811  -51.257  37.573  28.035 0.0000000000
73783  -51.119  44.273  18.551 0.0000000000
73791  -51.545  44.073  17.412 0.0000000000
73805  -51.780  43.764  16.595 0.0000000000
73821  -51.773  43.977  16.100 0.0000000000
73197  -48.000  43.574  30.677 0.0000000000
65589  -54.916  29.501  24.517 0.0000000000
66155  -55.117  30.001  24.049 0.0000000000
66164  -55.141  30.007  23.319 0.0000000000
67872  -50.229  33.502  14.709 0.0000000000
70955  -52.024  39.396  17.450 0.0000000000
70411  -51.416  38.719  15.363 0.0000000000
71470  -49.522  39.434  30.191 0.0000000000
71474  -49.606  39.947  29.189 0.0000000000
74237  -50.956  45.355  25.762 0.0000000000
64481  -54.779  27.598  25.249 0.0000000000
66136  -53.628  30.251  29.116 0.0000000000
65578  -53.570  30.260  28.511 0.0000000000
65581  -53.626  30.226  28.271 0.0000000000
66725  -53.329  31.269  27.825 0.0000000000
68829  -51.435  35.634  30.269 0.0000000000
68798  -51.102  35.439  36.117 0.0000000000
68292  -50.934  34.807  36.525 0.0000000000
69296  -51.776  36.133  33.440 0.0000000000
70318  -50.357  38.380  32.173 0.0000000000
70319  -50.610  38.926  31.595 0.0000000000
63972  -54.847  26.586  17.739 0.0000000000
66200  -54.384  30.610  19.322 0.0000000000
70888  -51.330  39.694  28.159 0.0000000000
70905  -52.659  39.117  24.401 0.0000000000
69360  -52.416  36.473  21.889 0.0000000000
71520  -51.671  41.093  21.467 0.0000000000
71521  -51.861  40.612  21.829 0.0000000000
69383  -51.434  36.387  18.737 0.0000000000
69384  -51.607  36.170  19.269 0.0000000000
67352  -52.200  32.077  13.551 0.0000000000
67384  -49.525  31.903  10.753 0.0000000000
66848  -49.087  31.436  10.158 0.0000000000
66280  -48.074  30.991  9.941 0.0000000000
67885  -47.870  33.747  12.184 0.0000000000
67365  -45.898  30.972  11.955 0.0000000000
66844  -46.086  30.314  12.271 0.0000000000
65676  -46.142  29.424  12.742 0.0000000000
65664  -46.268  29.555  13.367 0.0000000000
66251  -45.998  29.855  13.876 0.0000000000
66810  -44.863  31.159  14.651 0.0000000000
66809  -44.390  31.205  15.042 0.0000000000
66808  -43.933  31.285  15.280 0.0000000000
73238  -51.159  43.509  20.224 0.0000000000
73268  -51.379  43.273  18.264 0.0000000000
72710  -51.457  42.337  18.198 0.0000000000
72153  -52.122  41.170  15.329 0.0000000000
72169  -51.749  41.474  14.061 0.0000000000
73198  -48.802  43.321  30.073 0.0000000000
73203  -49.415  43.246  29.377 0.0000000000
66717  -52.773  31.271  29.815 0.0000000000
69276  -49.901  36.213  37.553 0.0000000000
69279  -50.275  36.249  36.845 0.0000000000
69280  -50.766  36.201  36.241 0.0000000000
72028  -49.168  40.742  33.679 0.0000000000
66231  -54.043  30.983  15.265 0.0000000000
66811  -53.537  31.169  14.632 0.0000000000
70922  -52.807  39.208  22.511 0.0000000000
68420  -52.315  34.105  16.934 0.0000000000
67348  -45.000  32.145  13.684 0.0000000000
67347  -44.593  32.689  13.905 0.0000000000
67804  -54.224  33.280  23.485 0.0000000000
69411  -50.082  36.636  15.309 0.0000000000
69425  -49.802  36.758  14.719 0.0000000000
69433  -49.290  36.590  13.383 0.0000000000
69437  -48.862  36.139  12.283 0.0000000000
72075  -50.866  41.622  26.136 0.0000000000
72652  -50.610  42.391  26.892 0.0000000000
72074  -50.704  42.158  26.404 0.0000000000
74247  -51.172  45.150  22.165 0.0000000000
65042  -54.662  28.350  24.925 0.0000000000
66701  -50.434  31.982  33.997 0.0000000000
67199  -51.377  31.919  37.891 0.0000000000
67203  -52.249  31.886  36.774 0.0000000000
67206  -52.238  32.433  36.147 0.0000000000
67213  -52.010  32.387  35.137 0.0000000000
67226  -50.622  32.643  33.556 0.0000000000
69783  -51.768  36.565  33.953 0.0000000000
69295  -51.379  36.443  33.122 0.0000000000
69301  -50.984  36.212  32.702 0.0000000000
71469  -48.939  40.002  30.364 0.0000000000
72055  -49.224  40.395  31.750 0.0000000000
72052  -47.254  41.795  30.980 0.0000000000
72642  -47.269  42.123  31.002 0.0000000000
72634  -47.529  42.099  31.540 0.0000000000
73187  -47.722  43.153  31.412 0.0000000000
63437  -53.889  25.164  14.843 0.0000000000
63436  -53.573  25.617  14.404 0.0000000000
66179  -55.102  30.096  22.311 0.0000000000
65080  -54.670  28.761  19.664 0.0000000000
64537  -54.286  27.321  16.494 0.0000000000
64004  -53.043  26.197  13.865 0.0000000000
64003  -52.471  26.568  13.544 0.0000000000
64002  -51.912  26.916  13.345 0.0000000000
64575  -50.459  27.300  11.754 0.0000000000
65134  -51.791  28.392  12.210 0.0000000000
69812  -51.494  38.052  27.543 0.0000000000
70902  -52.493  38.893  25.154 0.0000000000
70377  -51.984  38.569  20.036 0.0000000000
69859  -52.288  37.925  20.515 0.0000000000
70369  -52.533  38.367  21.485 0.0000000000
67331  -53.420  32.632  15.347 0.0000000000
65678  -51.460  29.368  11.605 0.0000000000
66858  -48.913  30.855  9.596 0.0000000000
66846  -47.273  31.301  10.679 0.0000000000
66855  -46.598  30.807  10.678 0.0000000000
66853  -46.081  30.316  11.723 0.0000000000
65699  -45.008  29.089  11.434 0.0000000000
66263  -45.954  28.126  13.601 0.0000000000
72168  -51.477  41.136  13.364 0.0000000000
70431  -50.492  38.754  12.728 0.0000000000
69916  -50.182  38.256  12.621 0.0000000000
69914  -49.885  37.031  12.299 0.0000000000
69442  -48.679  36.593  11.361 0.0000000000
65611  -55.079  29.829  22.335 0.0000000000
66145  -53.552  30.253  28.800 0.0000000000
66801  -44.006  31.518  15.389 0.0000000000
66831  -45.927  30.786  12.070 0.0000000000
66833  -47.460  31.554  10.952 0.0000000000
66845  -46.862  31.163  10.731 0.0000000000
67222  -51.793  32.062  35.008 0.0000000000
67379  -46.045  30.878  11.740 0.0000000000
67382  -47.154  31.469  10.963 0.0000000000
67391  -46.186  30.700  11.457 0.0000000000
67392  -46.443  30.861  11.095 0.0000000000
67393  -46.603  30.985  10.883 0.0000000000
68317  -50.224  35.410  31.955 0.0000000000
68318  -50.212  35.170  32.095 0.0000000000
68322  -50.284  35.208  31.798 0.0000000000
70872  -48.915  39.710  30.090 0.0000000000
70877  -48.880  39.736  29.777 0.0000000000
70878  -49.192  39.488  29.510 0.0000000000
70882  -49.038  39.826  29.321 0.0000000000
70883  -49.292  39.773  29.153 0.0000000000
71478  -49.501  39.724  29.212 0.0000000000
72058  -47.299  42.042  30.762 0.0000000000
