#!ascii label  , from subject TEMPLATE vox2ras=TkReg
1470
50698  -31.614  7.574  61.789 0.0000000000
60621  -46.635  21.077  47.678 0.0000000000
55865  -40.516  14.374  56.135 0.0000000000
33988  -2.480  -18.825  59.474 0.0000000000
88330  -22.723  -2.283  62.329 0.0000000000
41238  -5.501  -5.955  63.606 0.0000000000
40569  -4.673  -6.244  69.802 0.0000000000
57901  -43.610  17.831  51.653 0.0000000000
41912  -6.640  -7.008  55.031 0.0000000000
35109  -9.449  -15.366  65.339 0.0000000000
49984  -36.054  6.390  59.859 0.0000000000
47742  -30.952  3.362  62.626 0.0000000000
48473  -27.347  4.077  62.421 0.0000000000
60630  -48.000  21.776  44.901 0.0000000000
56562  -41.540  15.537  53.712 0.0000000000
41241  -21.816  -5.903  62.938 0.0000000000
44926  -5.946  -0.492  59.523 0.0000000000
37512  -2.968  -12.380  62.149 0.0000000000
36975  -3.943  -13.691  58.070 0.0000000000
33449  -2.419  -20.048  54.936 0.0000000000
39984  -13.148  -8.404  68.345 0.0000000000
38683  -9.921  -10.658  71.058 0.0000000000
55167  -38.618  13.323  58.581 0.0000000000
48465  -24.483  3.527  62.763 0.0000000000
44909  -26.110  -0.288  62.029 0.0000000000
41210  -3.817  -6.413  66.962 0.0000000000
37494  -3.823  -12.319  65.159 0.0000000000
59908  -45.440  19.732  50.001 0.0000000000
40584  -16.740  -7.014  67.154 0.0000000000
41841  -20.051  -5.663  65.938 0.0000000000
41276  -7.092  -7.538  60.503 0.0000000000
36991  -5.235  -13.651  53.810 0.0000000000
41789  -7.271  -5.428  70.963 0.0000000000
38077  -7.682  -11.165  67.538 0.0000000000
33963  -4.920  -18.588  62.984 0.0000000000
50703  -32.532  7.706  61.110 0.0000000000
49972  -32.920  6.147  61.769 0.0000000000
50705  -33.925  6.938  61.040 0.0000000000
49217  -31.170  5.565  63.060 0.0000000000
47744  -32.337  3.572  61.848 0.0000000000
49959  -29.710  5.707  63.178 0.0000000000
60626  -47.237  21.723  46.470 0.0000000000
58588  -46.517  18.669  47.825 0.0000000000
59254  -46.082  19.166  46.202 0.0000000000
59928  -47.266  20.149  44.439 0.0000000000
55872  -41.297  14.679  54.690 0.0000000000
53780  -39.990  11.998  56.523 0.0000000000
54476  -41.165  12.590  55.618 0.0000000000
55185  -41.565  13.192  53.939 0.0000000000
35764  -3.428  -15.877  60.268 0.0000000000
35178  -3.501  -16.979  58.732 0.0000000000
33439  -2.309  -19.805  56.648 0.0000000000
31244  -2.614  -23.083  53.822 0.0000000000
31234  -2.516  -23.385  56.016 0.0000000000
38088  -15.175  -11.451  67.855 0.0000000000
37466  -13.217  -12.436  69.913 0.0000000000
54460  -37.275  12.215  59.593 0.0000000000
51481  -35.904  8.255  59.641 0.0000000000
50722  -37.165  7.217  59.038 0.0000000000
53026  -37.010  10.400  59.280 0.0000000000
53773  -38.002  11.153  58.637 0.0000000000
49964  -25.482  5.593  62.196 0.0000000000
46291  -28.376  1.366  61.992 0.0000000000
47007  -26.674  2.201  62.470 0.0000000000
60645  -48.249  22.159  41.939 0.0000000000
88725  -48.728  22.504  39.337 0.0000000000
41201  -3.654  -6.390  68.742 0.0000000000
39378  -4.764  -9.278  65.849 0.0000000000
39355  -4.665  -8.819  67.691 0.0000000000
58578  -44.163  18.197  50.769 0.0000000000
56566  -43.931  14.498  51.653 0.0000000000
57243  -44.864  15.779  51.680 0.0000000000
57906  -45.482  17.164  50.355 0.0000000000
41813  -15.689  -5.143  66.855 0.0000000000
41821  -15.945  -4.907  66.636 0.0000000000
43095  -4.370  -3.605  63.357 0.0000000000
43101  -5.025  -3.801  61.836 0.0000000000
41854  -7.222  -5.937  62.193 0.0000000000
35190  -3.747  -17.238  55.027 0.0000000000
36982  -3.789  -13.169  56.307 0.0000000000
34605  -3.744  -17.315  52.839 0.0000000000
41792  -8.980  -4.964  70.362 0.0000000000
36302  -8.689  -14.428  69.936 0.0000000000
38058  -7.418  -10.987  70.502 0.0000000000
36319  -7.803  -13.647  67.123 0.0000000000
36322  -6.356  -14.310  65.208 0.0000000000
34521  -5.345  -17.914  65.022 0.0000000000
51471  -34.641  8.064  59.780 0.0000000000
49966  -27.435  6.217  62.421 0.0000000000
49967  -28.453  6.271  62.529 0.0000000000
47740  -29.092  3.439  62.482 0.0000000000
61349  -49.448  22.544  43.948 0.0000000000
59929  -47.661  20.736  44.104 0.0000000000
57237  -42.577  16.388  52.997 0.0000000000
55875  -42.375  13.713  53.082 0.0000000000
43694  -23.665  -3.069  61.446 0.0000000000
88312  -21.801  -4.050  62.097 0.0000000000
43125  -7.605  -3.635  58.373 0.0000000000
39395  -5.661  -9.686  62.403 0.0000000000
39419  -5.442  -9.695  60.406 0.0000000000
36965  -3.722  -13.105  59.668 0.0000000000
35182  -3.815  -16.950  57.025 0.0000000000
32873  -2.970  -20.377  52.721 0.0000000000
41205  -11.359  -6.459  68.338 0.0000000000
88615  -9.167  -8.503  67.865 0.0000000000
38690  -11.884  -10.300  69.984 0.0000000000
36893  -11.109  -13.378  70.753 0.0000000000
55857  -39.348  14.097  57.219 0.0000000000
53775  -38.873  11.640  57.752 0.0000000000
88343  -22.906  1.433  62.236 0.0000000000
48472  -26.316  4.087  62.301 0.0000000000
88358  -24.833  2.227  61.703 0.0000000000
44906  -24.092  -1.160  62.379 0.0000000000
42466  -3.237  -3.862  64.647 0.0000000000
42459  -3.297  -3.821  66.721 0.0000000000
41227  -4.032  -6.415  64.906 0.0000000000
38725  -5.218  -9.629  64.133 0.0000000000
37500  -3.461  -12.392  63.953 0.0000000000
36345  -4.055  -14.671  62.680 0.0000000000
59912  -46.268  20.194  48.885 0.0000000000
57910  -46.203  17.429  49.333 0.0000000000
41817  -12.830  -5.665  66.625 0.0000000000
40591  -15.346  -7.537  66.422 0.0000000000
38707  -16.588  -10.512  67.359 0.0000000000
43093  -21.298  -3.599  63.900 0.0000000000
42478  -19.250  -4.139  64.793 0.0000000000
42469  -16.860  -4.667  65.205 0.0000000000
41824  -18.122  -6.921  67.175 0.0000000000
88628  -18.962  -8.858  67.722 0.0000000000
45621  -4.225  -0.109  60.943 0.0000000000
43119  -6.465  -4.054  59.961 0.0000000000
41299  -7.515  -7.422  58.204 0.0000000000
38786  -4.957  -10.177  58.568 0.0000000000
39445  -4.289  -9.666  56.684 0.0000000000
39450  -5.163  -9.683  54.671 0.0000000000
41186  -5.875  -5.678  70.586 0.0000000000
88607  -7.771  -8.895  69.807 0.0000000000
39967  -7.773  -8.018  69.620 0.0000000000
39344  -6.091  -7.808  68.511 0.0000000000
37475  -5.957  -11.593  66.762 0.0000000000
35723  -4.978  -15.139  64.112 0.0000000000
33972  -2.469  -18.677  61.072 0.0000000000
32243  -4.195  -21.055  65.102 0.0000000000
32261  -2.377  -21.590  63.773 0.0000000000
31747  -2.068  -22.660  58.750 0.0000000000
49971  -32.284  6.584  61.993 0.0000000000
49975  -32.916  6.779  61.410 0.0000000000
49970  -31.290  6.560  62.589 0.0000000000
49226  -31.815  5.608  62.533 0.0000000000
50697  -30.721  7.518  62.132 0.0000000000
49961  -30.754  6.122  63.219 0.0000000000
60625  -46.634  21.119  46.771 0.0000000000
59916  -46.147  20.231  47.882 0.0000000000
59249  -46.068  19.227  47.200 0.0000000000
59920  -46.023  20.567  47.080 0.0000000000
60628  -46.676  21.142  45.949 0.0000000000
56550  -40.689  14.859  55.677 0.0000000000
56553  -40.456  15.701  55.505 0.0000000000
56549  -40.187  15.385  55.803 0.0000000000
54475  -40.424  12.764  56.371 0.0000000000
55179  -41.045  13.521  56.009 0.0000000000
55866  -41.128  14.313  55.428 0.0000000000
35163  -3.859  -16.963  60.090 0.0000000000
34585  -2.951  -17.821  58.663 0.0000000000
33996  -2.478  -18.798  58.610 0.0000000000
32302  -2.172  -21.820  56.015 0.0000000000
32853  -1.906  -20.781  57.850 0.0000000000
37479  -15.891  -12.038  67.693 0.0000000000
37471  -15.199  -12.364  68.472 0.0000000000
53025  -36.104  10.408  59.456 0.0000000000
52255  -36.469  9.398  59.229 0.0000000000
53768  -37.574  11.367  59.198 0.0000000000
60643  -49.612  22.647  42.126 0.0000000000
88714  -48.638  22.458  40.801 0.0000000000
88723  -49.467  22.794  40.061 0.0000000000
40576  -3.631  -6.736  69.098 0.0000000000
39978  -3.985  -8.134  68.081 0.0000000000
39969  -3.992  -8.066  69.294 0.0000000000
58575  -43.729  18.049  51.313 0.0000000000
59236  -43.514  19.389  50.845 0.0000000000
57898  -43.646  16.676  51.874 0.0000000000
56572  -44.366  15.034  51.655 0.0000000000
57902  -44.003  17.260  51.415 0.0000000000
57905  -44.702  17.256  50.727 0.0000000000
43073  -16.141  -3.670  68.164 0.0000000000
43077  -15.583  -3.805  66.775 0.0000000000
88336  -22.823  -0.286  63.186 0.0000000000
88328  -22.271  -2.277  62.978 0.0000000000
42529  -8.263  -5.225  56.068 0.0000000000
42482  -4.789  -4.301  63.416 0.0000000000
42484  -5.481  -4.552  62.572 0.0000000000
41255  -6.750  -6.005  61.969 0.0000000000
34022  -3.258  -18.789  52.396 0.0000000000
35201  -3.855  -17.052  53.472 0.0000000000
34026  -3.343  -18.782  51.466 0.0000000000
43049  -9.946  -3.620  71.375 0.0000000000
42435  -10.341  -4.906  70.508 0.0000000000
35706  -9.297  -15.051  67.234 0.0000000000
36309  -7.867  -14.356  68.576 0.0000000000
35704  -9.028  -14.044  65.924 0.0000000000
35116  -7.649  -15.438  64.998 0.0000000000
34523  -7.678  -16.515  65.258 0.0000000000
50711  -33.233  8.019  60.183 0.0000000000
50712  -34.255  7.458  60.293 0.0000000000
51479  -34.135  8.485  59.546 0.0000000000
52253  -34.670  9.439  59.275 0.0000000000
48467  -30.279  4.663  63.255 0.0000000000
48475  -29.338  4.461  62.765 0.0000000000
47741  -30.070  3.661  63.085 0.0000000000
47010  -29.687  2.461  62.379 0.0000000000
61346  -48.982  22.502  44.504 0.0000000000
60634  -47.584  21.142  44.580 0.0000000000
60635  -48.038  21.284  44.210 0.0000000000
60636  -48.777  21.704  43.878 0.0000000000
56563  -41.922  15.399  52.907 0.0000000000
57889  -42.433  17.427  53.679 0.0000000000
57234  -42.157  16.732  53.832 0.0000000000
55873  -41.415  14.149  54.069 0.0000000000
55186  -42.029  13.466  53.384 0.0000000000
55886  -41.926  14.674  52.816 0.0000000000
56564  -42.564  15.213  52.368 0.0000000000
44931  -6.240  -1.059  59.133 0.0000000000
43722  -6.783  -2.591  58.131 0.0000000000
43716  -6.211  -2.805  59.205 0.0000000000
38731  -3.899  -10.621  62.475 0.0000000000
38132  -3.924  -11.462  61.101 0.0000000000
37534  -3.168  -12.976  60.811 0.0000000000
34000  -2.845  -18.437  57.150 0.0000000000
35181  -3.547  -16.972  57.930 0.0000000000
34007  -2.965  -18.800  55.308 0.0000000000
34012  -2.950  -18.805  54.313 0.0000000000
32870  -2.608  -20.495  53.617 0.0000000000
31773  -2.913  -22.082  53.064 0.0000000000
40581  -12.808  -7.597  68.059 0.0000000000
39982  -11.551  -7.646  68.877 0.0000000000
39351  -12.311  -9.399  69.146 0.0000000000
36307  -13.187  -14.513  70.449 0.0000000000
37464  -12.457  -12.539  70.394 0.0000000000
36306  -12.247  -14.524  70.700 0.0000000000
35690  -10.383  -15.228  70.164 0.0000000000
55172  -38.961  13.746  57.825 0.0000000000
54465  -38.449  12.332  58.807 0.0000000000
53032  -38.612  11.123  57.871 0.0000000000
54466  -38.814  12.342  58.258 0.0000000000
55173  -39.328  13.198  57.699 0.0000000000
48463  -23.177  2.841  63.364 0.0000000000
88344  -22.876  2.066  62.568 0.0000000000
47727  -23.562  2.722  62.118 0.0000000000
49222  -26.880  5.096  62.057 0.0000000000
47737  -26.625  3.478  62.477 0.0000000000
45603  -26.339  0.468  61.927 0.0000000000
47006  -25.487  1.990  62.173 0.0000000000
45602  -25.492  0.453  61.824 0.0000000000
45612  -24.285  0.676  61.645 0.0000000000
44908  -25.425  -0.480  62.109 0.0000000000
44268  -24.629  -1.775  62.265 0.0000000000
41816  -3.631  -5.341  67.228 0.0000000000
41826  -3.706  -5.667  66.391 0.0000000000
41835  -3.682  -5.515  65.489 0.0000000000
41218  -3.891  -6.486  65.949 0.0000000000
40604  -4.620  -7.844  64.707 0.0000000000
40002  -4.588  -8.235  65.458 0.0000000000
38714  -4.656  -9.999  65.910 0.0000000000
38103  -4.068  -11.021  65.192 0.0000000000
37501  -3.789  -11.736  64.595 0.0000000000
36937  -3.498  -13.931  62.837 0.0000000000
36930  -3.686  -14.071  63.519 0.0000000000
59909  -45.864  20.212  49.847 0.0000000000
60614  -46.456  21.049  49.516 0.0000000000
59905  -45.625  20.650  50.415 0.0000000000
58579  -44.994  18.190  50.217 0.0000000000
58580  -45.740  17.780  49.835 0.0000000000
58582  -45.435  18.570  49.750 0.0000000000
59244  -45.986  19.312  49.055 0.0000000000
42449  -14.119  -4.638  67.941 0.0000000000
41207  -16.028  -6.435  66.492 0.0000000000
41214  -15.281  -6.440  65.775 0.0000000000
40583  -16.204  -7.246  66.725 0.0000000000
39993  -15.737  -8.597  67.318 0.0000000000
39994  -16.672  -8.604  67.542 0.0000000000
88319  -21.529  -4.787  62.349 0.0000000000
42485  -21.589  -4.427  62.546 0.0000000000
41849  -21.358  -5.287  63.661 0.0000000000
41842  -20.697  -5.860  65.478 0.0000000000
41844  -20.426  -5.316  65.357 0.0000000000
42472  -19.976  -5.089  65.503 0.0000000000
42477  -18.312  -4.225  64.644 0.0000000000
42471  -19.057  -4.938  65.570 0.0000000000
41833  -18.414  -5.673  66.448 0.0000000000
41834  -19.446  -6.219  66.783 0.0000000000
39976  -19.865  -8.432  68.252 0.0000000000
44915  -3.737  -0.489  61.873 0.0000000000
42495  -7.003  -5.110  61.478 0.0000000000
43714  -5.351  -3.585  60.617 0.0000000000
42505  -7.302  -4.888  60.917 0.0000000000
42506  -7.500  -4.787  60.364 0.0000000000
41277  -7.163  -7.571  59.771 0.0000000000
38141  -4.983  -11.393  59.645 0.0000000000
39425  -5.098  -9.827  59.823 0.0000000000
38162  -5.144  -11.593  58.080 0.0000000000
36987  -4.677  -13.556  54.530 0.0000000000
38169  -4.566  -11.392  56.449 0.0000000000
38173  -4.953  -11.332  55.558 0.0000000000
39446  -4.506  -9.565  55.904 0.0000000000
38182  -4.840  -11.991  54.192 0.0000000000
38186  -5.942  -11.827  53.161 0.0000000000
41180  -6.458  -5.495  70.813 0.0000000000
39346  -10.039  -10.252  69.906 0.0000000000
40561  -7.834  -7.713  69.245 0.0000000000
88602  -9.261  -9.777  71.136 0.0000000000
38064  -7.137  -11.204  69.475 0.0000000000
88600  -7.637  -9.237  70.408 0.0000000000
39971  -7.318  -9.038  68.469 0.0000000000
39345  -6.842  -7.752  68.815 0.0000000000
39357  -7.365  -9.230  67.671 0.0000000000
38695  -6.429  -9.674  67.424 0.0000000000
38097  -7.380  -10.753  66.569 0.0000000000
35128  -6.236  -16.078  63.640 0.0000000000
35724  -5.929  -15.054  64.231 0.0000000000
35142  -5.424  -16.892  62.724 0.0000000000
35152  -4.884  -16.293  61.780 0.0000000000
33967  -2.862  -18.475  61.785 0.0000000000
31183  -2.849  -23.216  64.268 0.0000000000
32242  -3.765  -20.789  64.724 0.0000000000
51470  -32.988  8.927  60.387 0.0000000000
49228  -33.225  5.474  61.707 0.0000000000
49231  -33.917  5.505  61.441 0.0000000000
49976  -33.542  6.374  61.409 0.0000000000
50704  -33.393  7.188  60.886 0.0000000000
47734  -30.713  4.032  62.945 0.0000000000
48478  -31.967  4.531  62.275 0.0000000000
49227  -32.549  5.475  62.094 0.0000000000
49216  -30.519  5.374  63.295 0.0000000000
61344  -47.954  22.230  45.472 0.0000000000
58589  -46.895  18.240  47.092 0.0000000000
59255  -46.820  18.912  45.820 0.0000000000
59261  -47.218  19.338  45.183 0.0000000000
59925  -46.635  20.431  45.268 0.0000000000
60629  -47.376  21.409  45.407 0.0000000000
56557  -41.264  15.530  54.469 0.0000000000
57233  -41.594  16.399  54.232 0.0000000000
57230  -40.972  16.380  54.855 0.0000000000
57229  -40.231  16.308  55.355 0.0000000000
53783  -39.720  11.408  56.223 0.0000000000
53784  -40.443  11.686  55.752 0.0000000000
53785  -41.042  11.909  55.261 0.0000000000
54479  -41.314  12.288  55.032 0.0000000000
54480  -41.585  12.467  54.404 0.0000000000
55180  -41.464  13.352  55.056 0.0000000000
55867  -41.449  13.935  54.699 0.0000000000
36951  -3.116  -13.860  61.263 0.0000000000
36957  -3.089  -13.703  60.679 0.0000000000
35770  -3.307  -15.982  59.457 0.0000000000
33999  -2.617  -18.792  57.644 0.0000000000
33443  -2.302  -20.027  55.623 0.0000000000
32311  -2.377  -21.541  54.245 0.0000000000
32307  -2.241  -21.630  55.054 0.0000000000
31243  -2.420  -23.258  54.530 0.0000000000
39361  -14.454  -9.514  67.892 0.0000000000
38698  -13.489  -10.228  68.880 0.0000000000
38078  -14.279  -11.421  68.914 0.0000000000
55158  -37.849  12.969  59.357 0.0000000000
50714  -35.800  7.241  60.045 0.0000000000
50721  -36.457  7.306  59.509 0.0000000000
51482  -37.046  8.335  58.966 0.0000000000
51488  -37.273  8.932  58.351 0.0000000000
53030  -37.563  10.465  58.651 0.0000000000
53769  -38.140  11.735  58.906 0.0000000000
49220  -25.229  4.943  62.651 0.0000000000
47008  -27.754  2.270  62.383 0.0000000000
47738  -27.156  3.040  62.575 0.0000000000
46290  -27.421  1.425  62.130 0.0000000000
45604  -27.307  0.494  61.726 0.0000000000
60651  -47.329  21.083  40.226 0.0000000000
88715  -48.447  21.076  39.775 0.0000000000
88719  -48.815  21.712  39.268 0.0000000000
60654  -50.797  21.818  39.128 0.0000000000
41202  -3.654  -6.227  68.030 0.0000000000
39998  -4.178  -7.974  66.437 0.0000000000
39990  -4.328  -8.144  66.966 0.0000000000
39367  -4.698  -8.977  66.556 0.0000000000
38095  -4.490  -11.022  66.328 0.0000000000
59240  -44.526  19.212  50.413 0.0000000000
59903  -44.533  19.875  50.674 0.0000000000
56575  -45.251  15.133  51.797 0.0000000000
57248  -46.169  15.796  51.013 0.0000000000
57251  -45.255  16.612  50.850 0.0000000000
42450  -15.027  -4.679  67.972 0.0000000000
42451  -15.641  -4.327  67.858 0.0000000000
41208  -16.763  -6.135  67.102 0.0000000000
41233  -21.203  -6.706  65.445 0.0000000000
41216  -20.248  -6.982  67.409 0.0000000000
43692  -4.062  -2.105  63.158 0.0000000000
43699  -4.526  -2.478  61.957 0.0000000000
43100  -4.581  -3.316  62.799 0.0000000000
42487  -6.122  -4.895  61.850 0.0000000000
41875  -7.371  -6.847  61.147 0.0000000000
35784  -4.235  -15.200  56.455 0.0000000000
36978  -3.803  -13.490  57.109 0.0000000000
35785  -4.478  -15.535  55.659 0.0000000000
35788  -4.651  -15.569  54.659 0.0000000000
35791  -4.787  -15.604  53.789 0.0000000000
43637  -9.169  -2.121  71.883 0.0000000000
43047  -8.364  -3.861  71.328 0.0000000000
41790  -7.909  -5.381  70.925 0.0000000000
37458  -9.659  -12.478  70.794 0.0000000000
38681  -8.880  -10.849  71.092 0.0000000000
37460  -8.345  -12.638  70.011 0.0000000000
36897  -7.804  -13.311  69.125 0.0000000000
36908  -7.420  -13.004  67.242 0.0000000000
36907  -6.967  -13.012  66.665 0.0000000000
36318  -7.387  -13.660  66.387 0.0000000000
35115  -7.072  -15.779  64.437 0.0000000000
33953  -5.456  -18.132  63.790 0.0000000000
49983  -35.427  6.413  60.449 0.0000000000
49977  -34.328  6.404  61.087 0.0000000000
49982  -34.870  6.788  60.740 0.0000000000
50713  -35.205  7.304  60.386 0.0000000000
51480  -35.015  8.514  59.407 0.0000000000
52254  -35.557  9.412  59.276 0.0000000000
49223  -27.899  5.218  62.464 0.0000000000
49224  -28.867  5.302  62.625 0.0000000000
48474  -28.452  4.303  62.501 0.0000000000
47739  -28.097  3.249  62.506 0.0000000000
47009  -28.746  2.356  62.300 0.0000000000
88701  -47.452  19.758  43.713 0.0000000000
88710  -47.533  21.389  42.169 0.0000000000
60642  -49.387  22.370  42.822 0.0000000000
57892  -43.258  16.755  52.403 0.0000000000
57896  -43.015  17.931  52.366 0.0000000000
57891  -42.871  17.592  52.833 0.0000000000
54481  -41.839  12.737  53.740 0.0000000000
56559  -43.108  14.189  52.297 0.0000000000
57238  -42.981  15.986  52.018 0.0000000000
44263  -23.316  -2.122  62.150 0.0000000000
41270  -22.132  -3.969  61.176 0.0000000000
41258  -21.714  -5.378  61.119 0.0000000000
43131  -8.008  -3.618  57.414 0.0000000000
42530  -8.736  -5.204  57.235 0.0000000000
40621  -6.696  -6.164  63.134 0.0000000000
40634  -6.812  -7.072  62.015 0.0000000000
39408  -5.812  -9.542  61.667 0.0000000000
38140  -4.485  -11.553  60.233 0.0000000000
36970  -3.972  -13.508  58.920 0.0000000000
36370  -3.294  -15.011  59.215 0.0000000000
35776  -3.897  -15.614  58.259 0.0000000000
35780  -4.078  -15.567  57.307 0.0000000000
35186  -3.811  -17.240  55.957 0.0000000000
41197  -9.910  -6.176  68.695 0.0000000000
41204  -10.396  -6.790  68.347 0.0000000000
39350  -10.502  -9.262  69.365 0.0000000000
38689  -10.900  -10.129  70.218 0.0000000000
38072  -12.663  -11.440  70.111 0.0000000000
38071  -11.899  -11.162  70.364 0.0000000000
37462  -10.876  -12.445  70.676 0.0000000000
36301  -9.914  -13.651  70.717 0.0000000000
35696  -8.751  -15.323  68.718 0.0000000000
34506  -9.721  -15.994  65.855 0.0000000000
55858  -40.034  14.062  56.702 0.0000000000
55864  -39.666  14.723  56.436 0.0000000000
55863  -38.619  14.883  56.649 0.0000000000
49989  -36.745  6.368  59.406 0.0000000000
53038  -39.213  10.713  56.380 0.0000000000
55174  -39.915  13.383  56.952 0.0000000000
88339  -22.840  0.816  62.868 0.0000000000
45595  -23.339  -0.463  62.752 0.0000000000
49965  -26.327  6.117  62.187 0.0000000000
49221  -25.777  4.847  62.257 0.0000000000
48466  -25.436  3.846  62.561 0.0000000000
47732  -26.452  2.920  62.564 0.0000000000
47001  -25.369  2.674  62.357 0.0000000000
47730  -24.893  2.996  62.423 0.0000000000
88341  -23.734  1.951  61.145 0.0000000000
46287  -23.741  0.747  61.837 0.0000000000
45596  -23.771  -0.775  62.508 0.0000000000
44267  -23.840  -2.164  62.127 0.0000000000
60657  -51.773  22.167  38.379 0.0000000000
60663  -51.962  21.775  37.185 0.0000000000
60670  -51.924  21.433  36.190 0.0000000000
42481  -4.099  -3.845  63.675 0.0000000000
41846  -4.789  -5.284  63.812 0.0000000000
43080  -3.162  -3.478  65.903 0.0000000000
41843  -3.983  -5.433  64.478 0.0000000000
41235  -4.545  -6.216  63.963 0.0000000000
40614  -6.263  -7.111  63.562 0.0000000000
39391  -6.175  -9.076  63.523 0.0000000000
38113  -3.933  -10.643  63.272 0.0000000000
39383  -4.908  -9.074  65.177 0.0000000000
38108  -3.792  -11.154  64.043 0.0000000000
37506  -3.120  -12.381  63.040 0.0000000000
36944  -3.206  -13.775  62.083 0.0000000000
35758  -3.828  -15.756  60.884 0.0000000000
35156  -3.970  -17.026  60.735 0.0000000000
60617  -46.548  21.047  48.583 0.0000000000
57252  -45.931  16.422  50.695 0.0000000000
57908  -46.917  16.575  50.096 0.0000000000
57911  -46.787  16.769  49.535 0.0000000000
58585  -46.252  18.381  48.500 0.0000000000
59246  -46.103  19.331  48.227 0.0000000000
41206  -12.206  -6.320  67.928 0.0000000000
40589  -13.283  -7.256  67.230 0.0000000000
41819  -14.393  -5.219  66.344 0.0000000000
41222  -13.586  -6.848  65.453 0.0000000000
40590  -14.187  -7.616  67.014 0.0000000000
38706  -15.616  -10.570  67.295 0.0000000000
88325  -21.844  -3.251  62.870 0.0000000000
43691  -21.596  -3.086  63.719 0.0000000000
43092  -20.757  -3.518  64.617 0.0000000000
42480  -20.969  -4.495  64.189 0.0000000000
43091  -19.791  -3.468  64.595 0.0000000000
43683  -18.228  -2.628  64.286 0.0000000000
43682  -17.288  -2.452  64.280 0.0000000000
43672  -16.354  -2.702  65.675 0.0000000000
42463  -16.496  -4.799  65.977 0.0000000000
41823  -17.361  -5.780  66.799 0.0000000000
88629  -17.291  -6.709  67.245 0.0000000000
41215  -19.247  -7.238  67.524 0.0000000000
88630  -18.843  -7.919  67.602 0.0000000000
88624  -17.853  -8.265  67.429 0.0000000000
38708  -17.584  -10.308  67.524 0.0000000000
44925  -5.230  -0.504  60.295 0.0000000000
44279  -4.629  -1.498  61.387 0.0000000000
43710  -5.153  -2.130  60.429 0.0000000000
44283  -5.386  -1.514  60.044 0.0000000000
43120  -7.066  -3.765  59.296 0.0000000000
42508  -8.280  -5.398  59.637 0.0000000000
41900  -6.974  -7.752  56.767 0.0000000000
40633  -6.771  -8.203  61.360 0.0000000000
40641  -6.665  -8.246  60.851 0.0000000000
40653  -6.002  -8.787  59.034 0.0000000000
38166  -4.751  -11.437  57.158 0.0000000000
39441  -4.846  -9.552  57.963 0.0000000000
40658  -5.676  -8.889  58.308 0.0000000000
40659  -5.605  -8.616  57.712 0.0000000000
40665  -5.320  -7.832  56.279 0.0000000000
41315  -5.880  -7.438  55.256 0.0000000000
38807  -5.713  -10.118  53.930 0.0000000000
88605  -8.669  -6.369  69.437 0.0000000000
41182  -8.367  -6.831  70.262 0.0000000000
41189  -7.899  -6.547  70.892 0.0000000000
88598  -8.276  -9.633  71.100 0.0000000000
88599  -7.623  -8.418  70.295 0.0000000000
40567  -6.876  -6.874  70.645 0.0000000000
40566  -6.439  -6.801  70.562 0.0000000000
39961  -5.524  -7.030  70.132 0.0000000000
39965  -4.973  -7.539  69.664 0.0000000000
39348  -5.461  -8.535  68.248 0.0000000000
38074  -5.273  -10.196  67.307 0.0000000000
37484  -4.513  -12.150  66.121 0.0000000000
37487  -6.158  -12.882  66.432 0.0000000000
36922  -5.319  -13.688  65.563 0.0000000000
36328  -4.394  -14.413  64.458 0.0000000000
35743  -4.417  -15.159  62.549 0.0000000000
35150  -3.966  -17.302  61.169 0.0000000000
33978  -2.474  -18.826  60.282 0.0000000000
33928  -7.820  -17.454  65.883 0.0000000000
33387  -5.748  -19.786  65.159 0.0000000000
33927  -6.407  -17.685  65.711 0.0000000000
33385  -5.157  -19.190  64.898 0.0000000000
33400  -4.608  -19.776  64.187 0.0000000000
32823  -2.548  -20.144  63.075 0.0000000000
32265  -1.722  -21.529  62.242 0.0000000000
32822  -2.132  -20.217  62.532 0.0000000000
33416  -1.989  -19.401  61.671 0.0000000000
32845  -1.620  -20.711  59.754 0.0000000000
32850  -1.785  -20.898  58.834 0.0000000000
31230  -2.445  -23.365  56.804 0.0000000000
30203  -2.611  -24.786  55.858 0.0000000000
60622  -47.170  21.771  47.391 0.0000000000
59915  -45.677  19.979  47.291 0.0000000000
55178  -40.420  13.622  56.461 0.0000000000
34577  -3.101  -17.908  59.432 0.0000000000
33433  -2.097  -19.818  58.688 0.0000000000
36904  -15.686  -12.998  68.626 0.0000000000
41193  -4.624  -5.568  69.736 0.0000000000
40571  -3.633  -7.286  69.280 0.0000000000
39968  -3.890  -7.350  69.519 0.0000000000
57242  -44.191  16.088  51.598 0.0000000000
43079  -16.762  -3.160  68.176 0.0000000000
43078  -16.010  -3.264  67.283 0.0000000000
88333  -22.772  -1.045  63.195 0.0000000000
39459  -22.488  -1.507  63.211 0.0000000000
41909  -7.266  -6.325  55.420 0.0000000000
41850  -5.681  -5.260  63.171 0.0000000000
41243  -6.502  -5.963  63.002 0.0000000000
35101  -10.015  -14.897  66.027 0.0000000000
35100  -9.438  -14.332  65.961 0.0000000000
35108  -8.877  -14.988  65.275 0.0000000000
50719  -33.643  8.342  59.803 0.0000000000
50720  -33.773  7.978  59.814 0.0000000000
51478  -33.517  8.938  59.879 0.0000000000
52252  -33.906  9.630  59.613 0.0000000000
47733  -30.468  4.283  63.123 0.0000000000
60631  -48.562  21.892  44.604 0.0000000000
57236  -41.934  16.113  53.529 0.0000000000
55879  -41.377  14.825  53.938 0.0000000000
55880  -41.668  14.337  53.368 0.0000000000
55885  -41.543  14.916  53.283 0.0000000000
45626  -5.405  0.451  59.778 0.0000000000
44284  -5.870  -1.714  59.423 0.0000000000
38121  -3.386  -11.397  61.916 0.0000000000
37521  -3.195  -12.262  61.286 0.0000000000
33444  -2.601  -19.454  55.457 0.0000000000
34004  -2.858  -18.718  56.303 0.0000000000
33450  -2.616  -19.647  54.474 0.0000000000
32865  -2.425  -20.362  54.370 0.0000000000
32315  -2.939  -21.215  52.901 0.0000000000
32312  -2.602  -21.402  53.568 0.0000000000
39359  -12.742  -8.884  68.665 0.0000000000
55856  -38.373  14.175  57.554 0.0000000000
49235  -35.747  5.525  60.216 0.0000000000
55168  -39.091  12.829  58.146 0.0000000000
49213  -24.573  4.520  63.036 0.0000000000
46288  -25.791  1.134  61.924 0.0000000000
44269  -25.365  -1.397  62.236 0.0000000000
44270  -26.022  -1.066  62.158 0.0000000000
40603  -4.175  -7.399  65.388 0.0000000000
37493  -3.433  -12.982  64.382 0.0000000000
59243  -45.550  19.280  49.588 0.0000000000
59241  -45.139  19.218  50.026 0.0000000000
39986  -16.297  -7.760  67.212 0.0000000000
41246  -21.678  -5.573  62.057 0.0000000000
41853  -21.498  -5.065  62.658 0.0000000000
41232  -20.639  -6.164  65.814 0.0000000000
41840  -19.264  -5.619  66.200 0.0000000000
44272  -3.802  -0.822  62.377 0.0000000000
41876  -7.462  -6.546  60.958 0.0000000000
41877  -7.569  -6.117  60.605 0.0000000000
37554  -4.534  -12.481  58.407 0.0000000000
38154  -5.325  -11.227  59.130 0.0000000000
37570  -4.484  -12.384  54.829 0.0000000000
38177  -5.023  -11.642  54.639 0.0000000000
37574  -4.979  -12.603  53.761 0.0000000000
42425  -7.353  -4.511  71.128 0.0000000000
41785  -6.776  -5.157  70.983 0.0000000000
39343  -9.686  -10.204  70.506 0.0000000000
88604  -8.708  -9.542  69.546 0.0000000000
38070  -7.371  -11.306  68.472 0.0000000000
38069  -7.216  -10.474  68.826 0.0000000000
88595  -7.455  -9.701  68.293 0.0000000000
39981  -7.814  -9.178  67.860 0.0000000000
39358  -7.521  -9.482  67.820 0.0000000000
38696  -7.369  -10.075  67.441 0.0000000000
38697  -7.687  -10.638  66.974 0.0000000000
34554  -5.490  -17.381  63.016 0.0000000000
35127  -5.735  -16.373  63.123 0.0000000000
34553  -5.143  -17.455  62.473 0.0000000000
34559  -4.587  -17.317  61.980 0.0000000000
33968  -3.738  -18.433  62.420 0.0000000000
30691  -3.070  -24.136  63.848 0.0000000000
30684  -3.185  -23.704  64.307 0.0000000000
50710  -32.752  8.348  60.604 0.0000000000
48468  -30.840  4.705  63.074 0.0000000000
48477  -31.248  4.166  62.678 0.0000000000
48469  -31.397  4.912  62.723 0.0000000000
48479  -32.874  4.504  61.800 0.0000000000
61341  -47.731  22.485  46.183 0.0000000000
58586  -46.823  18.009  47.969 0.0000000000
59253  -45.659  19.614  46.538 0.0000000000
59250  -46.647  18.730  46.495 0.0000000000
58592  -47.341  18.329  46.162 0.0000000000
59260  -46.266  19.625  45.552 0.0000000000
56554  -40.848  15.405  55.284 0.0000000000
54477  -41.457  12.743  55.020 0.0000000000
36358  -3.353  -14.761  61.124 0.0000000000
36362  -3.048  -14.787  60.320 0.0000000000
34003  -2.637  -19.057  56.785 0.0000000000
32859  -2.111  -20.790  55.815 0.0000000000
31758  -2.390  -22.728  55.773 0.0000000000
31238  -2.431  -23.372  55.270 0.0000000000
30747  -2.475  -24.146  54.735 0.0000000000
30742  -2.546  -24.144  55.535 0.0000000000
38705  -14.807  -10.484  67.743 0.0000000000
38699  -14.171  -10.412  68.497 0.0000000000
38087  -14.635  -11.111  68.265 0.0000000000
52259  -37.149  9.533  58.766 0.0000000000
49963  -25.006  5.402  62.594 0.0000000000
60649  -47.307  21.144  41.439 0.0000000000
59937  -46.568  20.344  40.864 0.0000000000
61356  -47.747  21.908  41.148 0.0000000000
88722  -48.931  22.528  40.296 0.0000000000
88721  -48.278  22.061  39.948 0.0000000000
61362  -49.467  21.988  38.823 0.0000000000
40586  -3.817  -7.291  67.530 0.0000000000
38700  -4.967  -9.921  66.999 0.0000000000
59239  -43.973  19.010  50.708 0.0000000000
57247  -45.512  15.957  51.336 0.0000000000
57246  -44.761  16.479  51.280 0.0000000000
42457  -15.548  -4.250  67.022 0.0000000000
41814  -15.952  -5.183  66.728 0.0000000000
40608  -21.446  -7.421  66.229 0.0000000000
43099  -4.253  -2.638  63.053 0.0000000000
43693  -4.277  -2.235  62.664 0.0000000000
41855  -6.661  -5.537  62.267 0.0000000000
42486  -7.108  -5.572  61.937 0.0000000000
41864  -7.367  -6.489  61.816 0.0000000000
35187  -4.194  -16.512  55.755 0.0000000000
35191  -4.206  -16.436  54.894 0.0000000000
35195  -4.289  -16.425  54.025 0.0000000000
35202  -4.261  -16.446  53.067 0.0000000000
34611  -4.068  -17.258  52.150 0.0000000000
42428  -9.635  -4.503  70.869 0.0000000000
43048  -9.069  -3.791  71.372 0.0000000000
42427  -8.787  -4.424  70.885 0.0000000000
42426  -8.164  -4.562  71.047 0.0000000000
41791  -8.461  -5.133  70.616 0.0000000000
36887  -9.184  -13.249  70.706 0.0000000000
36886  -8.818  -12.817  70.534 0.0000000000
36890  -8.445  -13.413  70.021 0.0000000000
36314  -7.789  -13.973  67.851 0.0000000000
36903  -7.670  -13.096  68.048 0.0000000000
34522  -6.304  -16.890  65.083 0.0000000000
34531  -5.586  -17.608  64.461 0.0000000000
34532  -6.198  -16.585  64.332 0.0000000000
49233  -35.176  5.473  60.657 0.0000000000
51473  -35.521  7.692  60.052 0.0000000000
51472  -35.108  7.952  60.031 0.0000000000
47743  -31.641  3.484  62.246 0.0000000000
49968  -29.466  6.246  62.779 0.0000000000
49225  -29.514  5.283  63.017 0.0000000000
61350  -49.900  22.648  43.395 0.0000000000
59266  -47.438  19.412  44.735 0.0000000000
60640  -47.437  20.560  43.007 0.0000000000
60637  -49.322  22.169  43.454 0.0000000000
60641  -48.685  21.781  43.053 0.0000000000
58564  -42.191  17.964  54.102 0.0000000000
57884  -41.231  17.095  54.630 0.0000000000
55184  -41.508  12.949  54.652 0.0000000000
55882  -43.015  13.946  52.490 0.0000000000
57893  -43.362  16.374  51.964 0.0000000000
88324  -22.935  -3.124  61.510 0.0000000000
41282  -22.206  -4.356  60.451 0.0000000000
44291  -6.926  -1.323  57.966 0.0000000000
42523  -8.651  -4.318  57.134 0.0000000000
42514  -8.323  -4.274  58.224 0.0000000000
40028  -6.997  -8.226  62.060 0.0000000000
40027  -6.825  -8.280  61.821 0.0000000000
37535  -3.630  -12.447  60.435 0.0000000000
38753  -4.873  -10.319  60.921 0.0000000000
37548  -4.154  -12.417  59.755 0.0000000000
36363  -3.041  -14.150  59.932 0.0000000000
35779  -3.934  -16.273  57.910 0.0000000000
36376  -3.822  -14.658  58.464 0.0000000000
35183  -4.110  -16.462  56.514 0.0000000000
33454  -2.785  -19.608  53.464 0.0000000000
31248  -2.900  -22.822  53.299 0.0000000000
30752  -2.955  -23.802  53.253 0.0000000000
41198  -10.731  -6.086  68.460 0.0000000000
39974  -11.521  -8.727  69.230 0.0000000000
39973  -10.994  -8.106  69.140 0.0000000000
38691  -13.013  -10.485  69.434 0.0000000000
38073  -13.519  -11.504  69.478 0.0000000000
36894  -11.994  -13.477  70.719 0.0000000000
38068  -12.015  -11.854  70.391 0.0000000000
37463  -11.654  -12.542  70.597 0.0000000000
38067  -11.293  -11.556  70.562 0.0000000000
36892  -10.402  -13.203  70.760 0.0000000000
36304  -10.291  -14.179  70.593 0.0000000000
35094  -9.723  -16.437  68.770 0.0000000000
35697  -9.576  -15.796  69.336 0.0000000000
35093  -9.256  -16.136  68.175 0.0000000000
35102  -9.533  -15.611  67.151 0.0000000000
53036  -38.723  10.761  57.277 0.0000000000
53779  -39.392  11.626  57.018 0.0000000000
54471  -39.738  12.553  57.069 0.0000000000
46284  -23.217  0.642  62.455 0.0000000000
88359  -25.026  2.136  61.897 0.0000000000
47005  -25.065  2.463  62.111 0.0000000000
47729  -24.580  2.510  61.799 0.0000000000
88345  -24.637  1.984  61.376 0.0000000000
45601  -24.791  0.123  61.892 0.0000000000
45611  -23.956  0.662  61.776 0.0000000000
45600  -24.004  0.090  62.219 0.0000000000
43696  -25.250  -2.320  61.975 0.0000000000
43695  -24.454  -2.632  61.785 0.0000000000
61366  -50.130  22.552  38.143 0.0000000000
43084  -3.054  -3.390  64.824 0.0000000000
42473  -3.492  -3.737  64.195 0.0000000000
42474  -4.014  -4.533  64.029 0.0000000000
42452  -3.293  -3.726  67.041 0.0000000000
40613  -5.246  -6.800  63.608 0.0000000000
40611  -5.257  -7.649  64.073 0.0000000000
40004  -5.052  -8.356  64.569 0.0000000000
40007  -5.985  -8.192  64.113 0.0000000000
38733  -5.300  -9.808  63.493 0.0000000000
38724  -4.603  -10.281  63.796 0.0000000000
39368  -4.550  -8.632  66.356 0.0000000000
39379  -4.693  -8.732  65.973 0.0000000000
38107  -3.439  -11.871  63.492 0.0000000000
36945  -2.901  -12.995  62.476 0.0000000000
36938  -3.048  -13.182  63.083 0.0000000000
36352  -3.720  -14.689  61.842 0.0000000000
56548  -39.251  15.595  56.164 0.0000000000
57907  -46.323  16.940  50.113 0.0000000000
57913  -46.217  17.843  48.894 0.0000000000
41810  -12.578  -5.466  67.898 0.0000000000
41213  -12.577  -6.192  66.873 0.0000000000
41812  -14.796  -5.031  67.085 0.0000000000
40607  -14.394  -6.677  65.232 0.0000000000
40599  -14.242  -7.180  65.811 0.0000000000
39992  -14.826  -8.610  67.246 0.0000000000
39370  -16.166  -9.560  67.329 0.0000000000
38089  -16.000  -11.565  67.466 0.0000000000
88313  -22.120  -3.424  62.161 0.0000000000
88326  -22.090  -3.006  62.627 0.0000000000
88323  -21.878  -3.567  62.508 0.0000000000
42483  -21.378  -4.447  63.332 0.0000000000
43098  -21.631  -3.656  63.084 0.0000000000
41845  -21.020  -5.456  64.796 0.0000000000
42479  -20.206  -4.533  64.984 0.0000000000
43684  -19.262  -2.508  64.546 0.0000000000
43090  -18.761  -3.402  64.397 0.0000000000
42476  -17.265  -4.236  64.518 0.0000000000
43089  -17.576  -3.359  64.103 0.0000000000
43088  -16.710  -3.453  64.303 0.0000000000
43675  -16.539  -2.759  64.704 0.0000000000
43086  -16.243  -3.430  65.152 0.0000000000
42468  -16.239  -4.138  65.585 0.0000000000
41832  -17.438  -5.386  66.252 0.0000000000
40593  -21.003  -7.742  67.483 0.0000000000
40592  -20.349  -7.783  67.956 0.0000000000
41199  -19.356  -8.464  67.884 0.0000000000
88631  -18.863  -8.394  67.681 0.0000000000
88632  -18.214  -7.959  67.418 0.0000000000
39372  -18.320  -8.805  67.565 0.0000000000
39363  -17.899  -8.550  67.470 0.0000000000
45620  -3.546  0.375  61.118 0.0000000000
45625  -4.476  0.420  60.345 0.0000000000
44922  -4.666  -0.599  60.884 0.0000000000
43118  -6.060  -4.297  60.577 0.0000000000
43715  -5.492  -2.887  60.046 0.0000000000
41279  -7.693  -6.460  59.863 0.0000000000
41866  -7.779  -5.774  60.519 0.0000000000
41290  -7.949  -6.630  59.260 0.0000000000
41895  -8.289  -6.066  58.360 0.0000000000
41893  -7.284  -7.482  57.323 0.0000000000
40025  -6.343  -8.773  61.140 0.0000000000
40037  -6.166  -8.921  60.775 0.0000000000
39431  -5.212  -9.712  59.176 0.0000000000
40042  -5.840  -9.189  60.002 0.0000000000
40647  -6.420  -8.380  60.042 0.0000000000
40046  -5.654  -9.197  59.141 0.0000000000
36979  -3.991  -13.805  56.376 0.0000000000
37560  -3.884  -12.675  57.200 0.0000000000
37561  -4.157  -12.131  56.823 0.0000000000
38796  -4.523  -10.518  56.948 0.0000000000
39442  -4.497  -9.748  57.516 0.0000000000
40054  -4.825  -9.274  57.764 0.0000000000
40050  -5.127  -8.955  57.880 0.0000000000
40055  -4.631  -8.952  57.283 0.0000000000
39449  -4.869  -9.457  55.180 0.0000000000
40669  -4.559  -8.329  56.080 0.0000000000
40059  -4.545  -8.745  55.623 0.0000000000
40670  -4.993  -7.906  55.643 0.0000000000
40063  -4.982  -8.596  54.966 0.0000000000
40067  -5.267  -8.614  54.310 0.0000000000
41178  -5.337  -5.135  70.542 0.0000000000
41203  -9.379  -6.979  68.051 0.0000000000
88611  -9.184  -6.395  68.822 0.0000000000
88610  -8.348  -7.313  68.148 0.0000000000
41181  -8.120  -7.436  70.314 0.0000000000
38059  -8.196  -11.094  71.103 0.0000000000
38679  -8.654  -10.303  71.315 0.0000000000
88593  -8.107  -10.290  71.269 0.0000000000
88601  -7.597  -8.789  70.398 0.0000000000
88596  -7.501  -8.058  69.990 0.0000000000
39963  -6.989  -7.516  70.385 0.0000000000
39966  -6.107  -7.550  69.374 0.0000000000
39970  -5.202  -8.028  68.932 0.0000000000
38084  -5.979  -10.615  66.950 0.0000000000
38075  -5.589  -10.174  67.276 0.0000000000
37474  -5.500  -11.226  66.964 0.0000000000
38083  -5.016  -10.709  67.300 0.0000000000
37485  -5.140  -11.945  66.631 0.0000000000
36323  -6.690  -13.729  66.020 0.0000000000
36914  -6.433  -13.125  66.424 0.0000000000
36329  -5.128  -14.288  64.845 0.0000000000
36921  -4.476  -13.390  65.507 0.0000000000
36327  -3.949  -14.651  63.832 0.0000000000
35722  -4.339  -15.079  63.848 0.0000000000
34558  -3.798  -17.745  61.640 0.0000000000
35151  -4.496  -16.719  61.407 0.0000000000
34562  -3.265  -18.050  60.791 0.0000000000
32244  -4.847  -21.295  65.242 0.0000000000
32805  -5.044  -20.436  64.996 0.0000000000
33371  -6.271  -18.858  65.695 0.0000000000
33386  -5.398  -19.529  65.074 0.0000000000
33370  -5.596  -18.671  65.421 0.0000000000
32804  -4.573  -20.264  64.687 0.0000000000
32253  -3.013  -21.097  64.410 0.0000000000
32813  -3.751  -20.288  64.244 0.0000000000
33405  -3.930  -19.612  63.618 0.0000000000
32819  -2.785  -20.412  63.626 0.0000000000
32830  -1.533  -20.825  61.291 0.0000000000
32844  -1.510  -21.443  59.894 0.0000000000
32849  -1.672  -21.539  59.300 0.0000000000
32291  -1.813  -21.929  58.679 0.0000000000
32295  -1.848  -21.743  57.977 0.0000000000
51469  -32.525  8.819  60.972 0.0000000000
51464  -32.007  8.637  61.600 0.0000000000
59248  -45.638  19.698  46.960 0.0000000000
59923  -45.439  20.001  46.236 0.0000000000
59924  -45.860  20.545  46.038 0.0000000000
35171  -3.639  -16.967  59.436 0.0000000000
33436  -2.238  -19.808  57.719 0.0000000000
32856  -2.077  -20.782  56.846 0.0000000000
32299  -2.035  -21.707  57.084 0.0000000000
31755  -2.310  -22.581  56.502 0.0000000000
37478  -15.622  -11.985  67.867 0.0000000000
53767  -36.707  11.342  59.574 0.0000000000
49958  -25.701  6.362  62.183 0.0000000000
88712  -48.077  22.162  40.827 0.0000000000
88718  -49.026  22.580  40.725 0.0000000000
88724  -49.969  23.387  39.853 0.0000000000
40577  -3.589  -7.233  68.595 0.0000000000
39979  -4.636  -8.502  68.485 0.0000000000
58577  -43.628  18.565  50.967 0.0000000000
56571  -43.908  15.463  51.592 0.0000000000
44261  -22.182  -0.347  63.715 0.0000000000
43135  -7.937  -3.676  56.367 0.0000000000
43140  -7.440  -4.074  55.500 0.0000000000
42536  -7.444  -5.194  54.929 0.0000000000
41254  -7.281  -7.064  61.999 0.0000000000
34598  -3.264  -17.953  54.199 0.0000000000
35194  -3.768  -17.173  54.147 0.0000000000
34604  -3.379  -17.845  53.225 0.0000000000
34610  -3.526  -18.015  52.277 0.0000000000
41793  -9.657  -5.388  70.319 0.0000000000
35695  -8.236  -14.851  68.435 0.0000000000
36310  -8.231  -14.504  69.288 0.0000000000
35705  -8.783  -14.414  67.198 0.0000000000
35710  -8.232  -13.983  65.966 0.0000000000
49215  -29.959  5.281  63.348 0.0000000000
48476  -29.795  4.671  63.181 0.0000000000
57888  -41.876  17.383  54.351 0.0000000000
55874  -41.774  13.755  53.500 0.0000000000
55881  -42.414  14.163  52.790 0.0000000000
56558  -42.943  14.470  52.248 0.0000000000
55892  -42.047  14.878  52.659 0.0000000000
56570  -42.166  15.083  52.592 0.0000000000
88322  -23.649  -3.598  60.904 0.0000000000
44290  -6.385  -1.631  58.741 0.0000000000
38743  -4.794  -10.090  62.120 0.0000000000
38754  -4.827  -10.074  61.571 0.0000000000
38742  -4.190  -10.635  61.669 0.0000000000
34588  -2.993  -17.743  57.881 0.0000000000
34589  -3.211  -17.799  57.089 0.0000000000
34592  -3.343  -17.954  56.154 0.0000000000
31776  -3.351  -21.923  52.471 0.0000000000
40580  -12.007  -7.133  68.441 0.0000000000
39983  -12.198  -8.189  68.884 0.0000000000
36899  -13.538  -13.179  69.743 0.0000000000
36895  -12.919  -13.508  70.306 0.0000000000
36305  -11.254  -14.390  70.520 0.0000000000
35698  -10.381  -15.973  69.528 0.0000000000
53774  -38.454  11.570  58.334 0.0000000000
54470  -39.208  12.371  57.676 0.0000000000
88352  -22.833  2.162  62.128 0.0000000000
46289  -26.506  1.284  62.112 0.0000000000
46297  -25.135  1.413  61.554 0.0000000000
46296  -24.394  1.314  61.296 0.0000000000
45613  -24.825  0.775  61.497 0.0000000000
44907  -24.731  -0.755  62.266 0.0000000000
88720  -48.799  20.129  40.212 0.0000000000
42460  -3.459  -4.542  66.227 0.0000000000
40610  -4.431  -7.188  64.274 0.0000000000
39382  -4.749  -9.607  65.470 0.0000000000
36931  -3.338  -13.417  63.744 0.0000000000
58583  -45.840  18.360  49.226 0.0000000000
42454  -13.598  -4.892  67.537 0.0000000000
41820  -15.291  -5.530  66.198 0.0000000000
39371  -17.131  -9.402  67.558 0.0000000000
88315  -21.598  -4.776  61.935 0.0000000000
88321  -21.715  -3.961  62.533 0.0000000000
42470  -17.804  -4.910  65.114 0.0000000000
42464  -17.247  -5.112  65.724 0.0000000000
42465  -18.012  -5.230  65.822 0.0000000000
41825  -19.281  -6.789  67.299 0.0000000000
39989  -20.197  -8.335  68.183 0.0000000000
39373  -19.171  -9.303  67.708 0.0000000000
38709  -18.566  -10.220  67.536 0.0000000000
44921  -4.214  -0.575  61.442 0.0000000000
43110  -5.587  -4.222  61.151 0.0000000000
41288  -7.358  -7.741  58.870 0.0000000000
38763  -5.126  -10.668  59.952 0.0000000000
38776  -5.136  -10.476  59.686 0.0000000000
39432  -5.098  -10.296  59.153 0.0000000000
38787  -5.315  -10.760  58.620 0.0000000000
36983  -4.184  -13.470  55.581 0.0000000000
37566  -4.182  -12.365  56.018 0.0000000000
38799  -4.649  -10.435  56.203 0.0000000000
38174  -5.256  -10.682  55.309 0.0000000000
38178  -5.623  -10.928  54.803 0.0000000000
38179  -5.744  -10.507  54.333 0.0000000000
38183  -5.534  -11.643  53.927 0.0000000000
88617  -9.207  -9.031  68.594 0.0000000000
88609  -8.161  -8.095  67.981 0.0000000000
88608  -8.790  -9.316  68.919 0.0000000000
38057  -7.597  -10.264  70.516 0.0000000000
38063  -7.852  -9.972  69.624 0.0000000000
39980  -7.585  -8.831  67.923 0.0000000000
39349  -6.886  -8.559  68.208 0.0000000000
38688  -5.919  -9.161  67.954 0.0000000000
38702  -6.791  -10.195  66.814 0.0000000000
35121  -6.588  -15.816  63.993 0.0000000000
35732  -5.497  -15.617  63.506 0.0000000000
35126  -5.473  -15.867  62.926 0.0000000000
35731  -4.865  -15.516  63.115 0.0000000000
35141  -5.315  -16.388  62.363 0.0000000000
31713  -3.246  -22.617  64.965 0.0000000000
31702  -3.359  -21.590  65.003 0.0000000000
31712  -2.703  -22.144  64.476 0.0000000000
32272  -1.415  -21.705  60.702 0.0000000000
48480  -33.524  4.828  61.573 0.0000000000
49960  -30.106  6.016  63.363 0.0000000000
49969  -30.370  6.622  62.696 0.0000000000
61345  -48.514  22.525  45.157 0.0000000000
58596  -47.406  18.629  45.572 0.0000000000
53788  -41.352  11.573  54.645 0.0000000000
55181  -41.466  13.519  54.502 0.0000000000
37520  -3.003  -13.067  61.369 0.0000000000
33440  -2.511  -19.414  56.156 0.0000000000
32864  -2.266  -20.748  54.849 0.0000000000
31768  -2.387  -22.377  54.387 0.0000000000
31763  -2.329  -22.530  55.151 0.0000000000
30748  -2.595  -23.988  53.972 0.0000000000
39985  -14.015  -8.533  67.893 0.0000000000
39360  -13.446  -9.415  68.547 0.0000000000
38692  -13.742  -10.798  69.080 0.0000000000
37467  -13.983  -12.441  69.313 0.0000000000
37470  -14.605  -12.135  68.871 0.0000000000
36896  -13.525  -13.868  69.962 0.0000000000
55159  -38.329  12.741  59.124 0.0000000000
55849  -37.752  13.863  58.073 0.0000000000
55166  -37.449  13.545  58.761 0.0000000000
49214  -25.130  4.334  62.717 0.0000000000
45605  -27.870  0.928  61.856 0.0000000000
59277  -47.570  20.030  40.368 0.0000000000
88711  -47.771  21.708  40.458 0.0000000000
88713  -47.881  21.515  39.972 0.0000000000
60653  -49.895  21.285  39.627 0.0000000000
88726  -49.092  23.094  39.249 0.0000000000
41808  -3.739  -5.042  68.206 0.0000000000
40595  -3.985  -7.405  66.471 0.0000000000
39991  -4.476  -8.510  66.560 0.0000000000
59904  -45.136  20.102  50.511 0.0000000000
59237  -44.169  19.616  50.737 0.0000000000
55894  -44.808  14.317  51.659 0.0000000000
42444  -15.147  -4.020  68.701 0.0000000000
88627  -17.008  -6.760  67.326 0.0000000000
41242  -21.911  -6.904  63.285 0.0000000000
41236  -21.666  -6.189  64.134 0.0000000000
41225  -20.475  -6.444  66.360 0.0000000000
41226  -20.961  -7.092  66.584 0.0000000000
41217  -20.926  -7.340  67.113 0.0000000000
44264  -3.709  -1.207  62.963 0.0000000000
44273  -4.200  -1.323  62.222 0.0000000000
42494  -7.326  -5.794  61.742 0.0000000000
41865  -7.398  -6.164  61.588 0.0000000000
36379  -3.970  -14.388  57.579 0.0000000000
37557  -4.031  -12.936  57.803 0.0000000000
36383  -3.997  -14.501  56.813 0.0000000000
36384  -4.289  -14.489  56.037 0.0000000000
36387  -4.666  -14.531  55.174 0.0000000000
36390  -5.044  -14.674  54.201 0.0000000000
36391  -5.020  -15.112  53.900 0.0000000000
36397  -5.213  -14.939  53.679 0.0000000000
43644  -9.187  -2.962  71.744 0.0000000000
43643  -8.417  -3.208  71.601 0.0000000000
43642  -8.009  -3.409  71.494 0.0000000000
38062  -9.888  -11.367  70.961 0.0000000000
38682  -9.422  -10.986  71.026 0.0000000000
38061  -9.513  -11.768  70.886 0.0000000000
37456  -8.509  -12.178  70.460 0.0000000000
37455  -7.956  -11.634  70.571 0.0000000000
36898  -7.906  -13.998  69.408 0.0000000000
36889  -8.193  -12.876  69.749 0.0000000000
37459  -7.928  -12.101  69.846 0.0000000000
37465  -7.498  -12.237  68.858 0.0000000000
37469  -7.513  -12.181  67.900 0.0000000000
37477  -7.288  -12.149  67.127 0.0000000000
35716  -7.222  -14.401  65.195 0.0000000000
35715  -6.729  -14.931  64.437 0.0000000000
34540  -5.763  -17.043  63.728 0.0000000000
49232  -34.586  5.416  61.081 0.0000000000
49978  -34.918  6.111  60.886 0.0000000000
59268  -47.747  19.277  44.152 0.0000000000
57897  -43.381  17.581  52.088 0.0000000000
56565  -43.378  14.840  51.845 0.0000000000
57239  -43.575  15.924  51.704 0.0000000000
41901  -7.557  -6.772  56.565 0.0000000000
40620  -5.920  -6.315  63.638 0.0000000000
40026  -6.559  -8.625  61.468 0.0000000000
39407  -5.885  -9.336  61.048 0.0000000000
38152  -4.627  -11.935  59.597 0.0000000000
37549  -4.482  -12.451  59.189 0.0000000000
37553  -4.141  -13.121  58.420 0.0000000000
36958  -3.259  -13.376  60.157 0.0000000000
36371  -3.447  -13.952  59.372 0.0000000000
35775  -3.670  -16.051  58.654 0.0000000000
36375  -3.662  -15.366  58.644 0.0000000000
35781  -4.296  -15.875  56.368 0.0000000000
34595  -3.321  -18.014  55.162 0.0000000000
34017  -3.040  -18.766  53.332 0.0000000000
31769  -2.593  -22.217  53.693 0.0000000000
40578  -9.988  -7.704  68.221 0.0000000000
40579  -10.947  -7.342  68.647 0.0000000000
40573  -10.431  -7.887  68.645 0.0000000000
88622  -9.511  -8.855  68.590 0.0000000000
38684  -10.603  -10.609  70.699 0.0000000000
39352  -13.078  -9.892  68.993 0.0000000000
38685  -11.383  -10.709  70.479 0.0000000000
38066  -10.417  -11.556  70.751 0.0000000000
37461  -10.220  -12.446  70.733 0.0000000000
36300  -9.588  -13.554  70.720 0.0000000000
36303  -9.357  -14.163  70.523 0.0000000000
35689  -9.502  -15.065  70.071 0.0000000000
35688  -8.965  -14.879  69.968 0.0000000000
34512  -8.933  -16.107  65.408 0.0000000000
49236  -36.353  5.472  59.709 0.0000000000
49990  -37.467  6.343  59.019 0.0000000000
47731  -25.868  3.241  62.519 0.0000000000
47002  -25.957  2.603  62.515 0.0000000000
88353  -22.948  1.939  61.658 0.0000000000
88340  -23.847  1.033  61.473 0.0000000000
88346  -23.416  1.012  61.876 0.0000000000
45599  -23.519  0.343  62.376 0.0000000000
44904  -23.514  -1.515  62.400 0.0000000000
44266  -23.268  -2.540  61.868 0.0000000000
43087  -3.401  -2.898  64.104 0.0000000000
43085  -3.162  -3.847  65.325 0.0000000000
43081  -3.302  -4.054  65.602 0.0000000000
42467  -3.377  -4.370  64.963 0.0000000000
39397  -6.972  -8.841  62.713 0.0000000000
39396  -6.374  -9.300  62.666 0.0000000000
38732  -4.791  -10.131  62.941 0.0000000000
38112  -3.381  -11.474  62.939 0.0000000000
40001  -4.221  -7.898  66.005 0.0000000000
38721  -5.029  -9.418  64.634 0.0000000000
38720  -4.635  -10.046  64.820 0.0000000000
37511  -2.945  -13.217  61.887 0.0000000000
34568  -3.314  -18.045  60.135 0.0000000000
58571  -43.097  18.095  52.125 0.0000000000
57225  -39.623  16.121  55.750 0.0000000000
57253  -46.700  16.108  50.547 0.0000000000
57914  -46.600  17.246  48.592 0.0000000000
40588  -12.639  -6.845  67.545 0.0000000000
40582  -13.512  -7.870  67.736 0.0000000000
42455  -14.078  -4.968  67.135 0.0000000000
41818  -13.430  -5.243  66.799 0.0000000000
41830  -14.718  -5.772  65.599 0.0000000000
41829  -13.886  -5.529  65.693 0.0000000000
41828  -13.099  -5.586  65.822 0.0000000000
40598  -13.531  -7.009  66.295 0.0000000000
39369  -15.238  -9.590  67.336 0.0000000000
38081  -16.309  -12.049  67.660 0.0000000000
88327  -21.921  -2.688  63.385 0.0000000000
43685  -20.279  -2.604  64.786 0.0000000000
43676  -17.044  -2.198  65.269 0.0000000000
43083  -15.782  -3.462  66.174 0.0000000000
42462  -15.787  -4.239  66.300 0.0000000000
42458  -16.004  -4.738  66.463 0.0000000000
41831  -16.939  -5.170  66.120 0.0000000000
41822  -16.591  -5.236  66.472 0.0000000000
41815  -16.668  -5.626  66.756 0.0000000000
39975  -17.249  -7.019  67.321 0.0000000000
41209  -19.665  -7.696  67.898 0.0000000000
88623  -17.898  -7.790  67.362 0.0000000000
39987  -17.300  -7.740  67.395 0.0000000000
39362  -17.528  -8.562  67.511 0.0000000000
43709  -5.030  -2.735  61.002 0.0000000000
44280  -5.006  -1.473  60.684 0.0000000000
42507  -8.016  -4.677  59.604 0.0000000000
42525  -8.609  -5.354  58.210 0.0000000000
41902  -8.203  -5.934  57.249 0.0000000000
41908  -6.571  -7.346  55.895 0.0000000000
41267  -7.173  -7.355  60.906 0.0000000000
40648  -6.627  -8.221  59.656 0.0000000000
37558  -4.421  -12.257  57.526 0.0000000000
38793  -4.930  -10.488  57.800 0.0000000000
38792  -4.827  -10.057  58.183 0.0000000000
40049  -5.310  -9.224  58.311 0.0000000000
40654  -6.330  -8.526  58.805 0.0000000000
41287  -6.607  -8.284  58.371 0.0000000000
41297  -6.128  -8.387  57.447 0.0000000000
40058  -4.350  -8.838  56.376 0.0000000000
40664  -4.992  -8.205  56.711 0.0000000000
41298  -6.926  -8.049  57.573 0.0000000000
40675  -5.509  -7.824  54.547 0.0000000000
40068  -5.618  -8.641  53.744 0.0000000000
38810  -6.135  -10.225  53.327 0.0000000000
38184  -6.067  -10.767  54.056 0.0000000000
38187  -6.352  -11.109  53.340 0.0000000000
41184  -4.901  -5.152  70.214 0.0000000000
41799  -10.582  -5.640  69.729 0.0000000000
41192  -9.004  -5.572  70.038 0.0000000000
40562  -8.444  -6.598  69.639 0.0000000000
41191  -8.658  -5.561  70.313 0.0000000000
41190  -8.288  -5.955  70.528 0.0000000000
88597  -8.567  -9.717  71.248 0.0000000000
88594  -7.917  -9.704  71.071 0.0000000000
88603  -8.018  -9.566  70.379 0.0000000000
40568  -7.679  -7.833  69.969 0.0000000000
41188  -7.024  -6.174  70.728 0.0000000000
41187  -6.292  -5.803  70.670 0.0000000000
40565  -5.883  -6.375  70.425 0.0000000000
39962  -6.391  -7.309  70.186 0.0000000000
40564  -5.252  -6.018  70.141 0.0000000000
39960  -4.983  -6.784  70.058 0.0000000000
39964  -4.331  -7.161  69.724 0.0000000000
39347  -4.876  -9.059  68.319 0.0000000000
38687  -5.280  -9.215  68.090 0.0000000000
38693  -4.966  -9.368  67.831 0.0000000000
38082  -4.780  -10.558  66.912 0.0000000000
38096  -4.719  -11.477  66.647 0.0000000000
38086  -7.503  -11.222  66.681 0.0000000000
37476  -6.597  -12.201  66.689 0.0000000000
37486  -5.795  -12.552  66.487 0.0000000000
36330  -5.716  -14.076  65.217 0.0000000000
36923  -5.630  -13.769  65.597 0.0000000000
36912  -5.183  -13.006  66.129 0.0000000000
36911  -4.774  -12.646  66.154 0.0000000000
36920  -3.750  -13.732  64.373 0.0000000000
36336  -3.908  -14.466  63.496 0.0000000000
35742  -4.292  -15.080  62.229 0.0000000000
35752  -4.609  -15.770  61.749 0.0000000000
35751  -4.280  -15.668  61.553 0.0000000000
33429  -2.014  -19.815  59.607 0.0000000000
33921  -8.971  -16.638  65.618 0.0000000000
32806  -5.687  -20.498  64.998 0.0000000000
32791  -6.368  -19.712  65.476 0.0000000000
33926  -5.528  -18.024  65.436 0.0000000000
33925  -5.176  -18.516  65.110 0.0000000000
32803  -4.039  -20.433  64.542 0.0000000000
32814  -4.212  -20.240  64.426 0.0000000000
33938  -5.182  -18.837  64.636 0.0000000000
33952  -5.220  -18.999  63.904 0.0000000000
33406  -4.689  -19.330  63.644 0.0000000000
33962  -3.869  -19.026  63.023 0.0000000000
31720  -2.072  -22.198  62.935 0.0000000000
32260  -2.180  -21.063  63.060 0.0000000000
32818  -2.400  -20.467  63.072 0.0000000000
33411  -2.997  -19.489  63.037 0.0000000000
33410  -2.626  -19.115  62.367 0.0000000000
32835  -1.430  -21.441  60.337 0.0000000000
32836  -1.460  -20.881  60.406 0.0000000000
33422  -1.812  -19.825  60.578 0.0000000000
31751  -2.180  -22.545  57.351 0.0000000000
30206  -2.487  -24.964  55.144 0.0000000000
31184  -3.309  -23.381  64.672 0.0000000000
31223  -2.298  -23.348  58.308 0.0000000000
32277  -1.555  -22.017  60.133 0.0000000000
32284  -1.725  -22.101  59.586 0.0000000000
32290  -1.834  -22.179  59.117 0.0000000000
32829  -1.419  -21.201  60.670 0.0000000000
32869  -2.428  -20.904  54.104 0.0000000000
33369  -5.283  -18.619  65.295 0.0000000000
33399  -4.087  -19.963  64.001 0.0000000000
33917  -9.371  -16.347  65.618 0.0000000000
33939  -5.319  -18.401  64.330 0.0000000000
33964  -5.494  -17.830  63.344 0.0000000000
33969  -4.613  -17.978  62.388 0.0000000000
34505  -9.214  -16.230  65.484 0.0000000000
34513  -9.609  -15.592  65.519 0.0000000000
34520  -5.085  -18.376  64.924 0.0000000000
34530  -5.231  -18.245  64.714 0.0000000000
34541  -6.201  -16.394  63.958 0.0000000000
34557  -3.256  -18.079  61.283 0.0000000000
35711  -8.206  -13.984  67.062 0.0000000000
35721  -4.056  -15.047  63.752 0.0000000000
35730  -4.217  -15.087  63.399 0.0000000000
35733  -5.946  -15.703  63.524 0.0000000000
35744  -4.910  -15.714  62.174 0.0000000000
35753  -4.834  -15.874  61.821 0.0000000000
35792  -5.035  -15.265  53.712 0.0000000000
36326  -3.866  -14.437  63.752 0.0000000000
36337  -4.077  -14.823  63.163 0.0000000000
36346  -4.181  -14.857  62.843 0.0000000000
36396  -5.465  -14.330  53.580 0.0000000000
36888  -9.848  -13.102  70.718 0.0000000000
36891  -8.840  -13.872  70.450 0.0000000000
36913  -5.879  -13.542  65.988 0.0000000000
36919  -3.784  -14.244  63.834 0.0000000000
36966  -4.095  -12.894  59.292 0.0000000000
36971  -4.231  -12.906  58.857 0.0000000000
37457  -9.094  -12.360  70.807 0.0000000000
37472  -15.899  -12.466  67.939 0.0000000000
37565  -3.807  -12.739  56.676 0.0000000000
37575  -5.461  -12.115  53.449 0.0000000000
38060  -8.936  -11.541  70.923 0.0000000000
38065  -9.967  -11.913  70.820 0.0000000000
38076  -7.413  -10.533  68.111 0.0000000000
38079  -14.805  -11.693  68.480 0.0000000000
38080  -16.049  -12.035  67.628 0.0000000000
38085  -6.789  -10.979  66.617 0.0000000000
38098  -7.678  -10.827  66.599 0.0000000000
38142  -5.203  -11.290  59.347 0.0000000000
38153  -5.020  -11.753  59.044 0.0000000000
38163  -5.355  -11.296  58.760 0.0000000000
38678  -8.311  -9.904  71.313 0.0000000000
38680  -9.173  -10.465  71.243 0.0000000000
38686  -5.007  -9.282  68.183 0.0000000000
38694  -5.379  -9.797  67.465 0.0000000000
38701  -5.086  -10.139  67.284 0.0000000000
38703  -7.344  -10.412  66.703 0.0000000000
38704  -7.591  -10.622  66.688 0.0000000000
38715  -7.521  -10.493  66.570 0.0000000000
38716  -7.587  -10.684  66.443 0.0000000000
38764  -5.259  -11.038  59.498 0.0000000000
38765  -5.330  -11.083  59.330 0.0000000000
38777  -5.261  -10.724  59.331 0.0000000000
38778  -5.501  -11.109  59.254 0.0000000000
38788  -5.459  -11.006  58.992 0.0000000000
38800  -4.957  -10.259  55.578 0.0000000000
38803  -5.237  -10.192  55.020 0.0000000000
38804  -5.471  -10.150  54.481 0.0000000000
39342  -9.491  -10.458  71.218 0.0000000000
39353  -19.776  -8.703  68.146 0.0000000000
39354  -19.997  -8.777  68.232 0.0000000000
39356  -4.787  -8.780  68.388 0.0000000000
39364  -19.635  -8.984  67.995 0.0000000000
39366  -20.395  -8.656  67.907 0.0000000000
39386  -5.367  -8.931  64.332 0.0000000000
39390  -5.664  -9.647  63.005 0.0000000000
39392  -6.896  -8.845  63.220 0.0000000000
39409  -6.543  -9.097  62.070 0.0000000000
39410  -6.870  -8.928  62.301 0.0000000000
39426  -5.088  -10.378  59.485 0.0000000000
39436  -5.016  -9.662  58.457 0.0000000000
39437  -4.748  -9.894  57.964 0.0000000000
39453  -5.092  -9.148  54.637 0.0000000000
39454  -5.343  -9.412  54.115 0.0000000000
39458  -5.844  -9.409  53.472 0.0000000000
39972  -10.132  -8.351  68.572 0.0000000000
39977  -19.990  -8.210  68.378 0.0000000000
39988  -20.059  -8.567  68.266 0.0000000000
39999  -4.410  -8.314  66.263 0.0000000000
40008  -7.121  -8.081  63.663 0.0000000000
40009  -7.245  -7.832  63.066 0.0000000000
40010  -7.619  -8.098  63.092 0.0000000000
40013  -7.191  -8.156  62.700 0.0000000000
40014  -7.270  -8.075  62.919 0.0000000000
40015  -7.397  -8.112  62.988 0.0000000000
40559  -5.076  -5.419  70.219 0.0000000000
40560  -5.478  -5.950  70.278 0.0000000000
40563  -5.094  -6.026  70.065 0.0000000000
40570  -4.053  -6.652  69.473 0.0000000000
40572  -10.212  -7.989  68.444 0.0000000000
40574  -16.985  -7.000  67.364 0.0000000000
40575  -19.807  -8.175  68.197 0.0000000000
40585  -19.963  -7.937  68.272 0.0000000000
40587  -8.236  -7.475  67.724 0.0000000000
40596  -7.976  -7.491  67.687 0.0000000000
40597  -12.959  -6.742  66.719 0.0000000000
40600  -14.737  -6.887  65.560 0.0000000000
40605  -8.216  -7.742  67.107 0.0000000000
40606  -14.280  -6.925  65.255 0.0000000000
40615  -7.157  -7.200  63.258 0.0000000000
40616  -7.457  -7.715  62.859 0.0000000000
40617  -7.268  -7.962  62.887 0.0000000000
40622  -7.260  -7.307  62.633 0.0000000000
40623  -7.243  -8.013  62.658 0.0000000000
40624  -7.346  -8.360  62.971 0.0000000000
40635  -7.067  -6.912  62.299 0.0000000000
40636  -7.022  -6.924  62.001 0.0000000000
40679  -5.512  -8.177  54.042 0.0000000000
41179  -6.236  -5.390  70.780 0.0000000000
41183  -8.590  -6.091  70.045 0.0000000000
41194  -9.163  -6.030  69.514 0.0000000000
41200  -19.705  -7.914  68.021 0.0000000000
41211  -7.900  -7.445  68.112 0.0000000000
41212  -7.986  -7.457  67.880 0.0000000000
41219  -7.815  -7.328  67.763 0.0000000000
41220  -7.873  -7.387  67.737 0.0000000000
41221  -12.922  -6.469  65.847 0.0000000000
41223  -13.953  -7.001  65.252 0.0000000000
41224  -14.722  -6.334  65.350 0.0000000000
41228  -12.862  -6.242  65.405 0.0000000000
41229  -13.208  -6.385  65.234 0.0000000000
41230  -13.925  -6.604  65.044 0.0000000000
41231  -14.306  -6.463  65.134 0.0000000000
41239  -6.881  -6.500  63.239 0.0000000000
41240  -7.112  -6.431  63.154 0.0000000000
41244  -7.062  -6.659  62.734 0.0000000000
41245  -7.213  -6.576  62.559 0.0000000000
41256  -7.037  -6.930  62.124 0.0000000000
41257  -7.157  -6.584  62.269 0.0000000000
41268  -7.760  -5.943  60.168 0.0000000000
41269  -7.823  -5.877  60.078 0.0000000000
41271  -22.067  -4.878  60.170 0.0000000000
41278  -7.499  -6.847  59.872 0.0000000000
41280  -7.918  -6.110  59.705 0.0000000000
41281  -8.158  -6.036  59.409 0.0000000000
41289  -7.695  -7.099  59.152 0.0000000000
41291  -8.190  -6.267  59.150 0.0000000000
41300  -7.918  -6.834  58.595 0.0000000000
41301  -8.130  -6.523  58.853 0.0000000000
41306  -5.617  -8.314  57.124 0.0000000000
41307  -5.991  -8.031  56.658 0.0000000000
41311  -5.670  -7.605  55.967 0.0000000000
41783  -5.816  -4.778  71.016 0.0000000000
41784  -6.086  -5.007  70.937 0.0000000000
41797  -8.594  -4.890  70.619 0.0000000000
41798  -8.751  -4.967  70.463 0.0000000000
41827  -12.637  -5.945  65.929 0.0000000000
41836  -12.705  -6.139  65.566 0.0000000000
41837  -12.868  -5.978  65.352 0.0000000000
41838  -13.485  -5.958  65.151 0.0000000000
41839  -14.205  -6.100  65.180 0.0000000000
41847  -6.845  -6.309  63.281 0.0000000000
41848  -7.028  -6.315  63.138 0.0000000000
41851  -7.119  -6.468  63.125 0.0000000000
41852  -7.103  -6.359  62.824 0.0000000000
41867  -7.869  -5.732  60.277 0.0000000000
41878  -7.872  -5.916  60.686 0.0000000000
41879  -8.024  -5.719  59.862 0.0000000000
41880  -8.181  -5.797  59.550 0.0000000000
41885  -8.349  -5.873  59.075 0.0000000000
41886  -8.454  -5.706  58.666 0.0000000000
41892  -7.100  -7.858  57.190 0.0000000000
41894  -7.749  -6.768  57.712 0.0000000000
41896  -8.494  -5.619  58.409 0.0000000000
41903  -8.526  -5.529  57.736 0.0000000000
42433  -8.527  -4.714  70.769 0.0000000000
42434  -8.753  -4.752  70.600 0.0000000000
42456  -15.468  -4.030  66.905 0.0000000000
42461  -15.513  -4.061  66.680 0.0000000000
42475  -16.596  -4.032  64.885 0.0000000000
42496  -7.933  -5.481  60.309 0.0000000000
42497  -8.016  -5.571  60.092 0.0000000000
42509  -8.349  -5.625  59.323 0.0000000000
42515  -8.539  -4.946  58.793 0.0000000000
42516  -8.503  -5.464  58.865 0.0000000000
42517  -8.550  -5.486  58.610 0.0000000000
42524  -8.784  -4.826  57.901 0.0000000000
42526  -8.604  -5.399  58.432 0.0000000000
42531  -8.757  -5.222  57.749 0.0000000000
43046  -7.739  -3.781  71.371 0.0000000000
43075  -3.183  -3.286  66.919 0.0000000000
43082  -15.609  -3.895  66.473 0.0000000000
43096  -16.758  -3.121  63.970 0.0000000000
43097  -16.968  -3.281  63.940 0.0000000000
43681  -16.707  -2.887  64.101 0.0000000000
43689  -16.734  -2.948  63.863 0.0000000000
43690  -16.984  -2.946  63.837 0.0000000000
44265  -4.097  -1.687  62.771 0.0000000000
47000  -24.966  2.682  62.189 0.0000000000
55887  -42.391  14.666  52.538 0.0000000000
55893  -42.311  15.015  52.475 0.0000000000
56569  -41.850  15.083  52.769 0.0000000000
59259  -45.675  19.721  45.948 0.0000000000
59919  -45.487  20.123  46.720 0.0000000000
88311  -22.031  -3.375  62.402 0.0000000000
88354  -24.995  1.970  61.714 0.0000000000
88355  -24.950  2.321  61.942 0.0000000000
88591  -7.602  -9.969  70.707 0.0000000000
88592  -7.629  -10.343  71.084 0.0000000000
88606  -8.660  -9.005  68.576 0.0000000000
88612  -8.561  -6.659  69.019 0.0000000000
88613  -8.960  -6.772  68.486 0.0000000000
88614  -9.083  -8.914  68.420 0.0000000000
88616  -9.161  -9.169  68.820 0.0000000000
88618  -8.681  -7.339  67.584 0.0000000000
88619  -8.202  -7.420  67.727 0.0000000000
88620  -9.372  -6.584  68.502 0.0000000000
88621  -9.238  -7.647  67.454 0.0000000000
88625  -18.098  -8.269  67.441 0.0000000000
88626  -17.989  -8.062  67.381 0.0000000000
88716  -48.099  21.669  39.793 0.0000000000
88717  -47.979  21.798  39.999 0.0000000000
