#!ascii label  , from subject TEMPLATE vox2ras=TkReg
1080
47069  -46.288  2.411  50.621 0.0000000000
52327  -54.636  9.340  39.551 0.0000000000
47836  -49.559  3.776  43.220 0.0000000000
32802  -17.773  -20.481  65.841 0.0000000000
44966  -42.394  -1.444  53.353 0.0000000000
35169  -31.952  -16.577  60.208 0.0000000000
36378  -36.997  -14.038  57.853 0.0000000000
40057  -39.875  -8.319  55.884 0.0000000000
41313  -42.162  -6.555  54.853 0.0000000000
36947  -26.654  -13.857  62.190 0.0000000000
33977  -28.191  -18.628  60.645 0.0000000000
37518  -29.315  -12.665  61.792 0.0000000000
38775  -35.237  -10.072  59.579 0.0000000000
39435  -37.902  -9.840  57.682 0.0000000000
43759  -46.788  -2.514  51.579 0.0000000000
44343  -48.810  -1.611  49.137 0.0000000000
50790  -52.606  7.589  42.791 0.0000000000
47081  -48.031  2.710  47.280 0.0000000000
55944  -54.179  13.561  39.142 0.0000000000
30654  -11.472  -24.911  67.528 0.0000000000
42545  -43.924  -4.699  52.881 0.0000000000
45674  -44.205  0.554  52.086 0.0000000000
38138  -32.510  -11.676  60.224 0.0000000000
36372  -34.588  -14.872  59.537 0.0000000000
45694  -51.098  0.113  46.331 0.0000000000
55984  -57.281  14.324  30.258 0.0000000000
41305  -38.994  -6.415  56.511 0.0000000000
41309  -40.261  -6.253  56.071 0.0000000000
36949  -28.100  -13.498  62.251 0.0000000000
40656  -36.398  -7.681  57.900 0.0000000000
40662  -37.918  -7.517  56.970 0.0000000000
39440  -38.998  -9.313  56.803 0.0000000000
44988  -46.415  -0.010  50.683 0.0000000000
43763  -47.629  -2.449  50.583 0.0000000000
45681  -47.492  0.326  50.112 0.0000000000
51562  -53.813  8.523  41.827 0.0000000000
49316  -54.112  6.175  41.639 0.0000000000
52335  -55.400  9.387  38.332 0.0000000000
34536  -17.757  -17.889  64.780 0.0000000000
31699  -14.955  -22.611  66.703 0.0000000000
42538  -42.317  -4.648  54.443 0.0000000000
41916  -43.235  -5.628  53.977 0.0000000000
43749  -43.106  -2.833  53.627 0.0000000000
44322  -44.562  -2.137  52.974 0.0000000000
44977  -42.556  -0.116  52.215 0.0000000000
34573  -29.914  -17.525  60.672 0.0000000000
32838  -29.224  -20.334  60.496 0.0000000000
33425  -30.750  -19.496  60.479 0.0000000000
33993  -32.951  -18.665  59.907 0.0000000000
39418  -31.194  -9.561  60.822 0.0000000000
39421  -32.574  -9.382  60.163 0.0000000000
37551  -36.372  -12.468  59.198 0.0000000000
37547  -35.078  -12.612  59.857 0.0000000000
36374  -35.930  -14.520  58.832 0.0000000000
34587  -35.564  -17.570  58.003 0.0000000000
35147  -23.134  -17.183  63.871 0.0000000000
33408  -22.873  -19.454  63.114 0.0000000000
31722  -20.650  -22.751  63.405 0.0000000000
47090  -48.576  3.158  45.455 0.0000000000
47087  -49.915  1.823  46.749 0.0000000000
47826  -50.334  2.528  44.982 0.0000000000
55293  -57.121  13.818  27.598 0.0000000000
29594  -14.185  -26.241  66.282 0.0000000000
38175  -40.685  -11.249  55.033 0.0000000000
39451  -41.301  -9.414  53.861 0.0000000000
40671  -40.914  -7.936  55.324 0.0000000000
41910  -41.377  -5.393  55.456 0.0000000000
35157  -25.001  -16.569  60.639 0.0000000000
33975  -26.506  -18.823  60.204 0.0000000000
35760  -27.363  -15.977  61.300 0.0000000000
35762  -29.110  -15.623  61.336 0.0000000000
36364  -30.860  -14.646  60.593 0.0000000000
40041  -33.720  -8.437  59.905 0.0000000000
40651  -35.256  -7.518  58.633 0.0000000000
39429  -36.129  -9.529  58.861 0.0000000000
37555  -37.525  -12.356  58.192 0.0000000000
38167  -38.782  -11.352  56.729 0.0000000000
38171  -39.479  -11.268  56.184 0.0000000000
36940  -25.394  -13.671  62.536 0.0000000000
41327  -46.121  -6.138  51.782 0.0000000000
40693  -46.003  -7.496  50.003 0.0000000000
42552  -47.144  -4.638  50.995 0.0000000000
42560  -48.037  -4.127  49.738 0.0000000000
50059  -51.580  5.901  41.196 0.0000000000
48566  -51.556  3.356  43.144 0.0000000000
48574  -53.244  4.535  43.114 0.0000000000
86604  -3.822  -32.890  63.936 0.0000000000
47073  -47.334  2.478  49.301 0.0000000000
49289  -47.732  5.630  47.776 0.0000000000
50786  -48.840  7.407  43.416 0.0000000000
51551  -51.551  8.473  43.025 0.0000000000
52318  -53.095  9.572  42.775 0.0000000000
53098  -53.841  10.476  41.743 0.0000000000
53847  -53.963  11.129  38.967 0.0000000000
55238  -53.757  13.246  41.304 0.0000000000
29051  -10.505  -27.926  65.551 0.0000000000
27472  -7.820  -30.626  65.062 0.0000000000
26316  -5.061  -31.860  64.343 0.0000000000
40079  -43.721  -8.722  51.533 0.0000000000
40069  -42.206  -8.765  53.397 0.0000000000
40071  -43.710  -8.028  52.772 0.0000000000
41325  -44.687  -6.468  52.652 0.0000000000
43153  -44.988  -3.906  52.319 0.0000000000
44980  -45.503  -1.013  51.969 0.0000000000
45677  -45.446  0.644  51.218 0.0000000000
32832  -27.242  -20.356  61.430 0.0000000000
38136  -30.955  -11.587  61.104 0.0000000000
36960  -31.862  -13.742  60.229 0.0000000000
38781  -33.405  -10.985  59.675 0.0000000000
36956  -33.498  -13.065  60.666 0.0000000000
35768  -33.072  -15.594  59.955 0.0000000000
34584  -34.398  -17.571  58.791 0.0000000000
34549  -19.935  -17.184  64.655 0.0000000000
34551  -21.702  -17.566  64.347 0.0000000000
32812  -19.829  -20.267  64.669 0.0000000000
46377  -48.966  1.234  48.550 0.0000000000
44998  -49.972  -0.756  48.185 0.0000000000
44352  -50.883  -1.731  46.861 0.0000000000
46388  -52.033  1.106  45.051 0.0000000000
54549  -54.761  11.874  37.562 0.0000000000
54561  -56.192  12.413  35.600 0.0000000000
54569  -57.013  12.429  33.363 0.0000000000
55975  -56.547  14.338  33.007 0.0000000000
54581  -57.312  12.284  30.774 0.0000000000
41899  -38.575  -5.833  56.579 0.0000000000
41905  -39.084  -5.455  56.222 0.0000000000
42532  -38.893  -4.837  56.347 0.0000000000
41303  -37.347  -6.559  57.186 0.0000000000
41304  -38.254  -6.541  56.785 0.0000000000
40663  -38.763  -7.392  56.695 0.0000000000
45679  -46.160  0.584  50.694 0.0000000000
45680  -46.824  0.444  50.365 0.0000000000
46369  -47.249  0.887  50.064 0.0000000000
51566  -54.346  8.472  40.559 0.0000000000
50804  -54.210  7.563  40.873 0.0000000000
50807  -55.302  7.535  39.879 0.0000000000
51570  -55.042  8.455  39.359 0.0000000000
52331  -54.912  9.301  38.886 0.0000000000
33948  -17.967  -18.620  65.168 0.0000000000
33383  -16.797  -19.940  66.035 0.0000000000
32239  -16.668  -21.295  66.573 0.0000000000
43748  -42.410  -2.794  53.792 0.0000000000
43145  -42.631  -3.737  53.855 0.0000000000
44316  -42.973  -1.910  53.457 0.0000000000
44320  -43.275  -1.499  53.082 0.0000000000
44971  -42.709  -1.075  52.820 0.0000000000
32266  -23.712  -21.331  62.463 0.0000000000
34574  -30.805  -17.531  60.507 0.0000000000
33985  -30.402  -18.514  60.560 0.0000000000
34575  -31.630  -17.553  60.261 0.0000000000
33987  -32.100  -18.561  60.158 0.0000000000
34576  -32.440  -17.590  60.011 0.0000000000
36969  -36.744  -13.094  58.653 0.0000000000
36968  -36.301  -13.532  58.923 0.0000000000
36377  -36.610  -14.580  57.973 0.0000000000
35778  -36.097  -15.588  58.120 0.0000000000
34561  -24.458  -17.617  62.136 0.0000000000
33412  -23.307  -19.797  62.636 0.0000000000
32264  -22.941  -21.349  62.800 0.0000000000
38820  -44.595  -9.844  50.352 0.0000000000
47829  -48.976  3.978  44.340 0.0000000000
47825  -49.789  2.821  44.826 0.0000000000
47830  -49.738  3.364  44.024 0.0000000000
38798  -40.478  -10.337  55.463 0.0000000000
39447  -40.729  -9.430  55.206 0.0000000000
40060  -40.545  -8.483  55.452 0.0000000000
41907  -40.664  -5.338  55.786 0.0000000000
42535  -41.065  -4.442  55.396 0.0000000000
43142  -41.321  -3.595  54.744 0.0000000000
35755  -26.046  -15.441  61.645 0.0000000000
35759  -26.605  -15.951  61.161 0.0000000000
36355  -27.135  -14.546  62.016 0.0000000000
36950  -28.904  -13.525  61.807 0.0000000000
36357  -28.555  -14.176  61.738 0.0000000000
36360  -29.293  -14.576  61.452 0.0000000000
35763  -29.962  -15.602  61.314 0.0000000000
37528  -29.997  -12.990  61.320 0.0000000000
40650  -34.344  -7.443  59.086 0.0000000000
40657  -36.839  -8.162  57.731 0.0000000000
40047  -36.237  -8.595  58.430 0.0000000000
39434  -37.213  -9.594  57.981 0.0000000000
38161  -37.112  -11.481  58.618 0.0000000000
38790  -37.812  -10.560  57.897 0.0000000000
38165  -38.191  -11.427  57.453 0.0000000000
38791  -38.348  -10.476  57.386 0.0000000000
39443  -39.601  -9.304  56.273 0.0000000000
38795  -39.299  -10.206  56.462 0.0000000000
38797  -39.926  -10.305  56.036 0.0000000000
38172  -40.145  -11.240  55.598 0.0000000000
36941  -26.126  -13.313  62.463 0.0000000000
42550  -46.119  -4.425  51.743 0.0000000000
41924  -46.511  -5.322  51.375 0.0000000000
43159  -47.005  -3.555  51.288 0.0000000000
44339  -48.476  -1.848  49.784 0.0000000000
43163  -48.232  -3.194  50.000 0.0000000000
43767  -48.623  -2.465  49.656 0.0000000000
43166  -49.228  -3.276  49.030 0.0000000000
43770  -49.044  -2.459  49.067 0.0000000000
50054  -52.659  6.577  42.148 0.0000000000
49303  -52.436  5.389  42.374 0.0000000000
49304  -53.062  5.651  42.629 0.0000000000
49318  -55.220  5.013  41.059 0.0000000000
51554  -50.010  8.360  42.692 0.0000000000
52309  -50.713  9.787  44.824 0.0000000000
53094  -52.097  10.502  43.657 0.0000000000
53832  -52.961  11.557  42.987 0.0000000000
53097  -53.302  10.693  42.444 0.0000000000
53834  -53.257  11.690  42.387 0.0000000000
54531  -53.772  12.256  41.507 0.0000000000
31697  -13.392  -21.838  66.472 0.0000000000
29580  -10.020  -25.936  67.771 0.0000000000
28507  -12.905  -28.803  65.277 0.0000000000
29610  -12.613  -27.110  65.548 0.0000000000
27465  -11.319  -30.339  65.519 0.0000000000
26893  -8.291  -31.701  65.550 0.0000000000
26915  -7.728  -31.597  63.718 0.0000000000
26914  -6.192  -30.927  64.608 0.0000000000
26322  -5.997  -32.711  62.958 0.0000000000
25726  -4.673  -32.436  64.142 0.0000000000
40062  -41.656  -8.169  54.700 0.0000000000
39452  -41.667  -9.073  53.476 0.0000000000
40677  -42.561  -8.065  54.300 0.0000000000
41919  -43.742  -5.602  53.376 0.0000000000
41321  -43.471  -6.553  53.770 0.0000000000
41322  -44.009  -6.490  53.139 0.0000000000
40682  -44.166  -7.320  52.737 0.0000000000
41920  -44.346  -5.573  52.857 0.0000000000
41922  -45.090  -5.536  52.483 0.0000000000
42546  -44.649  -4.658  52.522 0.0000000000
44325  -44.426  -1.036  52.622 0.0000000000
44326  -45.038  -1.598  52.574 0.0000000000
44979  -44.906  -0.418  52.071 0.0000000000
44983  -45.276  0.075  51.545 0.0000000000
45676  -44.956  0.597  51.808 0.0000000000
33976  -27.428  -18.765  60.406 0.0000000000
32831  -26.688  -19.897  61.414 0.0000000000
33420  -27.734  -19.531  60.759 0.0000000000
38761  -31.994  -10.558  60.390 0.0000000000
38760  -31.126  -10.597  61.073 0.0000000000
38137  -31.751  -11.565  60.662 0.0000000000
37542  -31.380  -13.059  60.355 0.0000000000
37544  -32.355  -13.020  60.364 0.0000000000
39423  -34.419  -9.411  59.771 0.0000000000
39422  -33.386  -9.453  59.911 0.0000000000
38773  -33.890  -10.559  59.819 0.0000000000
36964  -34.787  -13.438  59.911 0.0000000000
36963  -34.143  -13.464  60.506 0.0000000000
36368  -34.015  -14.541  60.090 0.0000000000
36367  -33.221  -14.536  60.256 0.0000000000
35771  -33.696  -15.951  59.579 0.0000000000
34583  -33.772  -17.597  59.169 0.0000000000
35177  -34.651  -16.602  58.818 0.0000000000
36980  -38.778  -13.424  56.008 0.0000000000
35139  -22.429  -16.626  64.089 0.0000000000
33960  -21.868  -18.543  64.348 0.0000000000
33398  -20.621  -19.115  64.823 0.0000000000
31191  -19.869  -23.816  63.086 0.0000000000
47813  -47.531  3.093  48.650 0.0000000000
47074  -47.711  1.931  48.901 0.0000000000
47079  -48.443  1.772  48.279 0.0000000000
46385  -50.698  1.022  46.648 0.0000000000
46381  -50.101  1.177  47.777 0.0000000000
45692  -50.674  0.135  47.159 0.0000000000
44999  -50.371  -1.094  47.741 0.0000000000
45003  -50.833  -0.797  47.139 0.0000000000
47833  -52.342  2.938  43.615 0.0000000000
47097  -51.874  2.065  44.434 0.0000000000
46392  -52.882  1.195  44.489 0.0000000000
54537  -53.293  12.130  39.352 0.0000000000
53848  -53.945  11.507  38.266 0.0000000000
55250  -53.667  13.084  37.860 0.0000000000
55260  -55.335  12.719  36.327 0.0000000000
54564  -56.407  12.679  34.876 0.0000000000
54565  -56.770  12.354  34.361 0.0000000000
55268  -56.376  12.989  34.448 0.0000000000
56656  -57.004  15.215  31.733 0.0000000000
56653  -56.672  15.160  32.477 0.0000000000
55980  -57.191  14.308  31.267 0.0000000000
55277  -57.217  13.376  31.817 0.0000000000
55282  -57.433  13.261  30.785 0.0000000000
55287  -57.344  13.281  29.654 0.0000000000
54600  -57.215  12.874  27.265 0.0000000000
40666  -39.659  -7.169  56.329 0.0000000000
41308  -39.577  -6.121  56.251 0.0000000000
41906  -39.867  -5.328  55.967 0.0000000000
36948  -27.354  -13.762  62.236 0.0000000000
41295  -36.488  -6.500  57.645 0.0000000000
40661  -37.068  -7.671  57.365 0.0000000000
40052  -37.793  -8.465  57.329 0.0000000000
39439  -38.325  -9.410  57.299 0.0000000000
40053  -38.529  -8.393  56.992 0.0000000000
40056  -39.227  -8.318  56.497 0.0000000000
44332  -46.751  -1.607  51.164 0.0000000000
43762  -47.172  -2.445  51.087 0.0000000000
44337  -47.309  -1.230  50.499 0.0000000000
44990  -47.742  -0.536  50.152 0.0000000000
44993  -48.337  -0.598  49.575 0.0000000000
50797  -53.510  7.606  41.946 0.0000000000
50060  -53.278  6.729  41.959 0.0000000000
50066  -54.179  6.705  41.274 0.0000000000
49320  -55.035  6.127  40.883 0.0000000000
53117  -56.094  10.298  37.140 0.0000000000
32799  -15.280  -20.678  66.644 0.0000000000
31159  -12.935  -23.732  65.825 0.0000000000
41915  -42.592  -5.721  54.469 0.0000000000
41318  -42.942  -6.568  54.361 0.0000000000
42541  -42.958  -4.672  54.020 0.0000000000
42542  -43.436  -4.709  53.466 0.0000000000
43149  -43.655  -3.976  53.046 0.0000000000
43150  -44.350  -3.606  52.718 0.0000000000
43750  -43.670  -2.726  53.378 0.0000000000
44321  -43.934  -1.706  53.142 0.0000000000
34572  -29.303  -17.908  60.860 0.0000000000
33421  -28.481  -19.429  60.677 0.0000000000
33984  -29.622  -18.565  60.665 0.0000000000
32839  -30.064  -20.408  60.257 0.0000000000
33427  -32.525  -19.529  60.040 0.0000000000
39420  -31.913  -9.421  60.440 0.0000000000
38771  -32.326  -9.986  60.202 0.0000000000
38159  -35.550  -11.607  59.442 0.0000000000
38158  -35.003  -11.191  59.454 0.0000000000
37550  -35.749  -12.646  59.553 0.0000000000
36967  -35.537  -13.553  59.477 0.0000000000
35774  -35.541  -15.227  58.730 0.0000000000
35179  -35.268  -16.638  58.401 0.0000000000
35777  -35.522  -15.952  58.413 0.0000000000
35749  -24.266  -15.505  63.167 0.0000000000
35148  -23.931  -16.651  63.405 0.0000000000
33407  -22.277  -19.747  63.560 0.0000000000
32258  -21.312  -21.284  63.831 0.0000000000
32263  -22.112  -21.370  63.401 0.0000000000
47817  -47.543  3.710  47.044 0.0000000000
47082  -48.892  1.871  47.612 0.0000000000
47086  -48.939  2.331  46.455 0.0000000000
47092  -49.814  2.339  45.651 0.0000000000
47093  -50.831  1.946  45.426 0.0000000000
55947  -54.334  14.420  38.944 0.0000000000
55948  -54.123  13.657  38.390 0.0000000000
55954  -54.048  14.432  38.034 0.0000000000
56663  -56.995  15.265  29.792 0.0000000000
55986  -57.238  14.422  29.253 0.0000000000
55988  -57.059  14.575  28.294 0.0000000000
55991  -56.875  14.711  27.493 0.0000000000
32249  -17.608  -21.853  65.690 0.0000000000
30673  -15.553  -24.549  66.070 0.0000000000
38180  -41.616  -11.247  53.869 0.0000000000
38801  -40.954  -10.363  54.867 0.0000000000
40061  -41.082  -8.518  54.973 0.0000000000
40672  -41.412  -7.397  55.108 0.0000000000
40667  -40.565  -7.321  55.636 0.0000000000
40668  -41.092  -6.811  55.416 0.0000000000
41911  -42.014  -5.521  55.007 0.0000000000
42537  -41.708  -4.540  54.930 0.0000000000
43143  -41.950  -3.705  54.232 0.0000000000
34563  -24.714  -17.615  60.992 0.0000000000
33417  -25.586  -19.131  61.344 0.0000000000
33990  -24.844  -18.280  58.895 0.0000000000
34564  -27.115  -18.059  59.867 0.0000000000
35160  -27.975  -16.724  60.948 0.0000000000
36356  -27.956  -14.541  61.931 0.0000000000
35761  -28.214  -15.642  61.441 0.0000000000
35161  -28.813  -16.545  61.073 0.0000000000
35162  -29.602  -16.508  61.040 0.0000000000
35167  -30.374  -16.546  60.807 0.0000000000
35766  -31.442  -15.595  60.446 0.0000000000
40043  -34.376  -8.339  59.603 0.0000000000
39428  -35.227  -9.377  59.382 0.0000000000
40652  -35.924  -7.900  58.490 0.0000000000
40045  -35.652  -8.525  58.899 0.0000000000
38783  -35.587  -10.526  59.152 0.0000000000
38160  -36.359  -11.515  59.001 0.0000000000
37552  -36.979  -12.395  58.728 0.0000000000
36973  -37.191  -13.330  57.970 0.0000000000
36976  -37.569  -13.605  57.297 0.0000000000
36974  -37.687  -13.001  57.635 0.0000000000
37559  -38.430  -12.369  56.831 0.0000000000
37562  -39.003  -12.404  56.324 0.0000000000
38794  -38.830  -10.260  56.914 0.0000000000
38170  -39.197  -11.859  56.316 0.0000000000
37563  -39.509  -12.381  55.927 0.0000000000
37564  -39.941  -11.980  55.714 0.0000000000
35750  -24.841  -15.486  62.638 0.0000000000
41329  -45.784  -6.797  51.555 0.0000000000
41330  -46.188  -6.363  51.024 0.0000000000
41331  -46.667  -6.013  50.647 0.0000000000
41335  -46.929  -6.064  50.049 0.0000000000
43160  -47.340  -3.229  50.956 0.0000000000
42559  -47.581  -4.698  50.208 0.0000000000
48584  -49.604  4.687  41.374 0.0000000000
47837  -50.142  3.468  42.916 0.0000000000
48572  -51.913  4.311  42.781 0.0000000000
48573  -52.572  4.461  43.159 0.0000000000
47839  -53.503  3.628  43.137 0.0000000000
49310  -53.819  5.653  42.167 0.0000000000
47844  -54.001  3.626  42.746 0.0000000000
47806  -46.552  2.973  50.443 0.0000000000
47070  -46.846  2.454  50.083 0.0000000000
47807  -46.855  3.527  50.127 0.0000000000
47809  -47.404  3.547  49.161 0.0000000000
47814  -47.630  3.601  48.305 0.0000000000
48551  -47.686  4.664  47.963 0.0000000000
47816  -47.518  4.075  46.473 0.0000000000
48561  -48.151  4.721  45.260 0.0000000000
48565  -48.885  4.848  44.380 0.0000000000
49301  -49.244  5.688  43.286 0.0000000000
50794  -49.990  6.972  42.078 0.0000000000
51556  -51.357  7.781  42.195 0.0000000000
50784  -52.080  7.913  43.280 0.0000000000
53092  -51.541  10.486  44.527 0.0000000000
52317  -52.437  9.559  43.177 0.0000000000
51557  -52.920  8.551  42.983 0.0000000000
52320  -53.588  9.542  42.143 0.0000000000
52321  -54.047  9.459  41.535 0.0000000000
53101  -54.371  10.310  40.542 0.0000000000
53103  -54.425  10.339  39.801 0.0000000000
53843  -53.557  11.142  40.243 0.0000000000
54536  -53.723  12.289  40.204 0.0000000000
55240  -54.014  13.146  40.426 0.0000000000
55943  -53.999  14.074  39.879 0.0000000000
31161  -14.484  -24.342  66.292 0.0000000000
30139  -12.609  -25.904  66.304 0.0000000000
29599  -10.571  -26.163  66.111 0.0000000000
26895  -9.487  -31.305  66.237 0.0000000000
27985  -8.936  -29.701  65.826 0.0000000000
29049  -8.909  -27.611  66.225 0.0000000000
28498  -7.225  -28.836  66.353 0.0000000000
27461  -5.557  -30.164  65.744 0.0000000000
26891  -4.475  -30.909  66.091 0.0000000000
25725  -4.101  -32.382  64.716 0.0000000000
40080  -44.360  -8.591  51.268 0.0000000000
39457  -42.311  -9.088  52.847 0.0000000000
40678  -43.077  -7.588  54.152 0.0000000000
40070  -42.970  -8.421  53.138 0.0000000000
40074  -43.330  -8.580  52.168 0.0000000000
40075  -44.198  -8.158  52.165 0.0000000000
40076  -44.821  -7.991  51.794 0.0000000000
41326  -45.474  -6.497  52.211 0.0000000000
42549  -45.381  -4.584  52.189 0.0000000000
43154  -45.708  -3.519  52.120 0.0000000000
43754  -44.806  -2.614  52.715 0.0000000000
43757  -45.534  -2.516  52.368 0.0000000000
44327  -46.072  -1.579  51.918 0.0000000000
44984  -45.911  -0.462  51.268 0.0000000000
46367  -45.860  1.542  50.917 0.0000000000
45666  -41.221  0.496  52.565 0.0000000000
45672  -42.102  0.561  52.224 0.0000000000
46360  -43.370  1.513  52.346 0.0000000000
46361  -43.981  1.646  52.279 0.0000000000
46362  -44.638  2.095  52.100 0.0000000000
47065  -45.000  2.673  52.055 0.0000000000
47067  -45.685  2.537  51.348 0.0000000000
47803  -46.200  3.500  50.938 0.0000000000
32833  -28.099  -20.358  60.894 0.0000000000
38751  -29.773  -10.816  62.040 0.0000000000
38752  -30.387  -10.731  61.519 0.0000000000
37519  -29.917  -12.308  61.500 0.0000000000
37529  -30.610  -12.631  60.865 0.0000000000
36959  -31.072  -13.723  60.423 0.0000000000
35767  -32.243  -15.599  60.244 0.0000000000
40040  -32.900  -8.414  60.187 0.0000000000
38772  -32.863  -10.551  59.791 0.0000000000
38148  -32.915  -11.379  59.886 0.0000000000
37546  -34.335  -12.427  60.384 0.0000000000
37545  -33.609  -12.106  60.542 0.0000000000
37532  -33.146  -12.439  60.483 0.0000000000
36961  -32.608  -13.470  60.390 0.0000000000
36366  -32.454  -14.594  60.281 0.0000000000
35170  -32.725  -16.601  59.917 0.0000000000
34582  -33.134  -17.611  59.598 0.0000000000
33994  -33.571  -18.569  59.381 0.0000000000
34537  -18.539  -17.880  64.920 0.0000000000
33949  -18.792  -18.696  65.164 0.0000000000
35739  -22.000  -15.557  64.035 0.0000000000
35738  -21.088  -15.579  63.860 0.0000000000
34550  -20.793  -17.497  64.689 0.0000000000
33950  -19.613  -18.664  65.120 0.0000000000
32810  -18.415  -20.364  65.489 0.0000000000
31709  -17.638  -22.294  65.323 0.0000000000
31187  -19.599  -23.253  63.482 0.0000000000
46373  -47.754  1.288  49.428 0.0000000000
46374  -48.488  0.758  49.180 0.0000000000
45685  -48.889  0.189  49.001 0.0000000000
46380  -49.449  1.525  47.893 0.0000000000
45689  -49.619  0.158  48.440 0.0000000000
44995  -49.272  -0.805  48.655 0.0000000000
44347  -50.034  -1.716  48.158 0.0000000000
47096  -51.298  2.414  44.385 0.0000000000
47094  -51.519  1.541  45.146 0.0000000000
45697  -51.522  0.415  45.575 0.0000000000
53855  -54.588  10.721  38.787 0.0000000000
53113  -55.505  10.309  38.003 0.0000000000
53121  -56.327  10.722  36.676 0.0000000000
54553  -54.810  12.592  37.160 0.0000000000
54554  -55.428  12.009  37.039 0.0000000000
53868  -56.623  11.357  35.889 0.0000000000
53871  -56.913  11.328  34.870 0.0000000000
53876  -57.139  11.415  33.904 0.0000000000
55974  -55.813  14.416  33.607 0.0000000000
55275  -57.024  13.416  32.806 0.0000000000
54573  -57.263  12.452  32.375 0.0000000000
54595  -57.122  12.694  28.283 0.0000000000
41904  -38.623  -5.209  56.551 0.0000000000
41898  -38.093  -5.523  57.074 0.0000000000
46368  -46.757  1.435  50.206 0.0000000000
52324  -54.502  9.389  40.236 0.0000000000
51567  -54.720  8.443  39.986 0.0000000000
33395  -18.120  -19.582  65.441 0.0000000000
32801  -17.095  -20.631  66.232 0.0000000000
44315  -42.143  -1.881  53.740 0.0000000000
32825  -24.315  -20.441  62.232 0.0000000000
35168  -31.156  -16.557  60.471 0.0000000000
36972  -36.758  -13.707  58.277 0.0000000000
36380  -36.932  -15.117  57.334 0.0000000000
32824  -23.491  -20.479  62.504 0.0000000000
39444  -40.229  -9.367  55.775 0.0000000000
42534  -40.348  -4.379  55.806 0.0000000000
35756  -26.857  -15.300  61.706 0.0000000000
36952  -29.672  -13.666  61.390 0.0000000000
40051  -37.219  -8.622  57.675 0.0000000000
38785  -37.201  -10.601  58.335 0.0000000000
36946  -26.041  -13.962  62.159 0.0000000000
43155  -46.542  -3.414  51.640 0.0000000000
44342  -48.458  -1.265  49.526 0.0000000000
50055  -52.941  6.733  42.206 0.0000000000
48586  -55.088  4.436  41.350 0.0000000000
52313  -50.239  9.383  44.158 0.0000000000
54528  -53.003  12.426  42.587 0.0000000000
54530  -53.418  12.315  42.036 0.0000000000
31167  -12.828  -22.313  66.472 0.0000000000
31158  -12.139  -22.957  66.754 0.0000000000
30661  -11.352  -24.260  67.173 0.0000000000
30119  -11.087  -25.560  67.838 0.0000000000
26907  -11.711  -29.941  64.949 0.0000000000
27455  -12.089  -30.845  65.513 0.0000000000
26328  -6.371  -32.223  62.633 0.0000000000
25736  -5.326  -33.077  63.533 0.0000000000
40673  -42.341  -7.579  54.673 0.0000000000
40065  -41.936  -8.471  54.069 0.0000000000
37531  -32.405  -12.617  60.395 0.0000000000
39424  -34.985  -9.829  59.726 0.0000000000
38774  -34.867  -10.510  59.574 0.0000000000
36369  -34.540  -14.155  59.890 0.0000000000
35772  -34.243  -15.629  59.416 0.0000000000
32816  -21.156  -20.348  64.165 0.0000000000
47078  -47.866  2.419  48.398 0.0000000000
46382  -50.440  0.641  47.334 0.0000000000
47098  -52.906  2.402  43.995 0.0000000000
55244  -53.581  13.012  38.759 0.0000000000
55267  -55.792  13.461  34.722 0.0000000000
42533  -39.443  -4.349  56.209 0.0000000000
41890  -37.069  -5.530  57.872 0.0000000000
44985  -46.411  -0.978  51.040 0.0000000000
44989  -46.835  -0.528  50.599 0.0000000000
45684  -48.173  0.256  49.621 0.0000000000
50798  -53.815  7.595  41.391 0.0000000000
50069  -55.158  6.658  40.428 0.0000000000
49321  -55.371  5.520  40.535 0.0000000000
52336  -55.978  9.421  37.809 0.0000000000
52341  -56.372  9.308  37.201 0.0000000000
32789  -15.794  -20.941  66.841 0.0000000000
33382  -15.949  -19.887  66.117 0.0000000000
32238  -15.106  -21.238  66.882 0.0000000000
32237  -14.439  -21.397  66.662 0.0000000000
31698  -14.202  -22.237  66.362 0.0000000000
43146  -43.295  -3.690  53.490 0.0000000000
43147  -43.824  -3.303  53.144 0.0000000000
44972  -43.403  -1.239  52.850 0.0000000000
44978  -43.658  -0.545  52.438 0.0000000000
33430  -33.034  -19.367  59.959 0.0000000000
36373  -35.134  -14.478  59.338 0.0000000000
35184  -36.290  -16.603  57.407 0.0000000000
35149  -24.547  -16.223  62.833 0.0000000000
33966  -23.480  -18.511  62.998 0.0000000000
32820  -22.281  -20.365  63.369 0.0000000000
32259  -21.910  -20.848  63.625 0.0000000000
31724  -22.395  -22.295  62.987 0.0000000000
47085  -48.199  3.056  46.140 0.0000000000
47088  -50.422  1.527  46.413 0.0000000000
56661  -56.981  15.255  30.778 0.0000000000
56665  -57.044  15.327  28.852 0.0000000000
31171  -16.553  -23.515  65.924 0.0000000000
28508  -13.498  -28.977  65.062 0.0000000000
38176  -41.170  -11.264  54.428 0.0000000000
41310  -40.964  -6.251  55.714 0.0000000000
41312  -41.528  -6.327  55.310 0.0000000000
33980  -24.882  -18.214  59.831 0.0000000000
34570  -24.682  -17.386  59.724 0.0000000000
35159  -26.994  -16.744  60.233 0.0000000000
34565  -27.778  -17.760  60.453 0.0000000000
36359  -28.637  -14.904  61.594 0.0000000000
34567  -29.266  -17.210  60.862 0.0000000000
36361  -30.190  -14.619  61.154 0.0000000000
35765  -30.696  -15.590  60.831 0.0000000000
40044  -34.991  -8.301  59.305 0.0000000000
41294  -36.036  -7.023  57.893 0.0000000000
40655  -35.826  -7.340  58.188 0.0000000000
39433  -36.608  -9.261  58.362 0.0000000000
38784  -36.502  -10.603  58.709 0.0000000000
38168  -39.082  -10.771  56.568 0.0000000000
37567  -39.875  -12.603  55.399 0.0000000000
36351  -25.142  -14.627  62.544 0.0000000000
35155  -25.366  -15.907  61.335 0.0000000000
41925  -46.919  -4.873  51.109 0.0000000000
41927  -46.638  -5.742  50.971 0.0000000000
41928  -47.094  -5.216  50.673 0.0000000000
44333  -47.356  -1.860  50.684 0.0000000000
42557  -47.841  -3.643  50.197 0.0000000000
42564  -48.524  -4.467  49.177 0.0000000000
42565  -49.210  -4.225  48.782 0.0000000000
49308  -51.050  4.774  41.293 0.0000000000
49302  -51.885  4.993  41.834 0.0000000000
47838  -52.915  3.537  43.455 0.0000000000
48580  -54.254  4.508  42.373 0.0000000000
25716  -3.191  -31.964  65.932 0.0000000000
26285  -2.935  -31.284  66.867 0.0000000000
48547  -47.426  4.226  49.226 0.0000000000
47810  -47.533  4.017  48.936 0.0000000000
48548  -47.509  4.733  48.972 0.0000000000
48555  -47.533  4.731  46.969 0.0000000000
49294  -47.941  5.675  46.044 0.0000000000
49296  -48.352  5.687  45.338 0.0000000000
48562  -48.529  5.210  44.928 0.0000000000
50048  -48.976  6.167  43.828 0.0000000000
50052  -49.014  6.608  43.225 0.0000000000
49313  -49.383  5.710  41.840 0.0000000000
50787  -49.459  7.558  42.846 0.0000000000
51550  -50.541  8.906  43.211 0.0000000000
51555  -50.763  8.157  42.342 0.0000000000
50783  -51.785  7.885  43.114 0.0000000000
53095  -52.715  10.557  43.116 0.0000000000
51558  -53.390  8.549  42.414 0.0000000000
53100  -54.215  10.322  41.143 0.0000000000
53839  -54.038  10.789  40.765 0.0000000000
53838  -53.990  11.344  41.112 0.0000000000
54534  -54.069  12.357  40.873 0.0000000000
30127  -9.610  -25.575  67.233 0.0000000000
30133  -15.104  -25.314  66.343 0.0000000000
31170  -15.096  -23.670  66.345 0.0000000000
30132  -14.321  -25.556  66.475 0.0000000000
28505  -11.541  -28.270  65.481 0.0000000000
29601  -12.436  -26.371  65.911 0.0000000000
29609  -11.796  -26.862  65.358 0.0000000000
29592  -12.077  -26.073  66.432 0.0000000000
29056  -10.431  -27.267  65.352 0.0000000000
26289  -10.129  -32.041  65.637 0.0000000000
27473  -8.392  -30.672  65.659 0.0000000000
27993  -8.223  -30.062  65.445 0.0000000000
28500  -9.356  -28.621  66.048 0.0000000000
28499  -8.354  -28.663  66.222 0.0000000000
27984  -7.871  -29.430  65.785 0.0000000000
26913  -5.761  -31.279  63.905 0.0000000000
27470  -6.194  -30.339  65.361 0.0000000000
26902  -5.528  -31.143  65.296 0.0000000000
27981  -5.438  -29.350  66.061 0.0000000000
26901  -4.816  -31.393  65.595 0.0000000000
26304  -4.428  -31.716  65.716 0.0000000000
26315  -4.529  -32.073  64.964 0.0000000000
25170  -5.027  -33.872  63.393 0.0000000000
39465  -43.850  -9.399  50.958 0.0000000000
39468  -44.387  -9.347  50.631 0.0000000000
38802  -41.221  -10.367  54.160 0.0000000000
39455  -41.468  -9.639  53.305 0.0000000000
39456  -41.834  -9.457  53.016 0.0000000000
39460  -42.078  -9.673  52.554 0.0000000000
40681  -43.633  -7.432  53.352 0.0000000000
40685  -44.843  -7.337  52.297 0.0000000000
43753  -44.237  -2.674  53.093 0.0000000000
45671  -41.648  0.666  51.982 0.0000000000
45667  -42.048  1.408  52.739 0.0000000000
46356  -43.328  2.034  52.382 0.0000000000
47064  -44.231  2.448  51.918 0.0000000000
33974  -25.668  -18.781  60.503 0.0000000000
33415  -25.640  -19.795  61.669 0.0000000000
33418  -26.222  -19.400  61.225 0.0000000000
32834  -28.718  -20.036  60.654 0.0000000000
32837  -28.589  -20.645  60.638 0.0000000000
36365  -31.660  -14.642  60.353 0.0000000000
38780  -33.159  -11.012  59.639 0.0000000000
38156  -33.101  -11.207  59.755 0.0000000000
38150  -34.715  -11.542  59.844 0.0000000000
37533  -33.769  -12.686  60.660 0.0000000000
36955  -32.969  -13.048  60.553 0.0000000000
36962  -33.419  -13.711  60.549 0.0000000000
35175  -33.409  -16.660  59.535 0.0000000000
34586  -35.046  -17.566  58.452 0.0000000000
36382  -37.725  -13.948  56.889 0.0000000000
34538  -19.358  -17.889  65.010 0.0000000000
35741  -23.611  -15.512  63.633 0.0000000000
35140  -23.256  -16.295  63.904 0.0000000000
35138  -21.443  -16.559  64.180 0.0000000000
33397  -19.873  -19.443  64.938 0.0000000000
33951  -20.403  -18.515  65.008 0.0000000000
33396  -19.016  -19.520  65.221 0.0000000000
32811  -19.156  -20.363  65.118 0.0000000000
32250  -18.266  -21.327  65.382 0.0000000000
31719  -21.157  -21.944  63.664 0.0000000000
31718  -20.464  -22.261  63.702 0.0000000000
31188  -20.305  -22.921  63.437 0.0000000000
46372  -47.157  1.905  49.730 0.0000000000
46376  -48.128  1.698  48.678 0.0000000000
47083  -49.633  1.631  47.529 0.0000000000
45691  -50.291  0.175  47.802 0.0000000000
44344  -49.429  -1.643  48.591 0.0000000000
44348  -50.464  -1.770  47.559 0.0000000000
43775  -50.543  -2.739  47.382 0.0000000000
47831  -50.710  2.835  43.921 0.0000000000
47832  -51.657  2.756  43.705 0.0000000000
53107  -54.619  10.198  39.126 0.0000000000
54541  -54.059  11.727  37.818 0.0000000000
53856  -54.713  11.182  38.274 0.0000000000
53860  -55.516  11.217  37.524 0.0000000000
55254  -54.182  13.172  37.189 0.0000000000
54558  -55.267  12.563  36.689 0.0000000000
53867  -56.250  11.891  36.180 0.0000000000
54562  -56.691  12.070  35.162 0.0000000000
53879  -57.285  11.487  32.903 0.0000000000
55272  -56.387  13.388  33.775 0.0000000000
54576  -57.350  12.463  31.473 0.0000000000
53883  -57.436  11.483  31.840 0.0000000000
53889  -57.315  11.879  31.236 0.0000000000
55291  -57.203  13.633  28.683 0.0000000000
41296  -37.076  -6.090  57.538 0.0000000000
41897  -37.405  -5.764  57.406 0.0000000000
51563  -54.069  8.503  41.175 0.0000000000
50805  -54.731  7.557  40.433 0.0000000000
50811  -55.520  7.812  39.249 0.0000000000
50812  -56.036  7.509  38.865 0.0000000000
51574  -56.000  8.101  38.338 0.0000000000
51573  -55.444  8.424  38.685 0.0000000000
33947  -17.127  -18.403  65.026 0.0000000000
33394  -17.349  -19.300  65.517 0.0000000000
32800  -16.246  -20.715  66.602 0.0000000000
31692  -15.900  -21.765  67.017 0.0000000000
44317  -43.454  -2.277  53.447 0.0000000000
31725  -23.201  -22.130  62.639 0.0000000000
33986  -31.251  -18.525  60.420 0.0000000000
33426  -31.634  -19.503  60.239 0.0000000000
35782  -36.610  -15.682  57.381 0.0000000000
33409  -23.510  -19.134  62.651 0.0000000000
32821  -22.802  -20.464  62.919 0.0000000000
47823  -48.171  3.763  45.354 0.0000000000
47824  -49.043  3.274  44.909 0.0000000000
35158  -25.882  -15.974  60.488 0.0000000000
35757  -27.521  -15.210  61.737 0.0000000000
37517  -28.528  -12.693  62.298 0.0000000000
36953  -30.361  -13.700  60.907 0.0000000000
40048  -36.756  -8.650  58.031 0.0000000000
39430  -36.769  -9.907  58.515 0.0000000000
38164  -37.711  -11.460  58.098 0.0000000000
37556  -37.937  -12.323  57.547 0.0000000000
36353  -25.741  -14.613  62.185 0.0000000000
42551  -46.883  -4.276  51.275 0.0000000000
44338  -48.012  -1.510  50.206 0.0000000000
43766  -48.178  -2.441  50.174 0.0000000000
43164  -48.686  -3.239  49.505 0.0000000000
43771  -49.626  -2.499  48.600 0.0000000000
50053  -52.258  6.311  41.691 0.0000000000
49317  -54.694  5.595  41.391 0.0000000000
49311  -54.467  5.095  42.023 0.0000000000
48585  -54.687  4.456  41.881 0.0000000000
53127  -57.139  10.383  34.426 0.0000000000
49292  -47.672  5.702  46.899 0.0000000000
50782  -48.996  8.009  43.563 0.0000000000
51549  -49.595  8.672  43.517 0.0000000000
52314  -51.152  9.390  44.142 0.0000000000
53835  -53.653  11.469  41.905 0.0000000000
30652  -10.479  -25.160  67.451 0.0000000000
30117  -9.832  -25.815  67.638 0.0000000000
29611  -13.128  -27.395  65.666 0.0000000000
29059  -12.720  -27.950  65.622 0.0000000000
28503  -11.527  -28.880  65.418 0.0000000000
27987  -10.807  -29.465  65.986 0.0000000000
26306  -8.208  -32.175  65.344 0.0000000000
26904  -7.990  -31.476  64.826 0.0000000000
27482  -7.470  -30.805  64.219 0.0000000000
27471  -6.832  -30.504  64.851 0.0000000000
27487  -6.587  -31.077  63.213 0.0000000000
26920  -5.883  -31.418  62.867 0.0000000000
25727  -5.022  -32.355  63.777 0.0000000000
40064  -41.322  -8.754  54.390 0.0000000000
40066  -42.584  -8.294  53.857 0.0000000000
46365  -45.102  1.598  51.790 0.0000000000
33419  -27.002  -19.398  61.009 0.0000000000
32278  -28.803  -20.983  60.543 0.0000000000
37530  -31.509  -12.386  60.588 0.0000000000
37543  -32.030  -13.010  60.255 0.0000000000
35769  -33.658  -15.241  59.857 0.0000000000
35176  -34.041  -16.663  59.195 0.0000000000
34555  -22.916  -17.962  63.758 0.0000000000
34552  -22.444  -17.738  64.068 0.0000000000
33959  -21.144  -18.442  64.723 0.0000000000
33401  -20.371  -19.685  64.630 0.0000000000
32251  -19.296  -21.197  64.692 0.0000000000
31192  -20.537  -23.409  63.078 0.0000000000
47077  -47.476  2.870  48.848 0.0000000000
46384  -50.306  1.398  46.902 0.0000000000
45002  -50.439  -0.456  47.607 0.0000000000
46391  -52.415  1.668  44.445 0.0000000000
54540  -53.380  12.068  38.187 0.0000000000
54548  -54.017  12.384  37.465 0.0000000000
55264  -55.453  12.935  35.799 0.0000000000
57323  -56.891  15.978  32.211 0.0000000000
55978  -57.028  14.329  32.228 0.0000000000
55283  -57.378  12.702  30.220 0.0000000000
55295  -57.309  13.580  26.649 0.0000000000
38129  -28.785  -11.896  62.316 0.0000000000
41286  -36.103  -6.068  58.020 0.0000000000
41302  -36.816  -6.980  57.302 0.0000000000
40660  -36.609  -7.222  57.468 0.0000000000
39438  -37.685  -9.189  57.589 0.0000000000
44328  -46.603  -2.029  51.806 0.0000000000
50791  -53.146  7.598  42.446 0.0000000000
50061  -53.670  6.698  41.597 0.0000000000
51578  -56.322  8.372  37.676 0.0000000000
52342  -56.747  9.319  36.681 0.0000000000
53118  -56.386  9.776  36.817 0.0000000000
33393  -16.543  -19.205  65.594 0.0000000000
33381  -14.958  -19.677  65.960 0.0000000000
31168  -13.232  -22.625  66.100 0.0000000000
30662  -12.205  -24.475  66.962 0.0000000000
41314  -42.585  -6.870  54.633 0.0000000000
33983  -28.919  -18.603  60.811 0.0000000000
33423  -29.156  -19.402  60.643 0.0000000000
33424  -29.891  -19.453  60.499 0.0000000000
38782  -35.170  -10.977  59.235 0.0000000000
38151  -35.324  -12.080  59.800 0.0000000000
35773  -34.997  -15.625  58.955 0.0000000000
35180  -35.835  -16.657  57.992 0.0000000000
34556  -23.419  -17.752  63.398 0.0000000000
33403  -21.980  -19.482  64.080 0.0000000000
32817  -21.845  -20.352  63.793 0.0000000000
32262  -21.495  -21.769  63.604 0.0000000000
31723  -21.331  -22.420  63.363 0.0000000000
47091  -49.026  2.751  45.531 0.0000000000
46387  -51.285  1.032  45.690 0.0000000000
55958  -53.984  14.309  37.001 0.0000000000
32241  -18.029  -20.905  65.789 0.0000000000
32240  -17.401  -21.409  66.085 0.0000000000
31701  -17.211  -22.416  65.991 0.0000000000
29060  -13.648  -27.923  65.562 0.0000000000
39448  -41.065  -9.475  54.576 0.0000000000
43744  -41.662  -2.710  54.131 0.0000000000
33414  -24.977  -19.452  61.891 0.0000000000
33981  -25.639  -18.656  59.422 0.0000000000
35172  -25.723  -16.824  59.041 0.0000000000
33982  -26.474  -18.345  59.207 0.0000000000
34566  -28.621  -17.633  60.886 0.0000000000
39427  -34.745  -8.858  59.516 0.0000000000
36381  -37.355  -14.518  57.099 0.0000000000
36977  -38.040  -13.306  56.946 0.0000000000
36981  -39.224  -12.925  55.893 0.0000000000
36985  -39.497  -13.390  55.145 0.0000000000
37568  -40.322  -12.247  55.018 0.0000000000
36350  -24.581  -14.626  62.945 0.0000000000
35754  -25.362  -15.434  62.089 0.0000000000
35154  -24.837  -16.465  61.921 0.0000000000
33971  -24.566  -18.526  61.810 0.0000000000
40688  -45.609  -7.429  50.847 0.0000000000
41334  -46.328  -6.567  50.318 0.0000000000
43156  -46.996  -3.033  51.351 0.0000000000
42555  -47.222  -3.803  51.103 0.0000000000
42556  -47.484  -4.105  50.672 0.0000000000
43161  -47.778  -3.179  50.438 0.0000000000
41930  -47.666  -5.315  49.637 0.0000000000
42561  -48.733  -3.867  49.258 0.0000000000
47842  -49.505  4.040  42.479 0.0000000000
48578  -50.069  4.076  41.840 0.0000000000
48571  -51.135  3.763  42.371 0.0000000000
48567  -52.102  3.583  43.325 0.0000000000
48568  -52.494  3.643  43.413 0.0000000000
47101  -53.261  3.001  43.434 0.0000000000
49309  -53.241  6.173  42.187 0.0000000000
49305  -53.526  5.137  42.766 0.0000000000
48579  -53.788  4.546  42.807 0.0000000000
27444  -4.054  -29.867  67.178 0.0000000000
47819  -47.623  3.999  45.900 0.0000000000
48558  -47.645  4.952  46.177 0.0000000000
48557  -47.702  4.380  45.748 0.0000000000
47822  -47.767  4.036  45.576 0.0000000000
47828  -48.386  4.180  44.850 0.0000000000
48564  -48.576  4.404  44.688 0.0000000000
47835  -49.289  4.403  43.258 0.0000000000
50044  -48.763  6.135  44.361 0.0000000000
48570  -49.237  5.067  43.508 0.0000000000
47841  -49.381  4.412  42.514 0.0000000000
48583  -49.359  5.055  41.762 0.0000000000
49314  -49.604  5.439  41.237 0.0000000000
50802  -50.768  6.588  41.241 0.0000000000
50788  -50.157  7.722  42.307 0.0000000000
50795  -50.630  7.331  41.779 0.0000000000
50796  -51.447  7.163  41.521 0.0000000000
50789  -51.993  7.491  42.495 0.0000000000
52315  -51.862  9.502  43.652 0.0000000000
51552  -52.255  8.607  43.216 0.0000000000
52323  -54.356  9.407  40.907 0.0000000000
53842  -53.857  11.798  40.611 0.0000000000
55241  -53.823  13.030  39.617 0.0000000000
31700  -16.255  -22.304  66.728 0.0000000000
30131  -13.331  -25.643  66.330 0.0000000000
30664  -14.005  -24.812  66.520 0.0000000000
31160  -13.991  -24.111  66.082 0.0000000000
30663  -13.107  -24.730  66.361 0.0000000000
30130  -12.275  -25.522  66.826 0.0000000000
30129  -11.625  -25.858  67.510 0.0000000000
26878  -11.070  -31.657  65.517 0.0000000000
27453  -10.516  -30.894  66.114 0.0000000000
27463  -9.844  -30.585  66.311 0.0000000000
26894  -8.687  -31.417  66.016 0.0000000000
27462  -8.951  -30.634  66.083 0.0000000000
28501  -10.234  -28.613  65.901 0.0000000000
29050  -9.831  -27.604  65.779 0.0000000000
29598  -9.621  -26.574  66.288 0.0000000000
29590  -10.443  -26.307  67.037 0.0000000000
29581  -10.411  -26.043  67.732 0.0000000000
29597  -8.662  -26.681  66.696 0.0000000000
27991  -6.764  -29.910  65.348 0.0000000000
26883  -3.863  -30.840  66.709 0.0000000000
26303  -3.967  -31.919  66.094 0.0000000000
38181  -41.986  -11.313  53.358 0.0000000000
40674  -42.777  -7.161  54.520 0.0000000000
39461  -42.545  -9.294  52.160 0.0000000000
39464  -43.098  -9.320  51.344 0.0000000000
40686  -45.342  -7.419  51.714 0.0000000000
41923  -45.861  -5.428  52.067 0.0000000000
43758  -46.291  -2.596  52.042 0.0000000000
43151  -45.069  -3.219  52.440 0.0000000000
44331  -46.286  -1.172  51.340 0.0000000000
44965  -41.711  -0.802  53.344 0.0000000000
44970  -41.879  -0.280  52.450 0.0000000000
44976  -41.896  0.178  52.072 0.0000000000
45673  -43.070  0.947  52.232 0.0000000000
47062  -43.513  2.282  51.986 0.0000000000
46364  -44.598  1.104  52.011 0.0000000000
32826  -25.199  -20.488  62.054 0.0000000000
32827  -26.233  -20.438  61.867 0.0000000000
38130  -29.475  -11.696  61.980 0.0000000000
38762  -32.493  -11.070  59.986 0.0000000000
38149  -33.605  -11.451  60.054 0.0000000000
38139  -33.160  -11.839  60.236 0.0000000000
35137  -20.545  -16.480  64.188 0.0000000000
34539  -20.066  -17.915  65.058 0.0000000000
44994  -48.796  -0.726  49.075 0.0000000000
46378  -49.553  0.823  48.394 0.0000000000
45688  -49.283  0.613  48.607 0.0000000000
45686  -49.145  -0.285  48.776 0.0000000000
45005  -51.210  -0.855  46.333 0.0000000000
53112  -54.970  10.193  38.591 0.0000000000
53863  -56.143  11.374  36.716 0.0000000000
53864  -56.452  10.938  36.435 0.0000000000
53125  -56.908  10.348  35.411 0.0000000000
53131  -57.302  10.424  33.397 0.0000000000
55970  -55.610  13.999  34.099 0.0000000000
54588  -57.183  12.975  28.987 0.0000000000
26284  -2.819  -31.257  67.092 0.0000000000
26286  -10.946  -31.949  65.176 0.0000000000
26290  -10.822  -32.177  65.352 0.0000000000
26295  -4.139  -31.493  66.187 0.0000000000
26296  -8.360  -31.958  65.564 0.0000000000
26297  -8.645  -32.007  65.683 0.0000000000
26298  -9.718  -32.111  65.647 0.0000000000
26305  -4.895  -31.710  65.220 0.0000000000
26314  -4.057  -32.112  65.536 0.0000000000
26321  -5.257  -32.044  63.231 0.0000000000
26327  -5.791  -32.055  62.627 0.0000000000
26329  -6.876  -32.176  62.736 0.0000000000
26875  -2.922  -31.028  67.499 0.0000000000
26877  -10.737  -31.379  65.714 0.0000000000
26879  -11.701  -31.858  66.134 0.0000000000
26884  -4.095  -30.528  66.596 0.0000000000
26885  -10.359  -31.550  65.836 0.0000000000
26886  -10.712  -31.935  65.419 0.0000000000
26890  -4.046  -31.221  66.388 0.0000000000
26892  -5.100  -30.584  65.831 0.0000000000
26896  -11.617  -30.450  65.173 0.0000000000
26897  -11.778  -30.376  64.964 0.0000000000
26903  -6.222  -30.791  65.078 0.0000000000
26905  -8.183  -31.168  65.473 0.0000000000
26906  -11.543  -30.230  65.271 0.0000000000
26921  -6.452  -31.373  62.850 0.0000000000
26922  -7.022  -31.576  63.020 0.0000000000
26926  -6.073  -31.823  62.553 0.0000000000
26927  -6.384  -31.723  62.628 0.0000000000
26928  -6.669  -31.678  62.785 0.0000000000
27443  -3.707  -30.312  67.403 0.0000000000
27445  -11.017  -31.296  65.669 0.0000000000
27446  -11.548  -31.508  65.516 0.0000000000
27447  -11.914  -31.690  66.315 0.0000000000
27451  -3.943  -30.310  66.931 0.0000000000
27454  -10.979  -30.863  65.780 0.0000000000
27460  -4.886  -30.046  66.095 0.0000000000
27464  -10.615  -30.325  66.080 0.0000000000
27474  -11.572  -29.965  65.263 0.0000000000
27475  -11.872  -30.139  64.945 0.0000000000
27480  -6.153  -31.048  63.336 0.0000000000
27481  -6.561  -30.784  63.889 0.0000000000
27486  -6.122  -30.999  63.073 0.0000000000
27488  -7.164  -30.984  63.469 0.0000000000
27982  -6.317  -29.483  65.801 0.0000000000
27983  -7.117  -29.470  65.684 0.0000000000
27986  -9.952  -29.537  66.208 0.0000000000
27988  -11.344  -29.458  65.551 0.0000000000
27992  -7.441  -29.952  65.270 0.0000000000
27994  -8.651  -30.254  65.698 0.0000000000
27995  -11.745  -29.433  65.179 0.0000000000
27996  -12.323  -29.510  64.934 0.0000000000
28502  -11.011  -28.589  65.638 0.0000000000
28506  -12.099  -28.646  65.319 0.0000000000
29057  -11.141  -27.613  65.279 0.0000000000
29058  -11.975  -27.716  65.500 0.0000000000
29582  -11.021  -26.133  67.574 0.0000000000
29589  -9.625  -26.158  67.314 0.0000000000
29591  -11.381  -26.117  66.832 0.0000000000
29600  -11.521  -26.148  65.897 0.0000000000
29607  -10.132  -26.713  65.587 0.0000000000
29608  -10.887  -26.617  65.311 0.0000000000
30118  -10.313  -25.566  67.668 0.0000000000
30120  -11.779  -25.275  67.468 0.0000000000
30128  -10.233  -25.275  67.385 0.0000000000
30140  -12.962  -26.123  66.124 0.0000000000
30653  -10.843  -25.000  67.574 0.0000000000
30660  -10.417  -24.633  67.040 0.0000000000
30665  -14.777  -24.711  66.389 0.0000000000
30689  -19.428  -24.071  63.082 0.0000000000
31169  -14.160  -23.114  65.915 0.0000000000
31690  -14.814  -21.977  66.819 0.0000000000
31691  -15.444  -21.962  67.019 0.0000000000
32231  -15.088  -21.587  66.935 0.0000000000
32232  -15.607  -21.334  66.961 0.0000000000
32233  -16.156  -21.419  66.889 0.0000000000
32236  -13.433  -21.103  66.669 0.0000000000
32790  -15.984  -21.094  66.914 0.0000000000
33384  -17.452  -19.987  65.843 0.0000000000
33979  -24.691  -18.157  59.469 0.0000000000
33989  -24.628  -18.087  59.241 0.0000000000
33991  -25.747  -18.225  58.399 0.0000000000
33992  -26.424  -17.770  58.764 0.0000000000
34535  -17.357  -17.911  64.670 0.0000000000
34569  -24.621  -17.930  59.450 0.0000000000
34571  -26.790  -17.524  59.360 0.0000000000
34578  -24.638  -17.794  59.129 0.0000000000
34579  -25.033  -17.322  58.731 0.0000000000
34580  -25.990  -17.299  58.635 0.0000000000
34581  -26.450  -17.243  59.083 0.0000000000
35164  -25.233  -16.510  59.556 0.0000000000
35165  -26.162  -16.458  59.549 0.0000000000
35166  -26.583  -16.933  59.441 0.0000000000
35173  -26.255  -16.921  59.138 0.0000000000
35174  -26.454  -17.023  59.243 0.0000000000
36954  -32.676  -13.033  60.471 0.0000000000
38157  -33.339  -11.201  59.784 0.0000000000
41317  -42.563  -6.437  54.575 0.0000000000
44969  -41.605  0.479  52.153 0.0000000000
44975  -41.755  0.415  52.059 0.0000000000
45665  -41.209  0.841  52.296 0.0000000000
45670  -41.295  0.912  52.121 0.0000000000
46352  -40.761  0.815  52.174 0.0000000000
46353  -40.905  0.774  52.559 0.0000000000
46358  -40.936  0.864  51.733 0.0000000000
46359  -41.235  1.125  52.065 0.0000000000
47820  -47.728  3.649  46.163 0.0000000000
47843  -49.779  3.735  42.538 0.0000000000
48554  -47.553  4.417  46.260 0.0000000000
48560  -47.872  4.200  45.418 0.0000000000
48576  -49.326  4.981  42.569 0.0000000000
48577  -49.444  4.449  41.993 0.0000000000
48582  -49.334  5.345  42.111 0.0000000000
49297  -48.697  5.645  44.702 0.0000000000
49299  -49.078  5.586  44.055 0.0000000000
49307  -49.336  5.778  42.526 0.0000000000
49315  -50.191  5.002  40.948 0.0000000000
50058  -49.453  6.477  42.309 0.0000000000
50063  -49.721  6.250  41.557 0.0000000000
50064  -50.188  5.989  41.059 0.0000000000
50065  -50.863  5.777  40.942 0.0000000000
50801  -50.260  6.637  41.506 0.0000000000
50803  -51.202  6.405  41.095 0.0000000000
51560  -51.093  7.674  41.902 0.0000000000
51561  -51.301  7.570  41.869 0.0000000000
54559  -55.772  12.293  36.365 0.0000000000
55271  -55.882  13.789  34.016 0.0000000000
