#!ascii label  , from subject TEMPLATE vox2ras=TkReg
653
74275  -51.184  45.244  17.894 0.0000000000
79508  -45.390  58.219  13.738 0.0000000000
78029  -47.698  54.146  20.027 0.0000000000
74725  -49.768  46.459  9.928 0.0000000000
77729  -48.063  53.438  7.365 0.0000000000
77294  -49.531  52.650  11.082 0.0000000000
74350  -49.174  45.502  6.659 0.0000000000
71025  -47.742  40.394  9.373 0.0000000000
74665  -51.099  45.933  25.367 0.0000000000
75106  -49.867  47.163  21.651 0.0000000000
81454  -44.189  64.061  16.064 0.0000000000
80184  -45.324  59.821  10.622 0.0000000000
78119  -45.835  53.650  4.981 0.0000000000
76489  -50.150  49.916  18.698 0.0000000000
78758  -47.244  56.313  17.038 0.0000000000
77279  -50.160  51.905  14.491 0.0000000000
74308  -50.397  45.470  13.793 0.0000000000
71605  -49.522  40.843  11.261 0.0000000000
68478  -45.790  34.952  10.524 0.0000000000
73330  -51.770  42.717  15.112 0.0000000000
76128  -48.062  49.398  5.787 0.0000000000
76114  -48.964  49.298  6.565 0.0000000000
73917  -48.339  44.516  5.592 0.0000000000
71639  -47.414  40.672  6.575 0.0000000000
74674  -50.461  46.526  23.401 0.0000000000
75556  -48.888  48.558  24.465 0.0000000000
81792  -42.947  65.095  18.290 0.0000000000
79202  -46.276  56.968  7.660 0.0000000000
76868  -48.673  51.195  20.771 0.0000000000
77264  -48.821  52.326  19.294 0.0000000000
80153  -45.940  59.816  16.704 0.0000000000
79141  -46.122  57.437  15.390 0.0000000000
76070  -49.463  49.435  10.304 0.0000000000
77685  -50.006  52.429  12.464 0.0000000000
76065  -50.131  49.258  12.323 0.0000000000
76059  -49.693  49.242  14.439 0.0000000000
74327  -50.242  45.759  12.169 0.0000000000
73359  -50.187  43.528  11.786 0.0000000000
73368  -50.065  43.463  10.707 0.0000000000
69929  -45.998  37.561  9.464 0.0000000000
78796  -47.402  55.841  10.133 0.0000000000
78779  -47.760  55.706  12.844 0.0000000000
77713  -49.087  53.336  9.643 0.0000000000
76545  -48.713  49.610  8.510 0.0000000000
74344  -49.459  45.437  8.667 0.0000000000
72805  -49.571  42.671  8.947 0.0000000000
72815  -48.977  42.731  7.621 0.0000000000
70475  -46.359  38.984  8.111 0.0000000000
74243  -51.376  45.181  22.976 0.0000000000
74253  -50.434  45.586  21.017 0.0000000000
74688  -50.674  46.451  19.611 0.0000000000
81438  -43.617  63.852  19.357 0.0000000000
81088  -44.791  62.935  17.538 0.0000000000
80465  -45.222  61.245  15.397 0.0000000000
79847  -45.481  59.258  12.111 0.0000000000
78807  -47.059  56.474  8.831 0.0000000000
77735  -46.973  53.120  6.710 0.0000000000
75682  -46.907  48.777  4.397 0.0000000000
76149  -45.840  49.534  3.737 0.0000000000
76023  -48.004  49.139  22.917 0.0000000000
76032  -49.954  48.913  20.270 0.0000000000
75117  -50.940  47.593  18.128 0.0000000000
78754  -47.741  55.581  18.059 0.0000000000
78398  -48.286  55.464  14.710 0.0000000000
78393  -49.125  54.778  16.019 0.0000000000
77669  -49.433  53.252  16.813 0.0000000000
76887  -49.842  51.202  16.127 0.0000000000
75587  -50.642  48.280  15.964 0.0000000000
74299  -51.003  45.262  15.157 0.0000000000
73342  -50.996  43.573  13.784 0.0000000000
71578  -50.545  40.864  12.310 0.0000000000
69921  -49.460  37.414  11.879 0.0000000000
71603  -48.357  40.671  10.436 0.0000000000
69931  -48.144  37.609  10.525 0.0000000000
68961  -47.572  35.179  11.088 0.0000000000
73791  -51.545  44.073  17.412 0.0000000000
73804  -51.640  44.472  16.425 0.0000000000
75182  -47.621  47.537  4.915 0.0000000000
74741  -48.187  46.539  5.506 0.0000000000
73916  -47.624  44.767  4.997 0.0000000000
72844  -47.853  42.701  5.437 0.0000000000
77661  -48.059  53.243  19.699 0.0000000000
79839  -45.763  59.484  15.151 0.0000000000
75142  -49.848  47.431  10.323 0.0000000000
76067  -50.035  49.354  11.267 0.0000000000
75140  -50.068  47.415  11.275 0.0000000000
75137  -50.205  47.321  12.208 0.0000000000
74722  -50.005  46.482  10.857 0.0000000000
73869  -50.170  44.540  11.102 0.0000000000
73882  -49.689  44.464  10.202 0.0000000000
78445  -48.197  55.173  8.691 0.0000000000
78436  -48.640  54.837  9.951 0.0000000000
77721  -48.951  53.452  8.576 0.0000000000
75635  -49.312  48.377  6.960 0.0000000000
76099  -49.023  49.323  7.221 0.0000000000
75152  -49.452  47.620  7.551 0.0000000000
75148  -49.577  47.435  8.392 0.0000000000
74730  -49.508  45.960  7.513 0.0000000000
73910  -49.291  44.377  7.985 0.0000000000
73424  -48.985  43.524  7.037 0.0000000000
71040  -47.076  39.983  7.196 0.0000000000
75104  -49.663  46.940  22.692 0.0000000000
74677  -50.375  46.293  22.404 0.0000000000
74680  -50.196  46.391  21.333 0.0000000000
74683  -50.414  46.460  20.388 0.0000000000
75108  -50.208  47.353  20.682 0.0000000000
81449  -43.536  64.516  17.078 0.0000000000
81446  -43.958  63.948  17.746 0.0000000000
81091  -44.602  63.544  16.763 0.0000000000
80769  -44.852  61.970  15.595 0.0000000000
81100  -44.731  62.678  14.816 0.0000000000
80170  -45.286  60.394  11.637 0.0000000000
80166  -45.537  60.585  12.423 0.0000000000
79850  -45.572  59.182  11.193 0.0000000000
79160  -46.038  57.905  10.781 0.0000000000
79526  -45.948  58.603  10.137 0.0000000000
78473  -45.967  54.557  6.058 0.0000000000
78463  -46.596  54.872  6.845 0.0000000000
77749  -45.992  52.962  5.468 0.0000000000
76579  -46.716  50.451  5.136 0.0000000000
76587  -46.312  50.378  4.598 0.0000000000
75681  -46.378  48.521  3.913 0.0000000000
76964  -45.666  51.204  4.458 0.0000000000
77247  -47.184  52.069  24.142 0.0000000000
77244  -47.749  51.654  25.049 0.0000000000
76853  -47.873  51.022  24.003 0.0000000000
76470  -48.107  50.068  23.953 0.0000000000
76474  -47.917  50.846  22.293 0.0000000000
76484  -49.320  50.598  19.817 0.0000000000
76031  -49.420  49.527  20.498 0.0000000000
76037  -50.083  49.396  19.471 0.0000000000
75575  -50.465  48.410  19.078 0.0000000000
76042  -50.393  49.326  18.461 0.0000000000
78752  -46.308  56.754  18.299 0.0000000000
78748  -46.274  56.696  18.935 0.0000000000
78753  -47.077  56.195  18.224 0.0000000000
78412  -48.703  54.723  11.840 0.0000000000
78404  -48.058  55.477  13.521 0.0000000000
78051  -49.205  53.984  12.182 0.0000000000
77679  -50.059  52.609  13.882 0.0000000000
77678  -49.808  53.362  14.134 0.0000000000
77675  -49.806  53.492  15.064 0.0000000000
78040  -49.263  54.059  16.299 0.0000000000
77670  -49.761  52.854  16.305 0.0000000000
77272  -49.657  52.539  16.791 0.0000000000
76889  -49.852  51.148  15.143 0.0000000000
75131  -49.995  47.234  13.740 0.0000000000
75591  -49.892  48.272  15.083 0.0000000000
74705  -50.362  46.848  14.997 0.0000000000
75126  -50.999  47.208  16.087 0.0000000000
74711  -50.671  45.814  14.898 0.0000000000
73836  -50.985  44.443  14.580 0.0000000000
73835  -50.623  44.804  14.055 0.0000000000
72192  -49.778  41.451  11.630 0.0000000000
72179  -50.253  41.379  12.245 0.0000000000
71588  -50.236  40.682  12.097 0.0000000000
70439  -49.797  39.095  12.225 0.0000000000
70992  -49.618  39.549  11.841 0.0000000000
71623  -48.817  40.866  8.889 0.0000000000
72209  -49.395  41.456  9.539 0.0000000000
71612  -47.584  40.555  10.129 0.0000000000
68985  -46.505  35.928  9.536 0.0000000000
69930  -47.005  37.653  9.669 0.0000000000
69448  -47.589  36.610  9.861 0.0000000000
69449  -48.123  36.526  10.545 0.0000000000
68479  -46.708  35.053  10.596 0.0000000000
68460  -45.304  34.564  12.443 0.0000000000
73778  -50.918  44.324  19.558 0.0000000000
72742  -51.921  41.922  14.735 0.0000000000
76940  -47.521  51.360  7.036 0.0000000000
76941  -47.895  50.909  7.237 0.0000000000
76129  -48.678  49.163  6.112 0.0000000000
75165  -48.628  47.361  5.828 0.0000000000
73918  -48.742  44.616  5.929 0.0000000000
73423  -48.734  43.695  6.373 0.0000000000
73431  -48.389  43.488  5.866 0.0000000000
74671  -50.514  46.721  24.264 0.0000000000
75099  -49.995  47.313  24.516 0.0000000000
75561  -48.887  47.480  23.055 0.0000000000
81457  -43.791  64.483  15.582 0.0000000000
79540  -45.873  58.501  9.493 0.0000000000
78472  -45.741  55.332  5.574 0.0000000000
77366  -45.110  52.320  4.261 0.0000000000
76863  -48.099  51.690  21.789 0.0000000000
76873  -48.913  51.542  20.125 0.0000000000
76876  -49.260  51.457  19.079 0.0000000000
78757  -46.769  56.587  16.463 0.0000000000
76903  -49.297  51.204  10.368 0.0000000000
77288  -49.626  52.797  11.689 0.0000000000
76897  -49.854  51.177  11.272 0.0000000000
76895  -50.060  51.141  12.246 0.0000000000
76893  -49.907  51.085  13.199 0.0000000000
76503  -49.710  50.222  14.818 0.0000000000
76062  -49.915  49.216  13.385 0.0000000000
75134  -50.178  47.097  12.975 0.0000000000
74714  -50.212  46.348  13.410 0.0000000000
73847  -50.579  44.499  13.365 0.0000000000
73858  -50.317  44.728  12.225 0.0000000000
72202  -49.677  41.781  10.865 0.0000000000
70466  -46.343  39.120  10.055 0.0000000000
78745  -46.661  55.775  20.418 0.0000000000
78776  -45.060  56.727  12.822 0.0000000000
78772  -46.152  56.462  14.006 0.0000000000
78789  -47.357  55.806  11.136 0.0000000000
78421  -48.726  54.830  10.868 0.0000000000
77704  -49.393  53.353  10.599 0.0000000000
76933  -48.222  51.164  7.940 0.0000000000
76925  -48.633  51.444  8.686 0.0000000000
76916  -49.047  51.487  9.647 0.0000000000
76074  -48.993  49.312  9.241 0.0000000000
75145  -49.665  47.415  9.354 0.0000000000
74341  -49.518  45.470  9.612 0.0000000000
73894  -49.246  44.449  9.314 0.0000000000
73904  -49.196  44.506  8.479 0.0000000000
72804  -49.330  42.579  8.470 0.0000000000
71632  -48.528  40.866  8.356 0.0000000000
72232  -48.278  41.875  6.895 0.0000000000
71630  -47.658  40.649  7.533 0.0000000000
74675  -51.133  45.964  23.180 0.0000000000
74678  -51.017  45.705  22.499 0.0000000000
73769  -50.759  44.981  21.104 0.0000000000
73775  -50.605  45.146  20.682 0.0000000000
74269  -50.793  45.349  19.029 0.0000000000
74694  -51.108  46.223  18.250 0.0000000000
80758  -44.450  62.508  19.183 0.0000000000
81084  -44.309  63.277  18.432 0.0000000000
80762  -44.756  62.305  18.524 0.0000000000
80463  -45.248  61.218  16.399 0.0000000000
80152  -45.683  60.536  16.148 0.0000000000
79841  -45.665  59.969  14.363 0.0000000000
81104  -44.820  62.593  14.224 0.0000000000
80471  -45.325  61.430  13.415 0.0000000000
80159  -45.737  60.166  13.774 0.0000000000
79511  -45.405  58.604  12.724 0.0000000000
79156  -45.835  57.452  11.291 0.0000000000
78788  -46.701  56.563  10.609 0.0000000000
78453  -47.781  55.087  7.787 0.0000000000
79191  -46.438  56.947  8.451 0.0000000000
78464  -47.374  54.695  7.265 0.0000000000
77728  -47.480  53.075  7.046 0.0000000000
76958  -47.315  50.554  5.965 0.0000000000
75670  -47.447  48.462  4.949 0.0000000000
75196  -46.494  47.454  3.963 0.0000000000
74762  -46.225  46.639  3.813 0.0000000000
76973  -45.205  51.302  3.828 0.0000000000
75560  -48.486  48.358  23.539 0.0000000000
75564  -48.515  48.421  22.335 0.0000000000
76026  -48.071  50.340  21.939 0.0000000000
75568  -49.098  48.744  21.463 0.0000000000
75569  -49.770  48.285  20.955 0.0000000000
75110  -50.563  47.387  19.683 0.0000000000
75114  -51.079  47.005  18.523 0.0000000000
74699  -51.359  46.219  17.353 0.0000000000
78382  -47.787  55.187  18.754 0.0000000000
78773  -47.200  56.174  14.315 0.0000000000
78767  -47.321  56.396  15.237 0.0000000000
78768  -47.967  56.006  15.515 0.0000000000
78048  -49.379  53.892  13.336 0.0000000000
78399  -49.085  54.905  15.052 0.0000000000
78763  -48.062  55.948  16.476 0.0000000000
78388  -48.582  55.058  16.854 0.0000000000
78037  -48.549  54.546  17.606 0.0000000000
78032  -48.279  53.775  18.509 0.0000000000
77665  -48.679  53.123  18.568 0.0000000000
76883  -49.683  51.803  17.441 0.0000000000
76880  -49.844  50.977  17.843 0.0000000000
76500  -49.988  50.271  15.802 0.0000000000
76051  -50.542  49.395  16.385 0.0000000000
76047  -50.606  49.419  17.463 0.0000000000
75583  -50.932  48.429  17.037 0.0000000000
75121  -51.321  47.077  16.880 0.0000000000
74281  -51.483  45.290  16.914 0.0000000000
73820  -51.439  44.250  15.583 0.0000000000
72741  -51.502  42.670  14.401 0.0000000000
72755  -51.313  42.229  13.557 0.0000000000
73352  -50.583  43.647  12.854 0.0000000000
72180  -51.000  41.690  12.780 0.0000000000
71579  -51.055  40.583  12.608 0.0000000000
70994  -50.486  39.457  12.443 0.0000000000
69922  -49.844  38.278  12.304 0.0000000000
73380  -49.631  43.462  9.803 0.0000000000
72210  -49.502  41.719  9.939 0.0000000000
71604  -48.990  40.701  10.791 0.0000000000
70453  -47.203  38.817  10.127 0.0000000000
70454  -48.244  38.961  10.743 0.0000000000
70455  -48.881  39.148  11.228 0.0000000000
70437  -48.796  38.220  11.278 0.0000000000
69442  -48.679  36.593  11.361 0.0000000000
73805  -51.780  43.764  16.595 0.0000000000
74752  -47.525  46.629  4.879 0.0000000000
74353  -47.623  45.725  5.029 0.0000000000
79505  -45.778  58.384  14.807 0.0000000000
75604  -49.938  48.403  10.768 0.0000000000
74339  -49.907  45.495  10.508 0.0000000000
78085  -48.640  54.300  7.953 0.0000000000
78078  -48.673  54.559  8.734 0.0000000000
77720  -48.644  53.288  7.791 0.0000000000
74734  -49.361  46.521  7.047 0.0000000000
75151  -49.406  47.453  7.059 0.0000000000
74735  -49.543  47.034  7.367 0.0000000000
74346  -49.403  45.569  7.268 0.0000000000
73909  -49.291  44.598  7.302 0.0000000000
74669  -51.038  46.359  24.906 0.0000000000
81450  -44.129  64.051  16.905 0.0000000000
81095  -44.562  63.497  15.861 0.0000000000
81096  -44.768  62.772  15.728 0.0000000000
80183  -45.240  60.244  10.997 0.0000000000
80478  -45.107  61.111  11.643 0.0000000000
80171  -45.414  59.800  11.498 0.0000000000
79862  -45.658  59.213  10.354 0.0000000000
78110  -45.986  53.834  5.611 0.0000000000
77359  -45.946  52.008  5.399 0.0000000000
77358  -45.561  51.911  4.891 0.0000000000
77251  -47.376  52.413  23.139 0.0000000000
76852  -47.545  51.706  23.575 0.0000000000
76469  -47.778  50.539  23.361 0.0000000000
76488  -49.799  50.519  18.874 0.0000000000
76036  -49.672  50.013  19.667 0.0000000000
79138  -46.531  56.602  16.991 0.0000000000
79134  -46.735  56.484  17.469 0.0000000000
78058  -49.248  54.145  11.192 0.0000000000
77691  -49.458  53.337  11.510 0.0000000000
77676  -50.039  52.721  14.768 0.0000000000
77672  -49.609  53.450  15.917 0.0000000000
77673  -49.963  52.807  15.646 0.0000000000
77276  -50.147  51.988  15.438 0.0000000000
75129  -50.041  47.369  14.644 0.0000000000
74710  -50.292  46.322  14.458 0.0000000000
74309  -50.605  45.340  14.516 0.0000000000
71012  -49.637  40.035  11.634 0.0000000000
71613  -48.062  40.733  9.690 0.0000000000
71024  -47.344  40.091  9.676 0.0000000000
68968  -45.639  35.224  9.898 0.0000000000
68969  -46.232  35.352  9.972 0.0000000000
68970  -47.260  35.626  10.217 0.0000000000
68468  -45.493  34.830  11.490 0.0000000000
76572  -47.690  50.155  6.066 0.0000000000
76573  -48.265  49.914  6.348 0.0000000000
74742  -48.888  46.489  6.217 0.0000000000
74355  -48.696  45.373  5.901 0.0000000000
73912  -48.697  44.141  5.993 0.0000000000
75095  -50.109  47.338  25.310 0.0000000000
81799  -43.192  65.065  16.461 0.0000000000
78839  -45.654  56.172  6.112 0.0000000000
78482  -45.673  55.150  4.679 0.0000000000
78847  -45.503  56.286  5.089 0.0000000000
77263  -48.472  52.634  19.710 0.0000000000
77261  -48.691  52.230  19.977 0.0000000000
80149  -45.625  60.297  17.264 0.0000000000
78761  -46.690  56.736  15.754 0.0000000000
76519  -49.147  50.327  10.311 0.0000000000
76515  -49.649  50.303  10.878 0.0000000000
76512  -50.050  50.258  11.777 0.0000000000
76509  -50.006  50.204  12.787 0.0000000000
76506  -49.810  50.191  13.793 0.0000000000
75598  -50.074  48.106  12.925 0.0000000000
74717  -50.236  46.433  12.567 0.0000000000
74318  -50.358  45.545  12.917 0.0000000000
72790  -49.875  42.533  10.306 0.0000000000
78784  -46.479  56.300  11.777 0.0000000000
78079  -48.941  54.231  9.258 0.0000000000
78071  -49.122  54.171  10.221 0.0000000000
76562  -48.515  50.011  6.881 0.0000000000
77336  -48.087  51.676  7.627 0.0000000000
76555  -48.495  50.207  7.521 0.0000000000
76084  -48.682  49.523  7.858 0.0000000000
76544  -48.530  50.380  8.341 0.0000000000
76530  -48.722  50.718  9.126 0.0000000000
76531  -48.694  50.022  8.910 0.0000000000
76073  -48.758  50.140  9.394 0.0000000000
75613  -49.323  48.278  8.818 0.0000000000
74728  -49.623  46.452  8.960 0.0000000000
73411  -49.125  43.543  8.013 0.0000000000
72225  -48.841  41.576  7.909 0.0000000000
72829  -48.568  42.860  6.570 0.0000000000
72231  -47.801  41.205  6.964 0.0000000000
74672  -51.177  46.170  24.076 0.0000000000
74246  -50.643  45.697  21.859 0.0000000000
74254  -50.863  45.196  21.560 0.0000000000
74261  -50.578  45.548  20.049 0.0000000000
74268  -50.681  45.932  19.407 0.0000000000
74689  -50.853  46.336  18.984 0.0000000000
81432  -43.354  63.765  19.941 0.0000000000
81079  -43.171  63.236  20.400 0.0000000000
81080  -43.603  63.234  19.781 0.0000000000
80756  -43.999  62.596  19.782 0.0000000000
81082  -44.012  63.252  19.202 0.0000000000
81445  -43.446  64.525  17.963 0.0000000000
81087  -44.441  63.469  17.578 0.0000000000
81085  -44.635  62.987  18.137 0.0000000000
80761  -44.571  62.786  18.573 0.0000000000
80764  -44.917  62.149  17.528 0.0000000000
80155  -45.531  60.462  15.142 0.0000000000
79838  -45.610  60.136  14.713 0.0000000000
80167  -45.662  59.917  12.317 0.0000000000
80162  -45.701  60.739  13.232 0.0000000000
80163  -45.975  60.054  13.131 0.0000000000
79844  -45.760  59.252  13.010 0.0000000000
79514  -45.284  58.058  12.472 0.0000000000
79515  -45.459  58.410  11.769 0.0000000000
79168  -46.360  57.210  9.886 0.0000000000
79161  -46.199  57.467  10.571 0.0000000000
78795  -46.947  56.506  9.646 0.0000000000
78808  -47.586  55.887  9.229 0.0000000000
78820  -47.484  55.784  8.406 0.0000000000
79554  -46.228  57.668  8.555 0.0000000000
78102  -46.570  53.889  6.375 0.0000000000
78452  -47.094  55.221  7.443 0.0000000000
78094  -47.324  53.927  6.964 0.0000000000
77344  -46.921  52.103  6.683 0.0000000000
76949  -46.833  51.491  6.233 0.0000000000
76138  -46.936  49.556  4.876 0.0000000000
75197  -47.105  47.723  4.375 0.0000000000
75215  -45.779  47.739  3.690 0.0000000000
76464  -48.481  50.152  24.515 0.0000000000
76018  -47.877  49.781  23.433 0.0000000000
76478  -48.330  50.867  21.395 0.0000000000
75572  -50.206  48.304  20.027 0.0000000000
75113  -50.760  47.625  18.762 0.0000000000
75118  -51.252  47.122  17.720 0.0000000000
78381  -47.349  55.724  19.089 0.0000000000
78778  -47.040  55.859  13.191 0.0000000000
78397  -47.735  55.727  14.258 0.0000000000
78774  -47.746  55.992  14.805 0.0000000000
77684  -49.709  53.050  12.402 0.0000000000
77681  -49.862  53.127  13.341 0.0000000000
78045  -49.477  54.160  14.488 0.0000000000
78392  -48.609  55.447  15.771 0.0000000000
78759  -47.871  55.754  17.429 0.0000000000
78038  -49.060  54.141  17.149 0.0000000000
78034  -48.228  54.450  18.277 0.0000000000
78035  -48.710  53.908  17.990 0.0000000000
77667  -49.175  53.231  17.747 0.0000000000
77269  -49.697  52.031  17.041 0.0000000000
77268  -49.505  52.390  17.463 0.0000000000
76884  -49.832  51.284  17.201 0.0000000000
76055  -50.057  49.290  15.430 0.0000000000
74706  -50.807  46.314  15.428 0.0000000000
74702  -51.305  46.265  16.421 0.0000000000
74288  -51.384  45.341  15.961 0.0000000000
73329  -51.422  43.515  14.986 0.0000000000
72771  -50.952  42.316  12.922 0.0000000000
70984  -50.981  39.485  12.711 0.0000000000
71589  -50.633  39.989  12.305 0.0000000000
69443  -49.269  36.589  11.959 0.0000000000
72797  -49.699  42.636  9.452 0.0000000000
71614  -49.023  41.143  9.820 0.0000000000
71615  -49.246  41.192  10.468 0.0000000000
70452  -46.072  38.487  9.959 0.0000000000
68962  -48.059  35.839  10.833 0.0000000000
68951  -48.274  35.493  11.772 0.0000000000
73783  -51.119  44.273  18.551 0.0000000000
73792  -51.709  43.560  17.017 0.0000000000
75671  -47.975  48.657  5.430 0.0000000000
75183  -48.082  47.731  5.340 0.0000000000
74753  -47.856  47.114  5.157 0.0000000000
74740  -47.813  46.096  5.239 0.0000000000
74354  -48.053  45.497  5.379 0.0000000000
73430  -47.908  43.800  5.329 0.0000000000
77662  -48.375  52.885  19.209 0.0000000000
80156  -45.921  59.929  15.895 0.0000000000
79836  -45.867  59.140  16.292 0.0000000000
75607  -49.586  48.389  9.787 0.0000000000
75601  -50.168  48.319  11.786 0.0000000000
74719  -50.181  46.502  11.741 0.0000000000
74334  -50.175  45.585  11.419 0.0000000000
78420  -48.062  55.332  10.542 0.0000000000
78446  -48.535  54.839  9.244 0.0000000000
78086  -48.932  54.185  8.590 0.0000000000
75166  -49.106  47.614  6.436 0.0000000000
75621  -49.152  48.606  7.373 0.0000000000
75622  -49.168  48.240  7.894 0.0000000000
76085  -48.830  48.899  8.312 0.0000000000
74731  -49.657  46.470  7.893 0.0000000000
74347  -49.533  45.260  7.855 0.0000000000
74241  -51.443  45.292  23.873 0.0000000000
75102  -49.767  47.065  23.699 0.0000000000
81437  -43.184  64.341  19.655 0.0000000000
81092  -44.865  62.873  16.658 0.0000000000
80772  -44.904  62.013  14.663 0.0000000000
79517  -45.858  58.445  10.845 0.0000000000
79518  -46.051  58.108  10.446 0.0000000000
79527  -46.142  57.986  9.997 0.0000000000
78840  -45.956  55.698  6.834 0.0000000000
78829  -46.503  55.857  7.440 0.0000000000
77740  -46.381  53.015  6.173 0.0000000000
77351  -46.310  52.068  6.020 0.0000000000
76150  -46.412  49.536  4.204 0.0000000000
76586  -45.818  50.389  4.027 0.0000000000
77650  -46.888  52.995  23.463 0.0000000000
77647  -46.613  52.769  24.386 0.0000000000
77248  -47.722  51.442  24.359 0.0000000000
76463  -48.091  50.487  24.136 0.0000000000
76022  -47.790  50.010  22.551 0.0000000000
76479  -48.871  50.567  20.710 0.0000000000
75579  -50.722  48.381  18.072 0.0000000000
78408  -48.213  55.348  12.456 0.0000000000
78409  -48.774  54.737  12.879 0.0000000000
77682  -50.061  52.525  13.043 0.0000000000
78042  -49.433  54.170  15.465 0.0000000000
78389  -49.035  54.545  16.583 0.0000000000
77273  -49.914  52.120  16.374 0.0000000000
75594  -49.806  48.233  14.035 0.0000000000
75125  -50.416  47.380  15.397 0.0000000000
73848  -50.790  44.330  13.949 0.0000000000
72781  -49.732  41.797  11.692 0.0000000000
72770  -50.356  42.446  12.453 0.0000000000
72769  -49.798  41.869  12.048 0.0000000000
70993  -50.027  39.861  12.048 0.0000000000
70438  -49.370  38.794  11.770 0.0000000000
72216  -49.470  41.522  9.002 0.0000000000
72217  -49.740  42.180  9.092 0.0000000000
71602  -47.875  40.669  10.306 0.0000000000
69943  -46.588  37.052  9.398 0.0000000000
69461  -46.761  36.517  9.438 0.0000000000
69462  -47.148  36.536  9.586 0.0000000000
68971  -47.827  36.102  10.314 0.0000000000
68480  -47.179  35.147  10.720 0.0000000000
68470  -47.085  34.894  10.997 0.0000000000
68469  -46.561  34.802  11.290 0.0000000000
73238  -51.159  43.509  20.224 0.0000000000
77335  -47.714  52.208  7.293 0.0000000000
77326  -48.303  52.827  7.564 0.0000000000
76951  -48.043  50.383  6.717 0.0000000000
75656  -48.599  48.386  5.826 0.0000000000
75657  -49.026  48.596  6.335 0.0000000000
73913  -48.989  44.478  6.415 0.0000000000
72845  -48.313  42.821  5.972 0.0000000000
72245  -48.233  42.320  6.140 0.0000000000
72244  -47.824  41.511  6.007 0.0000000000
74668  -50.532  46.883  24.951 0.0000000000
75552  -49.548  47.953  24.854 0.0000000000
75565  -49.168  47.745  21.919 0.0000000000
81796  -42.914  65.140  17.280 0.0000000000
81453  -43.688  64.524  16.254 0.0000000000
79875  -45.620  59.174  9.611 0.0000000000
78828  -46.020  56.580  6.882 0.0000000000
78483  -45.827  54.607  5.335 0.0000000000
77748  -45.601  52.964  4.791 0.0000000000
78109  -45.815  54.263  4.941 0.0000000000
78118  -45.641  54.098  4.309 0.0000000000
76872  -48.690  52.047  20.352 0.0000000000
77310  -49.511  51.799  10.320 0.0000000000
77295  -49.611  51.905  10.811 0.0000000000
77289  -49.937  52.165  11.791 0.0000000000
77285  -50.075  51.879  12.707 0.0000000000
77282  -50.099  51.859  13.573 0.0000000000
76891  -49.865  51.097  14.166 0.0000000000
72782  -49.898  42.360  11.402 0.0000000000
71008  -45.827  39.072  10.199 0.0000000000
70451  -45.488  38.006  9.589 0.0000000000
69460  -46.076  36.600  9.137 0.0000000000
68984  -45.422  35.545  9.173 0.0000000000
68493  -45.155  35.025  9.920 0.0000000000
68477  -44.683  34.890  10.621 0.0000000000
79148  -45.181  57.454  13.391 0.0000000000
79149  -45.453  57.178  13.989 0.0000000000
78777  -45.854  56.167  12.895 0.0000000000
78785  -47.519  55.741  12.167 0.0000000000
78411  -48.122  55.326  11.505 0.0000000000
77327  -48.566  52.320  7.990 0.0000000000
77319  -48.886  52.426  9.119 0.0000000000
77309  -49.431  52.357  10.109 0.0000000000
76902  -49.052  51.165  9.955 0.0000000000
76069  -48.883  49.947  9.878 0.0000000000
73396  -49.239  43.400  8.847 0.0000000000
73412  -49.056  43.973  8.323 0.0000000000
73395  -49.186  43.154  8.456 0.0000000000
71622  -48.014  40.458  8.789 0.0000000000
72830  -48.812  42.865  7.108 0.0000000000
72233  -48.691  42.374  7.222 0.0000000000
72224  -48.104  41.208  7.438 0.0000000000
71631  -48.189  40.825  8.015 0.0000000000
73770  -51.198  44.517  21.609 0.0000000000
73776  -50.875  44.556  20.535 0.0000000000
74262  -50.711  44.928  19.788 0.0000000000
81442  -43.818  63.899  18.596 0.0000000000
80461  -45.174  61.251  17.419 0.0000000000
80766  -44.916  62.045  16.557 0.0000000000
79842  -45.653  59.396  14.005 0.0000000000
81099  -44.506  63.414  14.904 0.0000000000
80468  -45.271  61.364  14.399 0.0000000000
80158  -45.554  60.612  14.147 0.0000000000
79152  -45.041  57.512  12.694 0.0000000000
78783  -45.529  56.742  12.058 0.0000000000
79157  -46.268  56.922  11.053 0.0000000000
79541  -46.107  57.793  9.328 0.0000000000
79179  -46.518  57.089  9.140 0.0000000000
78819  -46.833  56.281  8.118 0.0000000000
78095  -47.918  54.328  7.375 0.0000000000
77345  -47.328  51.607  6.917 0.0000000000
76950  -47.475  50.932  6.467 0.0000000000
76957  -46.786  51.088  5.702 0.0000000000
76580  -47.248  50.040  5.608 0.0000000000
76139  -47.514  49.218  5.364 0.0000000000
76019  -48.362  49.351  24.003 0.0000000000
76027  -48.422  49.656  21.645 0.0000000000
75111  -50.888  46.981  19.144 0.0000000000
78378  -47.217  55.121  19.782 0.0000000000
78379  -47.656  54.655  19.397 0.0000000000
79145  -45.861  57.382  14.548 0.0000000000
78766  -46.627  56.814  14.877 0.0000000000
78403  -47.501  55.776  13.836 0.0000000000
78762  -47.378  56.362  16.094 0.0000000000
78405  -48.829  54.765  13.997 0.0000000000
78385  -48.150  55.119  17.825 0.0000000000
78031  -47.861  54.096  19.039 0.0000000000
77664  -48.132  53.362  18.934 0.0000000000
77266  -49.209  52.348  18.374 0.0000000000
76879  -49.618  51.454  18.054 0.0000000000
76493  -49.843  50.825  18.178 0.0000000000
76494  -50.126  50.348  17.949 0.0000000000
76497  -50.182  50.339  16.821 0.0000000000
75580  -50.960  47.831  17.613 0.0000000000
75588  -51.024  47.745  16.627 0.0000000000
75584  -51.107  47.651  17.173 0.0000000000
73821  -51.773  43.977  16.100 0.0000000000
73312  -51.563  43.688  15.486 0.0000000000
72756  -51.652  42.083  14.180 0.0000000000
73341  -50.737  43.912  13.326 0.0000000000
73353  -50.884  42.850  13.087 0.0000000000
72168  -51.477  41.136  13.364 0.0000000000
71573  -51.511  40.433  13.345 0.0000000000
70440  -50.184  39.196  12.426 0.0000000000
69923  -50.085  38.725  12.509 0.0000000000
70467  -46.889  39.539  10.034 0.0000000000
71010  -48.563  39.927  10.941 0.0000000000
71011  -49.254  39.867  11.379 0.0000000000
69920  -48.738  37.448  11.312 0.0000000000
68960  -47.209  34.820  11.388 0.0000000000
68986  -47.103  36.199  9.652 0.0000000000
69944  -47.059  36.874  9.508 0.0000000000
71033  -47.597  40.140  9.151 0.0000000000
72178  -49.906  41.559  12.090 0.0000000000
72191  -49.803  41.549  11.886 0.0000000000
72223  -47.832  41.055  7.322 0.0000000000
75636  -49.263  48.212  7.406 0.0000000000
76100  -48.907  48.876  7.642 0.0000000000
76518  -48.903  50.734  9.831 0.0000000000
76854  -48.294  50.654  24.515 0.0000000000
76917  -49.387  51.716  10.076 0.0000000000
76965  -46.157  51.142  5.048 0.0000000000
77334  -47.238  52.636  6.969 0.0000000000
78435  -48.096  55.334  9.633 0.0000000000
78462  -45.863  55.268  6.324 0.0000000000
78771  -45.410  56.654  13.527 0.0000000000
78782  -45.002  57.063  12.261 0.0000000000
78830  -47.169  55.657  7.830 0.0000000000
79133  -46.065  56.944  17.560 0.0000000000
79155  -45.268  57.561  12.010 0.0000000000
79507  -45.266  57.905  13.447 0.0000000000
79510  -45.226  57.996  13.108 0.0000000000
79565  -46.284  57.473  8.060 0.0000000000
