#!ascii label  , from subject TEMPLATE vox2ras=TkReg
770
41904  -38.623  -5.209  56.551 0.0000000000
40022  -27.051  -8.741  62.325 0.0000000000
41274  -32.512  -6.484  59.883 0.0000000000
56601  -50.140  15.351  44.260 0.0000000000
57954  -53.598  17.305  38.435 0.0000000000
39380  -22.546  -9.732  65.642 0.0000000000
55909  -47.533  13.624  46.674 0.0000000000
43139  -40.788  -3.454  55.363 0.0000000000
41883  -35.213  -5.602  58.404 0.0000000000
38766  -22.411  -10.760  61.019 0.0000000000
36935  -24.451  -13.653  63.216 0.0000000000
44298  -37.307  -1.397  57.927 0.0000000000
45655  -38.955  0.908  56.258 0.0000000000
40639  -30.053  -7.546  60.849 0.0000000000
43718  -33.528  -2.485  59.001 0.0000000000
50028  -46.894  6.501  50.575 0.0000000000
51537  -48.370  8.392  47.854 0.0000000000
52308  -49.993  9.981  44.898 0.0000000000
35735  -17.458  -15.452  64.081 0.0000000000
33933  -11.609  -18.879  65.601 0.0000000000
47049  -40.413  2.490  55.260 0.0000000000
47786  -41.849  3.757  53.627 0.0000000000
49272  -45.196  5.406  51.758 0.0000000000
36341  -21.584  -14.472  63.974 0.0000000000
38119  -27.285  -11.918  62.773 0.0000000000
38750  -28.809  -10.914  62.545 0.0000000000
41890  -37.069  -5.530  57.872 0.0000000000
41250  -25.386  -7.043  61.403 0.0000000000
39415  -25.349  -9.939  61.621 0.0000000000
38126  -25.536  -12.310  62.020 0.0000000000
45636  -35.640  0.523  58.388 0.0000000000
44296  -35.503  -1.527  58.716 0.0000000000
52292  -47.735  9.221  50.978 0.0000000000
50764  -48.189  7.397  49.240 0.0000000000
52296  -48.537  9.388  49.373 0.0000000000
53821  -49.384  11.712  46.192 0.0000000000
55221  -50.426  12.918  45.701 0.0000000000
53829  -51.894  11.412  44.125 0.0000000000
55929  -51.455  13.928  43.356 0.0000000000
55935  -52.425  14.526  42.332 0.0000000000
47768  -39.319  3.389  56.913 0.0000000000
45656  -39.740  0.750  55.703 0.0000000000
48501  -40.181  3.979  56.412 0.0000000000
49253  -42.408  5.240  55.348 0.0000000000
50009  -43.654  6.198  54.627 0.0000000000
48531  -43.297  4.943  52.265 0.0000000000
50014  -44.802  6.485  53.761 0.0000000000
50753  -46.201  7.307  52.623 0.0000000000
40643  -31.314  -7.547  60.225 0.0000000000
37495  -20.804  -12.653  65.572 0.0000000000
37497  -22.319  -12.397  65.111 0.0000000000
31165  -9.508  -23.592  66.078 0.0000000000
30668  -6.626  -24.628  66.320 0.0000000000
54508  -48.461  12.314  48.999 0.0000000000
44312  -41.501  -1.655  54.193 0.0000000000
41887  -33.899  -5.986  58.621 0.0000000000
38726  -21.689  -10.432  63.663 0.0000000000
38723  -24.125  -11.447  64.761 0.0000000000
38730  -24.975  -11.428  63.818 0.0000000000
57971  -53.988  17.364  35.546 0.0000000000
43132  -37.716  -3.072  57.509 0.0000000000
43736  -38.526  -1.970  56.795 0.0000000000
44953  -38.135  -0.746  57.135 0.0000000000
41252  -27.175  -7.559  61.036 0.0000000000
40637  -28.287  -8.079  61.543 0.0000000000
41862  -28.574  -5.795  59.808 0.0000000000
41871  -30.111  -5.660  59.941 0.0000000000
42502  -31.344  -4.611  60.134 0.0000000000
43713  -31.838  -2.470  59.548 0.0000000000
42504  -33.221  -4.615  59.557 0.0000000000
43123  -34.787  -3.500  58.765 0.0000000000
43128  -36.400  -3.474  58.320 0.0000000000
48542  -46.620  4.605  50.489 0.0000000000
53817  -48.520  11.435  47.462 0.0000000000
52306  -48.387  9.352  45.489 0.0000000000
56617  -53.314  15.299  40.414 0.0000000000
35130  -14.248  -16.538  64.366 0.0000000000
32224  -12.055  -20.766  67.651 0.0000000000
44306  -39.278  -1.175  55.759 0.0000000000
44961  -40.715  -0.407  54.941 0.0000000000
45662  -41.566  0.769  53.715 0.0000000000
48508  -41.479  4.465  55.763 0.0000000000
47780  -41.167  3.056  54.400 0.0000000000
46349  -42.465  1.826  53.328 0.0000000000
46356  -43.328  2.034  52.382 0.0000000000
47797  -44.185  3.439  51.500 0.0000000000
48534  -45.644  4.462  51.296 0.0000000000
50023  -46.428  6.148  51.577 0.0000000000
51524  -47.037  8.232  51.777 0.0000000000
39406  -30.060  -10.204  61.938 0.0000000000
36916  -18.648  -13.282  65.841 0.0000000000
36347  -19.290  -14.705  63.435 0.0000000000
36933  -22.928  -13.798  64.063 0.0000000000
29055  -3.384  -26.993  65.815 0.0000000000
38748  -26.765  -10.710  62.114 0.0000000000
38740  -27.975  -11.350  62.713 0.0000000000
39403  -27.394  -9.688  62.570 0.0000000000
41891  -37.606  -5.204  57.534 0.0000000000
40021  -26.170  -8.663  62.255 0.0000000000
40020  -25.263  -8.555  62.251 0.0000000000
39402  -26.484  -9.598  62.384 0.0000000000
38759  -26.384  -10.833  61.187 0.0000000000
53070  -47.657  10.340  50.808 0.0000000000
52294  -48.219  9.360  50.279 0.0000000000
53072  -48.384  10.375  49.868 0.0000000000
55920  -49.353  14.639  44.972 0.0000000000
55220  -49.990  13.414  45.941 0.0000000000
55921  -50.199  14.411  44.999 0.0000000000
55227  -50.679  13.288  44.325 0.0000000000
56602  -50.960  15.026  44.327 0.0000000000
55931  -51.638  14.572  43.503 0.0000000000
47769  -39.847  3.330  56.440 0.0000000000
50743  -43.449  7.295  54.844 0.0000000000
50013  -44.259  6.302  54.194 0.0000000000
50748  -44.450  7.367  53.971 0.0000000000
51515  -44.658  8.266  53.294 0.0000000000
41273  -31.637  -6.533  60.058 0.0000000000
40039  -32.045  -8.453  60.335 0.0000000000
40644  -32.280  -7.446  60.170 0.0000000000
38102  -22.521  -11.199  65.983 0.0000000000
38719  -22.935  -10.689  65.755 0.0000000000
57297  -53.821  16.506  38.615 0.0000000000
30679  -8.254  -24.371  65.839 0.0000000000
42534  -40.348  -4.379  55.806 0.0000000000
43743  -41.103  -2.558  54.738 0.0000000000
41284  -34.577  -6.467  58.519 0.0000000000
40651  -35.256  -7.518  58.633 0.0000000000
40031  -23.370  -9.194  61.861 0.0000000000
40029  -21.675  -9.097  61.868 0.0000000000
40016  -21.357  -8.700  62.485 0.0000000000
38745  -21.446  -10.758  61.671 0.0000000000
38737  -23.141  -11.125  63.504 0.0000000000
37522  -22.580  -12.285  61.531 0.0000000000
37508  -26.213  -12.691  62.881 0.0000000000
43726  -37.058  -2.437  57.953 0.0000000000
43731  -37.930  -2.325  57.391 0.0000000000
44940  -37.536  -0.840  57.753 0.0000000000
41861  -27.473  -5.773  59.966 0.0000000000
41264  -28.044  -7.089  60.581 0.0000000000
42500  -29.787  -4.637  59.916 0.0000000000
42501  -30.508  -4.714  60.038 0.0000000000
41872  -31.042  -5.606  60.070 0.0000000000
44293  -32.818  -0.808  58.392 0.0000000000
43717  -32.746  -2.405  59.171 0.0000000000
43116  -32.768  -3.490  59.516 0.0000000000
43121  -33.175  -2.950  59.167 0.0000000000
42510  -33.996  -4.438  58.967 0.0000000000
43719  -34.354  -2.649  58.898 0.0000000000
44297  -36.525  -1.479  58.318 0.0000000000
43725  -35.991  -2.530  58.725 0.0000000000
43129  -37.304  -3.587  57.767 0.0000000000
49280  -46.627  5.488  50.421 0.0000000000
48544  -47.103  4.637  49.744 0.0000000000
49283  -46.698  5.715  49.777 0.0000000000
50767  -48.311  7.422  48.249 0.0000000000
50034  -47.987  6.500  48.480 0.0000000000
54510  -48.514  12.408  48.043 0.0000000000
53815  -48.606  11.393  48.444 0.0000000000
54512  -48.467  12.422  47.126 0.0000000000
53081  -49.987  11.060  46.118 0.0000000000
53080  -49.190  10.874  46.230 0.0000000000
52307  -49.107  9.837  45.101 0.0000000000
51546  -48.162  8.513  44.723 0.0000000000
56614  -52.649  15.258  41.449 0.0000000000
57286  -52.755  15.996  40.724 0.0000000000
57289  -53.142  16.445  40.149 0.0000000000
35728  -17.226  -15.152  65.008 0.0000000000
35120  -15.563  -15.649  65.391 0.0000000000
35125  -15.781  -16.091  64.753 0.0000000000
33368  -13.415  -19.919  66.414 0.0000000000
31157  -11.039  -23.374  67.303 0.0000000000
44959  -38.771  -0.765  56.249 0.0000000000
43737  -39.075  -2.282  56.418 0.0000000000
44955  -39.178  -0.083  55.861 0.0000000000
46343  -40.130  1.570  55.477 0.0000000000
45659  -40.535  0.602  55.276 0.0000000000
46345  -40.810  1.478  54.909 0.0000000000
45660  -41.212  0.555  54.668 0.0000000000
46346  -41.530  1.515  54.378 0.0000000000
49252  -41.931  5.280  55.858 0.0000000000
48515  -42.704  4.741  54.506 0.0000000000
48514  -42.304  4.505  54.773 0.0000000000
47782  -41.710  3.212  53.833 0.0000000000
47056  -42.295  2.128  53.811 0.0000000000
47057  -42.094  2.531  53.410 0.0000000000
46355  -42.977  1.790  52.666 0.0000000000
47060  -41.968  3.081  52.906 0.0000000000
49271  -44.364  5.425  52.167 0.0000000000
47802  -43.721  4.268  51.459 0.0000000000
49278  -44.732  4.889  51.487 0.0000000000
47798  -45.337  3.519  51.546 0.0000000000
49273  -46.009  5.317  51.447 0.0000000000
50022  -46.033  5.868  52.034 0.0000000000
52288  -46.329  9.174  52.712 0.0000000000
51523  -46.440  8.247  52.309 0.0000000000
52289  -46.954  9.104  52.231 0.0000000000
40638  -29.098  -7.679  61.217 0.0000000000
40034  -29.077  -8.690  61.748 0.0000000000
40035  -29.820  -8.527  61.380 0.0000000000
36335  -20.955  -13.901  64.241 0.0000000000
36334  -20.205  -13.890  64.314 0.0000000000
36349  -20.129  -14.834  63.375 0.0000000000
37503  -24.416  -12.761  64.002 0.0000000000
36929  -23.262  -13.145  64.302 0.0000000000
36934  -23.688  -13.572  63.808 0.0000000000
37509  -26.997  -12.636  62.859 0.0000000000
37510  -27.815  -12.661  62.767 0.0000000000
38741  -28.436  -11.522  62.572 0.0000000000
38129  -28.785  -11.896  62.316 0.0000000000
41889  -36.409  -5.619  58.100 0.0000000000
41285  -35.639  -6.519  58.129 0.0000000000
40629  -24.838  -7.614  62.238 0.0000000000
40019  -24.144  -8.585  62.310 0.0000000000
38756  -24.254  -10.291  60.928 0.0000000000
37538  -24.311  -11.919  60.881 0.0000000000
38146  -26.290  -11.373  60.512 0.0000000000
38127  -26.489  -11.670  62.109 0.0000000000
44938  -36.034  -0.472  58.308 0.0000000000
44939  -36.983  -0.502  57.864 0.0000000000
44294  -33.654  -1.007  58.495 0.0000000000
44288  -34.831  -2.008  58.779 0.0000000000
51527  -47.532  8.284  51.146 0.0000000000
50760  -47.481  7.438  50.447 0.0000000000
51528  -47.992  8.392  50.507 0.0000000000
51531  -48.348  8.419  49.752 0.0000000000
52298  -48.499  9.402  48.398 0.0000000000
54515  -48.874  12.444  46.434 0.0000000000
55219  -49.010  13.275  46.171 0.0000000000
54516  -49.636  12.527  46.179 0.0000000000
53823  -50.745  11.701  45.960 0.0000000000
53089  -51.438  11.023  45.188 0.0000000000
54521  -51.118  12.445  44.861 0.0000000000
54524  -51.060  12.577  44.080 0.0000000000
55230  -51.667  13.173  42.975 0.0000000000
55932  -51.954  14.217  42.795 0.0000000000
56609  -52.074  15.353  42.500 0.0000000000
35133  -17.013  -16.448  63.956 0.0000000000
34545  -16.380  -17.284  64.177 0.0000000000
33946  -16.187  -18.492  65.183 0.0000000000
46337  -39.182  1.807  56.687 0.0000000000
47044  -39.526  2.533  56.566 0.0000000000
47048  -39.998  2.484  55.991 0.0000000000
47774  -40.450  3.326  56.009 0.0000000000
50004  -42.243  5.928  55.604 0.0000000000
50008  -42.959  6.103  55.279 0.0000000000
49257  -43.166  5.299  54.576 0.0000000000
48520  -42.634  4.650  53.737 0.0000000000
47790  -42.226  3.921  52.384 0.0000000000
49260  -43.596  5.390  53.854 0.0000000000
49261  -44.361  5.705  53.612 0.0000000000
50015  -45.292  6.466  53.292 0.0000000000
50018  -45.794  6.291  52.672 0.0000000000
50752  -45.661  7.276  53.170 0.0000000000
40642  -30.536  -7.284  60.280 0.0000000000
40036  -30.613  -8.592  61.024 0.0000000000
40038  -31.295  -8.580  60.552 0.0000000000
37496  -21.418  -12.600  65.254 0.0000000000
36927  -21.689  -13.331  64.535 0.0000000000
32784  -10.821  -20.271  67.455 0.0000000000
33932  -10.845  -18.914  65.660 0.0000000000
32225  -9.298  -21.370  67.007 0.0000000000
32248  -8.116  -22.170  65.628 0.0000000000
31176  -6.736  -23.700  65.446 0.0000000000
41275  -33.165  -6.465  59.330 0.0000000000
40645  -33.240  -7.373  59.934 0.0000000000
40005  -21.462  -9.039  63.727 0.0000000000
39389  -22.637  -10.252  64.514 0.0000000000
38722  -23.567  -10.963  65.046 0.0000000000
38728  -23.368  -10.772  64.289 0.0000000000
38729  -24.368  -11.297  64.249 0.0000000000
38110  -25.212  -12.023  63.918 0.0000000000
37516  -24.611  -12.355  61.771 0.0000000000
37505  -25.630  -12.524  63.275 0.0000000000
36936  -24.973  -13.566  62.968 0.0000000000
57968  -54.079  17.072  36.738 0.0000000000
42522  -37.994  -4.564  57.410 0.0000000000
43134  -38.919  -3.333  56.823 0.0000000000
43732  -38.568  -2.682  56.993 0.0000000000
44304  -38.273  -1.291  56.936 0.0000000000
44954  -38.534  -0.209  56.566 0.0000000000
44947  -37.745  -0.214  57.396 0.0000000000
44948  -38.166  0.325  56.998 0.0000000000
45647  -38.441  0.965  56.756 0.0000000000
47043  -39.049  2.604  57.055 0.0000000000
40631  -26.682  -7.998  61.767 0.0000000000
40023  -27.980  -8.878  62.120 0.0000000000
41253  -27.752  -7.661  61.252 0.0000000000
41265  -29.185  -6.827  60.371 0.0000000000
41863  -29.430  -6.104  59.841 0.0000000000
41266  -29.998  -6.665  60.190 0.0000000000
41272  -30.759  -6.550  60.077 0.0000000000
41873  -31.959  -5.564  60.062 0.0000000000
43115  -31.655  -3.533  60.036 0.0000000000
42503  -32.348  -4.565  60.031 0.0000000000
41874  -32.789  -5.552  59.657 0.0000000000
41881  -33.542  -5.574  59.011 0.0000000000
41882  -34.336  -5.523  58.640 0.0000000000
42511  -35.045  -4.495  58.508 0.0000000000
43720  -35.213  -2.641  58.900 0.0000000000
43127  -35.555  -3.454  58.639 0.0000000000
42519  -35.800  -4.168  58.424 0.0000000000
42520  -36.598  -4.654  58.242 0.0000000000
42521  -37.410  -4.604  57.786 0.0000000000
41251  -26.233  -7.466  60.990 0.0000000000
50031  -47.412  6.650  49.026 0.0000000000
53813  -48.407  11.322  49.332 0.0000000000
53076  -48.520  10.406  47.886 0.0000000000
52300  -48.363  9.372  47.359 0.0000000000
53820  -48.745  11.544  46.642 0.0000000000
53079  -48.483  10.389  46.700 0.0000000000
51540  -48.129  8.347  46.862 0.0000000000
51543  -47.908  8.245  45.749 0.0000000000
56622  -53.770  15.248  39.491 0.0000000000
57291  -53.596  16.431  39.324 0.0000000000
35119  -14.747  -15.473  65.579 0.0000000000
34534  -13.187  -17.474  64.917 0.0000000000
33944  -14.316  -18.607  64.832 0.0000000000
33935  -12.985  -19.057  65.289 0.0000000000
33362  -11.847  -20.125  67.448 0.0000000000
32222  -10.876  -21.301  68.306 0.0000000000
43137  -39.522  -3.243  56.414 0.0000000000
43738  -39.780  -2.318  55.821 0.0000000000
43739  -40.503  -2.422  55.320 0.0000000000
44956  -39.937  -0.259  55.400 0.0000000000
44307  -40.129  -1.360  55.202 0.0000000000
44311  -40.871  -1.491  54.740 0.0000000000
44962  -41.271  -0.506  54.262 0.0000000000
44965  -41.711  -0.802  53.344 0.0000000000
48507  -40.795  4.334  56.247 0.0000000000
47775  -41.010  3.513  55.216 0.0000000000
48509  -41.943  4.505  55.293 0.0000000000
47776  -41.533  4.047  55.204 0.0000000000
47052  -40.958  2.378  54.549 0.0000000000
47791  -43.087  2.959  51.616 0.0000000000
47792  -43.787  2.712  51.685 0.0000000000
48541  -46.258  4.551  50.993 0.0000000000
49279  -46.493  5.349  51.032 0.0000000000
50024  -46.816  6.642  51.301 0.0000000000
50019  -46.241  6.567  52.188 0.0000000000
50756  -46.618  7.224  51.874 0.0000000000
50757  -47.155  7.360  51.249 0.0000000000
52291  -47.399  9.129  51.632 0.0000000000
53066  -47.624  9.736  51.381 0.0000000000
39404  -28.381  -9.760  62.562 0.0000000000
39405  -29.410  -9.730  62.162 0.0000000000
39417  -30.284  -9.628  61.461 0.0000000000
35729  -17.831  -14.825  64.572 0.0000000000
36917  -19.662  -13.092  65.763 0.0000000000
36332  -18.463  -14.119  64.777 0.0000000000
35745  -18.073  -15.466  63.695 0.0000000000
35144  -18.345  -15.941  63.548 0.0000000000
38105  -23.042  -11.624  65.445 0.0000000000
36928  -22.622  -13.132  64.467 0.0000000000
36932  -22.257  -13.833  64.129 0.0000000000
29037  -3.903  -27.591  67.171 0.0000000000
30655  -4.882  -25.567  66.641 0.0000000000
30676  -5.145  -24.539  65.725 0.0000000000
41898  -38.093  -5.523  57.074 0.0000000000
53811  -47.982  11.361  50.115 0.0000000000
56596  -49.834  14.867  44.717 0.0000000000
55927  -50.664  14.641  44.525 0.0000000000
50744  -43.938  7.696  54.347 0.0000000000
57955  -53.856  16.703  38.234 0.0000000000
57964  -53.957  16.856  37.699 0.0000000000
39412  -22.855  -9.892  61.490 0.0000000000
40030  -22.436  -9.107  61.749 0.0000000000
39411  -21.896  -9.950  61.543 0.0000000000
88309  -21.819  -10.482  61.312 0.0000000000
88306  -21.847  -11.377  61.337 0.0000000000
88308  -22.477  -11.425  60.788 0.0000000000
43727  -37.543  -1.849  57.695 0.0000000000
43109  -30.192  -3.094  60.299 0.0000000000
43113  -30.145  -4.138  60.134 0.0000000000
43114  -30.614  -3.628  60.249 0.0000000000
44286  -33.139  -1.655  58.820 0.0000000000
43122  -33.715  -3.364  59.083 0.0000000000
50770  -48.162  7.425  47.298 0.0000000000
55215  -47.968  13.454  47.600 0.0000000000
53087  -49.656  10.432  45.626 0.0000000000
35727  -16.394  -15.616  65.262 0.0000000000
35734  -16.621  -15.857  64.476 0.0000000000
44960  -38.933  -0.695  56.061 0.0000000000
48519  -42.315  4.338  54.214 0.0000000000
47785  -42.032  4.069  54.293 0.0000000000
49277  -44.459  5.116  51.631 0.0000000000
36340  -20.488  -14.645  63.553 0.0000000000
35737  -20.269  -15.656  63.718 0.0000000000
35738  -21.088  -15.579  63.860 0.0000000000
34528  -12.358  -17.913  65.834 0.0000000000
39401  -25.656  -9.421  62.232 0.0000000000
39400  -24.855  -9.294  62.012 0.0000000000
40032  -24.147  -9.348  61.839 0.0000000000
39414  -24.602  -9.783  61.406 0.0000000000
38757  -25.139  -10.272  60.918 0.0000000000
38758  -25.860  -10.434  61.097 0.0000000000
45637  -36.417  0.480  57.913 0.0000000000
44295  -34.546  -1.173  58.635 0.0000000000
51534  -48.445  8.400  48.837 0.0000000000
54517  -50.315  12.467  45.938 0.0000000000
53822  -50.082  11.783  45.965 0.0000000000
54518  -50.776  12.427  45.573 0.0000000000
53826  -51.232  11.632  45.445 0.0000000000
55928  -51.100  14.280  44.029 0.0000000000
55228  -50.994  13.243  43.520 0.0000000000
56605  -51.256  15.462  43.616 0.0000000000
56606  -51.938  14.938  43.246 0.0000000000
49262  -44.891  5.883  53.373 0.0000000000
50749  -45.044  7.321  53.490 0.0000000000
51516  -45.129  8.576  52.950 0.0000000000
40640  -30.770  -7.891  60.610 0.0000000000
38104  -22.307  -11.696  65.639 0.0000000000
37492  -21.813  -12.014  65.596 0.0000000000
32226  -9.897  -21.661  67.650 0.0000000000
31694  -9.249  -22.803  66.404 0.0000000000
31163  -7.195  -24.389  66.021 0.0000000000
31708  -8.263  -23.059  65.515 0.0000000000
31162  -6.956  -24.192  65.814 0.0000000000
31707  -7.409  -22.809  65.113 0.0000000000
30678  -6.609  -24.235  65.808 0.0000000000
43142  -41.321  -3.595  54.744 0.0000000000
43744  -41.662  -2.710  54.131 0.0000000000
40649  -33.648  -7.130  59.305 0.0000000000
41283  -33.830  -6.504  58.789 0.0000000000
39394  -20.830  -9.528  62.737 0.0000000000
40011  -21.308  -8.783  63.398 0.0000000000
39387  -21.305  -9.571  63.643 0.0000000000
39388  -21.934  -9.933  64.280 0.0000000000
38727  -22.470  -10.638  63.946 0.0000000000
38116  -23.825  -11.597  63.033 0.0000000000
38738  -24.151  -11.125  63.649 0.0000000000
38739  -24.686  -11.308  63.750 0.0000000000
37525  -25.199  -12.268  61.165 0.0000000000
37507  -25.698  -13.012  62.941 0.0000000000
37504  -25.132  -13.004  63.300 0.0000000000
43133  -38.126  -3.508  57.306 0.0000000000
44301  -37.844  -1.242  57.521 0.0000000000
45645  -37.072  0.579  57.538 0.0000000000
44946  -37.212  -0.030  57.627 0.0000000000
46335  -37.881  1.990  57.278 0.0000000000
46336  -38.694  1.897  57.008 0.0000000000
40632  -27.499  -8.114  61.715 0.0000000000
41870  -29.355  -5.345  59.806 0.0000000000
44289  -35.283  -2.102  58.834 0.0000000000
43724  -35.541  -2.960  58.874 0.0000000000
43130  -37.716  -4.068  57.577 0.0000000000
41263  -26.840  -6.926  60.092 0.0000000000
47804  -46.498  4.047  50.653 0.0000000000
48545  -47.127  5.227  49.435 0.0000000000
50763  -47.596  7.214  49.697 0.0000000000
50030  -46.914  6.710  49.700 0.0000000000
53085  -48.502  9.789  46.105 0.0000000000
52303  -48.305  9.244  46.384 0.0000000000
50778  -47.953  7.458  44.778 0.0000000000
53827  -51.577  11.526  44.804 0.0000000000
55936  -52.943  14.303  41.914 0.0000000000
55942  -53.632  14.460  40.423 0.0000000000
56621  -53.451  15.861  39.849 0.0000000000
35124  -14.885  -15.944  64.814 0.0000000000
35123  -13.910  -15.916  65.106 0.0000000000
35122  -13.445  -16.525  65.347 0.0000000000
35129  -13.643  -16.727  64.747 0.0000000000
33945  -15.184  -18.644  65.233 0.0000000000
33955  -14.935  -18.032  64.370 0.0000000000
33937  -14.427  -19.140  65.504 0.0000000000
32786  -12.602  -20.353  67.008 0.0000000000
33379  -13.257  -19.534  65.985 0.0000000000
33367  -12.896  -19.911  66.597 0.0000000000
33378  -12.561  -19.468  66.082 0.0000000000
33366  -12.201  -19.919  67.039 0.0000000000
32779  -11.159  -20.570  68.142 0.0000000000
31684  -11.264  -21.662  68.112 0.0000000000
30659  -9.880  -25.061  66.785 0.0000000000
49251  -41.188  5.360  56.182 0.0000000000
47781  -41.648  3.642  54.463 0.0000000000
47053  -41.681  2.428  54.071 0.0000000000
46348  -42.148  1.648  53.924 0.0000000000
45663  -42.103  1.451  53.505 0.0000000000
45667  -42.048  1.408  52.739 0.0000000000
48526  -42.831  4.933  52.852 0.0000000000
47795  -42.857  4.475  52.050 0.0000000000
47803  -46.200  3.500  50.938 0.0000000000
50027  -46.718  6.016  51.018 0.0000000000
40033  -28.508  -8.685  61.893 0.0000000000
38751  -29.773  -10.816  62.040 0.0000000000
39418  -31.194  -9.561  60.822 0.0000000000
36325  -18.042  -14.036  65.541 0.0000000000
37490  -20.380  -12.367  66.248 0.0000000000
36918  -20.325  -13.025  65.572 0.0000000000
36339  -19.676  -14.282  63.727 0.0000000000
36333  -19.375  -13.886  64.441 0.0000000000
36338  -18.884  -14.387  63.851 0.0000000000
35736  -18.205  -14.869  64.006 0.0000000000
35746  -18.703  -15.153  63.443 0.0000000000
38106  -23.852  -11.801  65.019 0.0000000000
37498  -23.289  -12.471  64.796 0.0000000000
36342  -22.489  -14.621  63.987 0.0000000000
57967  -53.658  17.783  36.362 0.0000000000
29044  -2.865  -27.838  65.922 0.0000000000
29583  -3.934  -26.705  66.878 0.0000000000
30134  -4.209  -26.131  66.115 0.0000000000
30666  -5.128  -25.273  66.297 0.0000000000
30145  -4.845  -25.235  65.903 0.0000000000
38128  -27.297  -11.253  62.463 0.0000000000
38749  -27.755  -10.600  62.686 0.0000000000
40630  -25.838  -7.794  61.970 0.0000000000
38747  -26.004  -10.278  61.902 0.0000000000
55914  -49.087  14.010  45.624 0.0000000000
55915  -49.787  14.120  45.466 0.0000000000
55224  -50.171  13.857  45.460 0.0000000000
55225  -50.480  13.339  45.196 0.0000000000
55922  -50.649  14.004  44.643 0.0000000000
48500  -39.633  4.253  56.763 0.0000000000
50747  -43.960  6.979  54.415 0.0000000000
40040  -32.900  -8.414  60.187 0.0000000000
57292  -53.856  15.906  38.838 0.0000000000
57298  -53.935  16.092  38.114 0.0000000000
30670  -8.606  -24.896  66.160 0.0000000000
31179  -9.090  -23.783  65.698 0.0000000000
30125  -7.431  -25.454  67.391 0.0000000000
30124  -6.608  -25.360  67.615 0.0000000000
30114  -5.862  -25.731  67.826 0.0000000000
41888  -34.165  -6.121  58.579 0.0000000000
41293  -34.132  -6.364  58.613 0.0000000000
40018  -23.021  -8.351  62.021 0.0000000000
40017  -22.063  -8.338  61.988 0.0000000000
39393  -20.788  -9.796  62.245 0.0000000000
38735  -21.228  -10.471  62.837 0.0000000000
38736  -22.121  -11.137  63.045 0.0000000000
38746  -21.696  -11.035  62.387 0.0000000000
38115  -22.774  -11.617  62.872 0.0000000000
38124  -23.249  -12.158  62.500 0.0000000000
38118  -26.234  -12.213  62.680 0.0000000000
43730  -37.499  -2.856  57.636 0.0000000000
42493  -28.990  -4.580  60.133 0.0000000000
44285  -32.152  -1.287  59.091 0.0000000000
43117  -33.451  -3.978  59.336 0.0000000000
43721  -35.519  -2.205  58.840 0.0000000000
53086  -48.803  10.189  45.816 0.0000000000
52311  -48.691  9.215  44.701 0.0000000000
51548  -48.823  8.619  44.108 0.0000000000
56610  -52.489  14.839  42.037 0.0000000000
57288  -52.621  16.692  40.572 0.0000000000
35131  -15.160  -16.554  64.230 0.0000000000
31688  -11.450  -22.158  67.619 0.0000000000
44305  -38.765  -1.221  56.313 0.0000000000
44310  -39.016  -1.039  56.005 0.0000000000
49256  -42.822  5.108  55.011 0.0000000000
47054  -41.639  2.928  53.921 0.0000000000
46354  -42.588  1.700  52.840 0.0000000000
46350  -42.603  2.037  53.174 0.0000000000
47058  -42.586  2.158  52.952 0.0000000000
47061  -42.628  2.478  52.465 0.0000000000
49270  -43.900  5.365  52.506 0.0000000000
47800  -43.173  4.652  51.979 0.0000000000
48539  -43.799  4.907  51.754 0.0000000000
48540  -44.306  4.510  51.478 0.0000000000
47065  -45.000  2.673  52.055 0.0000000000
48533  -44.912  4.380  51.428 0.0000000000
51520  -45.814  8.291  52.945 0.0000000000
39416  -29.629  -9.153  61.665 0.0000000000
36926  -20.805  -13.375  65.036 0.0000000000
36925  -19.942  -13.554  65.106 0.0000000000
36348  -19.842  -14.772  63.395 0.0000000000
35747  -19.439  -15.201  63.355 0.0000000000
35748  -20.009  -15.139  63.371 0.0000000000
37499  -23.988  -12.355  64.582 0.0000000000
37502  -23.746  -12.823  64.294 0.0000000000
36343  -23.242  -14.586  63.767 0.0000000000
43138  -40.186  -3.346  55.975 0.0000000000
36942  -26.815  -13.215  62.578 0.0000000000
36943  -27.437  -13.158  62.622 0.0000000000
38120  -28.184  -11.997  62.699 0.0000000000
41884  -35.889  -5.657  58.206 0.0000000000
40628  -23.670  -7.512  62.215 0.0000000000
39413  -23.767  -9.802  61.412 0.0000000000
38755  -23.395  -10.329  61.068 0.0000000000
38767  -23.759  -10.838  60.641 0.0000000000
38768  -24.833  -10.808  60.509 0.0000000000
37539  -25.333  -11.876  60.590 0.0000000000
38133  -26.137  -12.181  61.369 0.0000000000
38134  -26.470  -11.578  61.079 0.0000000000
45638  -36.923  0.101  57.690 0.0000000000
44287  -34.007  -1.870  58.686 0.0000000000
44937  -35.076  -0.233  58.648 0.0000000000
50761  -48.061  7.695  50.027 0.0000000000
55218  -48.342  13.217  46.670 0.0000000000
53082  -50.461  11.265  46.018 0.0000000000
53088  -50.830  10.602  45.564 0.0000000000
54522  -51.524  12.087  44.324 0.0000000000
35132  -16.070  -16.599  64.279 0.0000000000
33956  -15.791  -17.887  64.642 0.0000000000
46342  -39.594  1.676  56.123 0.0000000000
50007  -42.242  6.633  55.477 0.0000000000
49265  -43.689  5.396  53.004 0.0000000000
49266  -44.386  5.577  52.919 0.0000000000
49267  -45.049  5.753  52.750 0.0000000000
51519  -45.251  7.966  53.176 0.0000000000
37491  -21.231  -12.092  65.921 0.0000000000
38101  -21.814  -11.385  66.097 0.0000000000
36344  -23.924  -14.558  63.341 0.0000000000
33390  -11.354  -19.462  65.926 0.0000000000
33940  -11.191  -19.315  65.769 0.0000000000
33376  -10.888  -19.889  66.438 0.0000000000
32795  -9.944  -20.244  66.761 0.0000000000
32794  -9.039  -20.503  66.383 0.0000000000
31693  -8.665  -22.518  66.078 0.0000000000
32234  -8.649  -21.647  66.292 0.0000000000
32809  -8.188  -21.207  65.706 0.0000000000
32247  -7.521  -21.837  65.147 0.0000000000
55209  -48.157  12.917  49.124 0.0000000000
55212  -48.186  13.139  48.620 0.0000000000
44315  -42.143  -1.881  53.740 0.0000000000
40006  -21.778  -8.840  64.100 0.0000000000
39384  -22.451  -9.560  64.755 0.0000000000
39381  -23.014  -10.403  65.354 0.0000000000
39385  -23.006  -10.227  64.949 0.0000000000
38109  -24.390  -11.917  64.480 0.0000000000
37537  -23.347  -12.125  61.019 0.0000000000
38125  -24.368  -12.198  62.478 0.0000000000
38117  -25.063  -11.674  63.164 0.0000000000
38111  -25.819  -12.144  63.308 0.0000000000
57963  -53.669  17.627  37.321 0.0000000000
42527  -38.673  -4.402  56.794 0.0000000000
45654  -38.637  0.552  56.488 0.0000000000
45646  -37.742  0.831  57.174 0.0000000000
45648  -38.855  1.402  56.682 0.0000000000
47042  -38.505  2.685  57.467 0.0000000000
42492  -28.049  -4.669  60.437 0.0000000000
43712  -30.887  -2.440  60.237 0.0000000000
43124  -35.284  -3.144  58.834 0.0000000000
43126  -35.180  -3.837  58.539 0.0000000000
42518  -35.388  -3.972  58.462 0.0000000000
42512  -35.805  -4.973  58.419 0.0000000000
42513  -36.192  -5.233  58.293 0.0000000000
41262  -25.660  -6.739  60.199 0.0000000000
49284  -46.937  5.767  49.089 0.0000000000
53074  -48.801  10.394  48.920 0.0000000000
50773  -47.924  7.364  46.371 0.0000000000
58620  -53.038  18.202  38.652 0.0000000000
35717  -13.675  -15.969  65.827 0.0000000000
34529  -13.073  -17.267  65.636 0.0000000000
34533  -12.623  -17.906  65.249 0.0000000000
34543  -14.584  -17.297  64.013 0.0000000000
33954  -14.162  -18.039  64.207 0.0000000000
34542  -13.784  -17.389  64.339 0.0000000000
33942  -12.844  -18.337  64.987 0.0000000000
33934  -12.288  -18.797  65.398 0.0000000000
33377  -11.748  -19.523  66.149 0.0000000000
33365  -11.455  -20.090  67.169 0.0000000000
32778  -10.527  -20.707  68.075 0.0000000000
31695  -9.864  -23.086  66.718 0.0000000000
31683  -10.887  -22.006  68.112 0.0000000000
31156  -10.449  -23.547  66.798 0.0000000000
30671  -9.646  -24.586  66.247 0.0000000000
48506  -40.135  4.647  56.521 0.0000000000
49250  -40.402  5.339  56.416 0.0000000000
45668  -42.690  1.520  52.564 0.0000000000
47796  -43.081  3.934  51.489 0.0000000000
40024  -28.687  -9.135  62.125 0.0000000000
38760  -31.126  -10.597  61.073 0.0000000000
38752  -30.387  -10.731  61.519 0.0000000000
38131  -30.189  -11.618  61.517 0.0000000000
36324  -17.485  -14.505  65.732 0.0000000000
36924  -19.208  -13.558  65.171 0.0000000000
35143  -17.699  -15.972  63.656 0.0000000000
35134  -17.880  -16.603  63.904 0.0000000000
35135  -18.713  -16.530  63.944 0.0000000000
35739  -22.000  -15.557  64.035 0.0000000000
29038  -4.453  -27.535  67.189 0.0000000000
30113  -5.001  -25.998  67.423 0.0000000000
28491  -3.321  -28.109  67.044 0.0000000000
29584  -4.284  -26.356  67.186 0.0000000000
30656  -5.219  -25.458  66.971 0.0000000000
30677  -6.118  -24.297  65.803 0.0000000000
31175  -5.861  -23.540  65.394 0.0000000000
29606  -3.570  -26.512  65.347 0.0000000000
29605  -3.116  -26.977  64.852 0.0000000000
30144  -4.305  -25.427  65.405 0.0000000000
28495  -3.239  -27.788  66.716 0.0000000000
29040  -3.631  -27.445  66.893 0.0000000000
29045  -3.317  -27.392  66.299 0.0000000000
29574  -3.932  -27.087  67.138 0.0000000000
29575  -4.407  -26.740  67.274 0.0000000000
29595  -3.750  -26.676  66.193 0.0000000000
30112  -4.520  -26.217  67.279 0.0000000000
30121  -4.063  -26.326  66.573 0.0000000000
30122  -4.501  -25.928  66.928 0.0000000000
30123  -4.964  -25.745  67.208 0.0000000000
30135  -4.671  -25.615  66.226 0.0000000000
30650  -5.185  -25.683  67.300 0.0000000000
30651  -5.451  -25.580  67.404 0.0000000000
30657  -6.020  -25.145  67.191 0.0000000000
30658  -6.843  -25.158  66.982 0.0000000000
30667  -5.720  -24.918  66.388 0.0000000000
30669  -7.585  -24.819  66.357 0.0000000000
30672  -10.226  -24.154  66.532 0.0000000000
30680  -8.938  -24.304  65.752 0.0000000000
30681  -9.360  -24.078  65.833 0.0000000000
31164  -8.921  -23.225  65.822 0.0000000000
31166  -9.998  -23.775  66.394 0.0000000000
31177  -7.621  -23.949  65.585 0.0000000000
31178  -8.524  -23.783  65.630 0.0000000000
31685  -8.986  -22.153  66.663 0.0000000000
31686  -9.532  -22.310  67.107 0.0000000000
31687  -10.423  -22.510  67.494 0.0000000000
31715  -6.982  -22.571  64.940 0.0000000000
32221  -10.241  -21.217  68.072 0.0000000000
32223  -11.700  -21.196  67.946 0.0000000000
32227  -10.416  -21.753  68.031 0.0000000000
32255  -7.051  -22.278  64.863 0.0000000000
32780  -11.736  -20.412  67.750 0.0000000000
32781  -12.201  -20.447  67.419 0.0000000000
32782  -9.550  -20.705  66.919 0.0000000000
32783  -10.000  -20.737  67.468 0.0000000000
32785  -11.286  -20.261  67.729 0.0000000000
32788  -13.668  -20.135  66.427 0.0000000000
32796  -10.405  -20.288  67.046 0.0000000000
33363  -12.029  -20.242  67.495 0.0000000000
33364  -11.066  -20.162  67.028 0.0000000000
33391  -11.551  -19.319  65.760 0.0000000000
33936  -13.732  -19.125  65.347 0.0000000000
33941  -11.372  -19.212  65.637 0.0000000000
33943  -13.497  -18.362  64.683 0.0000000000
34544  -15.493  -17.294  64.081 0.0000000000
35117  -13.448  -16.329  66.087 0.0000000000
35118  -13.952  -15.634  65.949 0.0000000000
35145  -19.095  -15.820  63.553 0.0000000000
35146  -19.693  -15.618  63.603 0.0000000000
35718  -13.749  -15.918  65.595 0.0000000000
35725  -13.599  -16.143  65.661 0.0000000000
35726  -13.669  -16.097  65.426 0.0000000000
36331  -17.815  -14.533  65.124 0.0000000000
37513  -22.448  -12.243  61.819 0.0000000000
37514  -22.823  -12.433  61.917 0.0000000000
37515  -23.733  -12.456  61.925 0.0000000000
37523  -23.220  -12.401  61.449 0.0000000000
37524  -24.076  -12.262  61.351 0.0000000000
37526  -26.098  -12.154  60.703 0.0000000000
37527  -26.438  -11.830  60.536 0.0000000000
37536  -22.852  -12.289  61.191 0.0000000000
37540  -26.111  -11.776  60.400 0.0000000000
37541  -26.580  -11.815  60.315 0.0000000000
38114  -22.314  -11.542  62.673 0.0000000000
38122  -21.718  -11.348  61.635 0.0000000000
38123  -22.143  -11.784  62.054 0.0000000000
38135  -26.421  -11.634  60.417 0.0000000000
38143  -23.291  -11.531  60.713 0.0000000000
38144  -24.521  -11.422  60.542 0.0000000000
38145  -25.514  -11.367  60.401 0.0000000000
38147  -26.364  -11.762  60.252 0.0000000000
38155  -22.029  -11.370  60.964 0.0000000000
38734  -20.898  -10.139  62.300 0.0000000000
38744  -20.852  -10.022  61.995 0.0000000000
38769  -25.700  -10.802  60.554 0.0000000000
38770  -26.165  -10.816  60.737 0.0000000000
38779  -21.838  -11.198  61.254 0.0000000000
38789  -21.753  -11.348  61.094 0.0000000000
39398  -20.787  -9.768  62.029 0.0000000000
39399  -21.037  -9.615  61.940 0.0000000000
41292  -33.956  -6.251  58.630 0.0000000000
44309  -38.888  -0.946  56.128 0.0000000000
47789  -42.578  4.489  52.453 0.0000000000
47794  -42.744  4.544  52.300 0.0000000000
47801  -43.309  4.509  51.722 0.0000000000
48525  -42.852  4.716  52.448 0.0000000000
48530  -42.942  4.654  52.238 0.0000000000
48532  -43.817  5.231  52.133 0.0000000000
48538  -43.386  4.754  51.913 0.0000000000
88307  -22.411  -11.957  61.002 0.0000000000
88310  -21.626  -11.163  61.338 0.0000000000
