#!ascii label  , from subject TEMPLATE vox2ras=TkReg
2033
26917  -13.247  -31.056  64.175 0.4444440007
26318  -13.023  -32.249  64.632 0.4444440007
27483  -13.859  -30.456  64.090 0.5555559993
26916  -13.338  -31.790  64.149 0.4444440007
26324  -13.250  -32.521  63.835 0.4444440007
26924  -13.637  -31.366  63.398 0.4444440007
25176  -12.247  -34.525  63.273 0.4444440007
25740  -12.841  -33.536  63.494 0.4444440007
27489  -14.330  -30.270  63.065 0.4444440007
25181  -12.423  -34.969  62.337 0.4444440007
25177  -12.894  -34.144  62.817 0.4444440007
26331  -13.680  -32.189  62.431 0.4444440007
24610  -11.560  -35.893  61.875 0.3333329856
24608  -12.414  -35.257  61.835 0.4444440007
25182  -12.959  -34.650  61.862 0.4444440007
25742  -13.242  -33.726  62.490 0.4444440007
24031  -11.792  -36.474  61.587 0.3333329856
24612  -12.680  -35.601  61.161 0.4444440007
24611  -12.060  -35.782  61.561 0.3333329856
23455  -12.708  -37.700  61.925 0.3333329856
23461  -12.205  -37.135  61.526 0.3333329856
27477  -13.215  -30.377  64.465 0.5555559993
28509  -14.083  -28.780  64.833 0.4444440007
28512  -14.607  -28.599  64.217 0.4444440007
28002  -14.353  -29.575  64.158 0.5555559993
27490  -14.645  -29.610  62.765 0.5555559993
28518  -16.211  -28.174  62.738 0.4444440007
26332  -14.031  -31.871  61.466 0.4444440007
27493  -14.336  -30.552  62.185 0.5555559993
28007  -15.664  -28.700  62.452 0.4444440007
25744  -13.846  -34.005  61.614 0.4444440007
26336  -13.868  -32.894  61.481 0.4444440007
26930  -14.450  -30.976  61.500 0.4444440007
28010  -15.556  -29.315  61.969 0.5555559993
87458  -13.538  -34.614  61.067 0.5555559993
27495  -16.098  -30.085  61.262 0.5555559993
24032  -12.379  -36.462  61.162 0.3333329856
25745  -14.283  -33.707  60.840 0.5555559993
26931  -15.387  -30.955  60.687 0.5555559993
26932  -16.099  -30.630  60.617 0.5555559993
23462  -12.895  -37.257  61.250 0.3333329856
24033  -13.067  -36.509  60.614 0.3333329856
24618  -13.654  -34.699  60.327 0.4444440007
25746  -14.908  -33.453  60.335 0.5555559993
26934  -15.828  -31.645  60.138 0.4444440007
24034  -13.938  -36.764  59.804 0.3333329856
26342  -17.141  -32.725  60.282 0.3333329856
28513  -14.986  -28.146  63.897 0.4444440007
28005  -14.590  -29.264  63.400 0.5555559993
29616  -15.358  -26.378  63.736 0.3333329856
28516  -14.840  -28.598  63.468 0.4444440007
28006  -14.859  -28.946  62.605 0.4444440007
29620  -16.427  -26.236  62.732 0.3333329856
29068  -16.285  -27.219  62.671 0.4444440007
28524  -17.511  -28.346  62.213 0.4444440007
28011  -16.462  -29.184  61.993 0.5555559993
28012  -17.319  -29.039  61.887 0.6666669846
27496  -16.436  -30.473  60.622 0.6666669846
27499  -17.059  -30.102  60.665 0.6666669846
32851  -34.914  -20.358  58.614 0.7777780294
26935  -16.456  -31.046  59.986 0.4444440007
32852  -35.421  -20.349  58.116 0.8888890147
26339  -16.354  -32.348  60.150 0.4444440007
26340  -17.158  -31.982  60.110 0.3333329856
29621  -17.247  -26.243  62.505 0.3333329856
29069  -17.017  -27.060  62.542 0.4444440007
29070  -17.631  -27.045  62.132 0.4444440007
28525  -18.022  -27.955  61.784 0.6666669846
32286  -32.041  -21.931  59.464 0.6666669846
31743  -31.704  -22.723  59.341 0.7777780294
28018  -17.712  -29.481  61.219 0.6666669846
28013  -17.997  -28.846  61.682 0.6666669846
31745  -33.315  -22.490  59.117 0.7777780294
32288  -33.939  -21.462  59.099 0.7777780294
32848  -34.342  -20.386  59.078 0.7777780294
28019  -18.547  -29.489  61.266 0.6666669846
33435  -35.169  -19.428  58.371 0.7777780294
34002  -36.381  -18.517  57.104 0.8888890147
33441  -36.687  -19.486  56.809 0.8888890147
26936  -17.914  -31.312  60.043 0.3333329856
33437  -35.651  -19.435  57.849 0.8888890147
26937  -18.994  -31.148  60.624 0.4444440007
32854  -35.880  -20.356  57.594 0.7777780294
32855  -36.425  -20.426  57.114 0.6666669846
30158  -18.505  -25.360  62.223 0.3333329856
30157  -17.674  -25.372  62.829 0.3333329856
29622  -17.976  -26.223  62.131 0.3333329856
29073  -18.119  -27.077  61.411 0.5555559993
28526  -18.707  -27.988  61.149 0.6666669846
28527  -19.529  -28.163  60.815 0.6666669846
31216  -31.248  -23.519  59.418 0.7777780294
28020  -19.356  -29.399  61.321 0.6666669846
28015  -19.313  -28.663  61.239 0.6666669846
30720  -31.530  -24.393  59.212 0.4444440007
31744  -32.466  -22.590  59.254 0.6666669846
32287  -32.952  -21.436  59.386 0.7777780294
27501  -19.200  -30.281  61.132 0.5555559993
28014  -18.666  -28.716  61.398 0.6666669846
32847  -33.617  -20.450  59.477 0.7777780294
27502  -20.100  -30.140  61.186 0.4444440007
30722  -32.307  -24.379  58.959 0.3333329856
33432  -34.033  -19.476  59.305 0.6666669846
33434  -34.606  -19.449  58.821 0.6666669846
33997  -34.817  -18.510  58.581 0.6666669846
34001  -35.822  -18.508  57.597 0.8888890147
34005  -36.977  -18.544  56.632 0.8888890147
26943  -19.837  -31.707  60.225 0.2222220004
26938  -19.990  -30.914  60.750 0.3333329856
33995  -34.200  -18.533  58.963 0.6666669846
34586  -35.046  -17.566  58.452 0.6666669846
33438  -36.142  -19.454  57.327 0.7777780294
26346  -20.347  -32.243  59.845 0.2222220004
26944  -21.101  -31.355  60.206 0.2222220004
32298  -36.772  -21.418  56.991 0.5555559993
32857  -37.033  -20.464  56.631 0.6666669846
33442  -37.340  -19.518  56.388 0.6666669846
26349  -20.890  -32.567  59.318 0.1111110002
30163  -19.896  -25.294  61.442 0.5555559993
30170  -20.498  -25.750  61.184 0.6666669846
29626  -19.277  -25.989  60.785 0.6666669846
29079  -20.596  -27.135  60.704 0.6666669846
31741  -31.078  -22.664  59.608 0.6666669846
32285  -31.523  -22.215  59.515 0.6666669846
29078  -19.767  -26.727  60.426 0.6666669846
28530  -20.446  -28.222  60.713 0.5555559993
30719  -30.814  -24.406  59.709 0.4444440007
28021  -20.186  -29.091  61.225 0.4444440007
30183  -30.566  -25.341  59.793 0.3333329856
30184  -31.175  -25.269  59.400 0.3333329856
32846  -33.073  -20.642  59.565 0.7777780294
27503  -21.073  -30.209  60.896 0.3333329856
29646  -30.835  -25.935  59.445 0.3333329856
34591  -36.600  -17.571  56.940 0.8888890147
34593  -37.165  -17.600  56.396 0.8888890147
26939  -20.586  -30.669  60.792 0.3333329856
27504  -21.998  -29.787  60.830 0.3333329856
29649  -31.429  -26.228  59.083 0.3333329856
29650  -32.256  -26.212  58.647 0.3333329856
33994  -33.571  -18.569  59.381 0.6666669846
34587  -35.564  -17.570  58.003 0.7777780294
34006  -37.602  -18.583  56.169 0.8888890147
27509  -21.801  -30.604  60.530 0.2222220004
29099  -31.769  -26.908  58.620 0.3333329856
34584  -34.398  -17.571  58.791 0.6666669846
34008  -38.180  -18.627  55.617 0.7777780294
26950  -21.468  -32.069  59.445 0.2222220004
26951  -22.107  -31.846  59.464 0.2222220004
33445  -38.000  -19.555  55.954 0.6666669846
30165  -21.667  -25.356  61.449 0.6666669846
30166  -22.505  -25.045  61.399 0.6666669846
30167  -23.227  -24.934  61.347 0.6666669846
30699  -20.509  -24.813  61.920 0.4444440007
29628  -21.207  -25.856  61.394 0.6666669846
30173  -23.053  -25.640  61.120 0.6666669846
31213  -29.971  -23.534  60.195 0.6666669846
31737  -29.712  -23.065  60.337 0.5555559993
29633  -21.832  -26.310  61.270 0.5555559993
29634  -22.766  -26.419  60.998 0.6666669846
30715  -29.713  -24.438  60.359 0.6666669846
31740  -30.211  -22.535  59.999 0.5555559993
32281  -31.282  -21.569  59.728 0.6666669846
29080  -21.549  -27.191  61.014 0.5555559993
30716  -30.264  -24.116  60.037 0.6666669846
28023  -22.138  -28.895  60.954 0.4444440007
28531  -21.360  -28.104  60.735 0.4444440007
30182  -29.925  -25.392  60.144 0.4444440007
30718  -30.273  -24.741  60.058 0.4444440007
32282  -32.290  -21.081  59.601 0.5555559993
29094  -29.840  -26.964  59.757 0.3333329856
32843  -33.221  -20.164  59.752 0.6666669846
29648  -30.798  -26.585  59.240 0.3333329856
34594  -37.745  -17.678  55.875 0.8888890147
26945  -22.429  -31.201  60.140 0.2222220004
27510  -22.776  -30.380  60.577 0.2222220004
29096  -29.732  -27.571  59.365 0.3333329856
29098  -31.124  -27.247  58.739 0.3333329856
34583  -33.772  -17.597  59.169 0.4444440007
28549  -30.620  -27.865  58.565 0.3333329856
35176  -34.041  -16.663  59.195 0.5555559993
35177  -34.651  -16.602  58.818 0.5555559993
35179  -35.268  -16.638  58.401 0.6666669846
26952  -23.137  -31.717  59.527 0.2222220004
28551  -30.480  -28.458  58.207 0.3333329856
28552  -31.167  -28.248  58.019 0.3333329856
25757  -21.483  -33.063  57.960 0.1111110002
26351  -22.699  -32.264  58.732 0.1111110002
28045  -30.690  -28.837  57.895 0.3333329856
26358  -22.252  -32.806  57.839 0.1111110002
30702  -22.909  -24.230  61.582 0.6666669846
31211  -28.701  -23.459  61.117 0.6666669846
31212  -29.398  -23.584  60.595 0.6666669846
30714  -28.969  -24.414  60.863 0.6666669846
29635  -23.651  -26.362  60.842 0.5555559993
30179  -28.566  -25.302  61.030 0.5555559993
29081  -22.472  -27.214  60.881 0.4444440007
29083  -24.254  -27.195  60.480 0.4444440007
29643  -28.786  -26.587  60.371 0.4444440007
30180  -29.238  -25.294  60.547 0.4444440007
28532  -22.259  -28.056  60.729 0.4444440007
28534  -23.930  -27.993  60.151 0.4444440007
29644  -29.451  -26.257  60.191 0.4444440007
27505  -22.907  -29.565  60.901 0.2222220004
27506  -23.467  -29.335  60.759 0.2222220004
28025  -23.965  -28.926  60.495 0.2222220004
29093  -29.178  -27.279  59.917 0.3333329856
35188  -37.334  -16.628  56.121 0.8888890147
27511  -23.865  -29.989  60.598 0.2222220004
28546  -28.525  -28.590  59.272 0.3333329856
35184  -36.290  -16.603  57.407 0.7777780294
35185  -36.804  -16.614  56.796 0.8888890147
34596  -38.267  -17.675  55.277 0.8888890147
26946  -23.521  -30.989  60.174 0.2222220004
26947  -24.449  -30.705  59.978 0.2222220004
28039  -29.609  -28.659  58.655 0.3333329856
28044  -30.043  -29.323  58.053 0.3333329856
34597  -38.724  -17.896  54.766 0.8888890147
26953  -24.172  -31.504  59.504 0.2222220004
34009  -38.767  -18.691  54.996 0.6666669846
26353  -24.725  -32.009  58.729 0.2222220004
33447  -39.184  -19.682  54.956 0.5555559993
30703  -23.779  -24.346  61.414 0.6666669846
30709  -24.611  -24.609  61.370 0.6666669846
30175  -24.998  -25.472  61.221 0.4444440007
30711  -26.323  -24.423  61.652 0.6666669846
29084  -25.269  -27.266  60.506 0.4444440007
29637  -25.542  -26.341  61.044 0.4444440007
29639  -27.284  -26.202  61.066 0.4444440007
30178  -27.710  -25.368  61.262 0.5555559993
29085  -26.139  -27.060  60.738 0.4444440007
29086  -26.922  -26.904  60.680 0.4444440007
29640  -28.153  -26.207  60.761 0.4444440007
28538  -25.593  -28.195  60.058 0.4444440007
29092  -28.248  -27.170  60.175 0.4444440007
28029  -25.074  -29.151  59.917 0.3333329856
28541  -27.970  -28.051  59.783 0.3333329856
27514  -25.109  -30.081  59.494 0.2222220004
28542  -28.649  -27.868  59.696 0.3333329856
35192  -37.681  -16.343  55.705 1.0000000000
35189  -37.821  -16.983  55.639 0.8888890147
26948  -24.865  -30.453  59.704 0.2222220004
28037  -28.214  -29.490  58.648 0.3333329856
26954  -25.187  -31.006  59.308 0.2222220004
28042  -28.594  -30.057  58.236 0.3333329856
26955  -26.114  -30.940  58.670 0.2222220004
27522  -29.508  -30.463  57.816 0.3333329856
34010  -39.509  -18.955  54.792 0.6666669846
33448  -39.915  -19.733  54.851 0.4444440007
31208  -25.167  -23.959  61.531 0.6666669846
30710  -25.432  -24.680  61.492 0.6666669846
29090  -26.666  -27.616  60.290 0.4444440007
28539  -26.360  -28.240  59.981 0.3333329856
29091  -27.420  -27.475  60.214 0.4444440007
28030  -26.063  -28.768  59.544 0.3333329856
28031  -26.624  -28.621  59.583 0.3333329856
28540  -27.123  -28.325  59.808 0.3333329856
28034  -25.369  -29.700  59.278 0.2222220004
28036  -26.931  -29.195  59.049 0.3333329856
35789  -37.803  -15.987  55.565 0.8888890147
35193  -38.109  -16.602  55.294 1.0000000000
27515  -25.578  -30.187  58.897 0.2222220004
27516  -26.331  -30.021  58.321 0.2222220004
27517  -27.402  -30.121  58.221 0.3333329856
34599  -38.530  -17.238  54.854 0.8888890147
27520  -28.235  -30.446  58.253 0.3333329856
34600  -39.085  -17.499  54.401 0.8888890147
26956  -26.886  -30.899  58.158 0.2222220004
34014  -39.775  -18.312  54.543 0.7777780294
26355  -26.504  -31.616  58.098 0.2222220004
34011  -40.129  -19.027  54.773 0.5555559993
35790  -38.107  -15.504  55.384 1.0000000000
35196  -38.572  -16.500  54.709 0.8888890147
34015  -40.676  -18.536  54.614 0.7777780294
33452  -41.477  -19.529  54.554 0.5555559993
33453  -42.109  -19.896  54.185 0.3333329856
35793  -38.670  -15.598  54.485 1.0000000000
35197  -39.273  -16.545  54.219 0.8888890147
35198  -40.166  -16.520  54.070 0.8888890147
34601  -39.994  -17.486  54.325 0.8888890147
34602  -40.906  -17.481  54.308 0.7777780294
34016  -41.549  -18.447  54.309 0.6666669846
33456  -42.571  -19.584  53.724 0.2222220004
33455  -42.010  -19.178  54.145 0.5555559993
32871  -43.051  -20.566  53.534 0.2222220004
32872  -43.652  -20.669  53.067 0.1111110002
33457  -43.397  -19.684  53.298 0.2222220004
36392  -38.825  -14.965  54.204 1.0000000000
35794  -39.379  -15.601  54.025 1.0000000000
35199  -41.096  -16.551  53.889 0.8888890147
34603  -41.727  -17.547  54.014 0.7777780294
34018  -42.215  -18.497  53.862 0.6666669846
34606  -42.385  -17.616  53.535 0.7777780294
34019  -42.944  -18.637  53.430 0.4444440007
34020  -43.892  -18.738  53.135 0.5555559993
32874  -44.028  -20.822  52.557 0.2222220004
33459  -44.195  -19.916  52.849 0.3333329856
36388  -38.635  -14.480  55.028 0.8888890147
35795  -40.271  -15.533  53.533 1.0000000000
35800  -41.160  -15.453  53.295 1.0000000000
35200  -41.830  -16.874  53.637 0.8888890147
35204  -42.306  -16.472  53.091 0.8888890147
34607  -43.203  -17.693  53.161 0.6666669846
34023  -44.476  -19.101  52.706 0.5555559993
36393  -39.320  -14.428  54.162 1.0000000000
35799  -40.537  -15.026  53.277 1.0000000000
35209  -42.354  -15.829  52.652 1.0000000000
35205  -43.494  -16.969  52.818 0.8888890147
34021  -44.461  -18.452  52.801 0.6666669846
34608  -44.110  -17.742  52.965 0.7777780294
33460  -44.761  -19.685  52.331 0.5555559993
36398  -40.724  -14.774  53.278 1.0000000000
35801  -41.905  -15.273  52.972 1.0000000000
35210  -42.999  -16.144  52.483 1.0000000000
34024  -44.940  -18.727  52.359 0.5555559993
34612  -44.511  -17.395  52.672 0.6666669846
34025  -45.573  -18.729  51.910 0.6666669846
36400  -41.864  -14.357  52.747 1.0000000000
36993  -42.020  -13.455  52.712 1.0000000000
35804  -42.468  -15.253  52.467 1.0000000000
35206  -44.089  -17.169  52.738 0.7777780294
36403  -42.627  -14.390  52.339 1.0000000000
35211  -44.184  -16.558  52.501 0.8888890147
35805  -43.361  -15.395  52.256 1.0000000000
36404  -43.557  -14.422  52.076 1.0000000000
35806  -44.386  -15.473  52.149 0.8888890147
34613  -45.231  -17.623  52.190 0.7777780294
35212  -45.158  -16.445  52.136 0.7777780294
34028  -46.050  -18.731  51.442 0.5555559993
34614  -45.748  -18.179  51.710 0.6666669846
34619  -46.055  -17.657  51.261 0.5555559993
34029  -46.468  -18.744  50.955 0.4444440007
34631  -47.973  -17.677  49.388 0.2222220004
35227  -47.837  -16.558  49.408 0.3333329856
34635  -48.478  -17.574  48.781 0.3333329856
36995  -42.686  -13.392  52.167 1.0000000000
36405  -44.578  -14.508  51.907 1.0000000000
34618  -45.530  -17.064  51.783 0.6666669846
35215  -45.696  -16.544  51.572 0.6666669846
35807  -45.408  -15.522  51.842 0.7777780294
37004  -46.575  -13.544  51.282 0.8888890147
37587  -46.888  -12.773  50.787 0.8888890147
34624  -46.369  -17.229  50.813 0.6666669846
35817  -47.232  -15.378  50.372 0.5555559993
36413  -47.108  -14.518  51.044 0.6666669846
37005  -47.366  -13.658  50.755 0.7777780294
34032  -46.905  -18.740  50.505 0.1111110002
34620  -46.542  -18.210  50.785 0.4444440007
36417  -47.625  -14.530  50.302 0.4444440007
34036  -47.317  -18.638  49.962 0.2222220004
34625  -46.760  -17.711  50.493 0.2222220004
35226  -47.499  -17.117  49.673 0.3333329856
35223  -47.435  -15.965  49.951 0.3333329856
37588  -47.394  -13.088  50.386 0.8888890147
34630  -47.395  -17.708  49.856 0.2222220004
35818  -47.708  -15.427  49.759 0.3333329856
36418  -48.070  -14.652  49.596 0.3333329856
35820  -48.236  -15.606  49.073 0.3333329856
36996  -43.718  -13.328  51.668 1.0000000000
35812  -46.109  -15.515  51.452 0.6666669846
35217  -46.574  -16.017  51.002 0.6666669846
35813  -46.770  -15.427  51.030 0.5555559993
35216  -46.269  -16.559  51.051 0.6666669846
35222  -46.992  -16.531  50.301 0.4444440007
37008  -47.962  -13.554  49.957 0.7777780294
37594  -47.109  -12.467  49.840 0.8888890147
36421  -48.326  -14.708  48.837 0.3333329856
35823  -48.659  -15.702  48.089 0.2222220004
37580  -42.731  -12.320  52.084 1.0000000000
36997  -44.865  -13.778  51.709 1.0000000000
36412  -46.195  -14.497  51.559 0.8888890147
35808  -45.744  -15.131  51.739 0.7777780294
37592  -45.362  -12.121  50.392 1.0000000000
37593  -46.103  -12.254  50.221 0.8888890147
37012  -47.755  -12.980  49.385 0.7777780294
37009  -48.189  -14.118  49.345 0.5555559993
37597  -47.438  -12.527  48.721 0.7777780294
38204  -47.173  -11.420  48.474 0.8888890147
37013  -48.173  -13.608  48.845 0.4444440007
37598  -48.125  -12.989  48.386 0.4444440007
37600  -47.414  -12.018  48.132 0.6666669846
38207  -47.694  -11.429  47.906 0.7777780294
36424  -48.644  -14.581  47.971 0.2222220004
37016  -48.615  -13.519  47.933 0.3333329856
37581  -43.327  -12.220  51.486 1.0000000000
37001  -43.854  -12.692  51.400 1.0000000000
37584  -43.945  -12.186  51.111 1.0000000000
37002  -44.475  -12.932  51.441 1.0000000000
37585  -44.845  -12.314  50.801 1.0000000000
36998  -45.384  -13.957  51.693 0.8888890147
37003  -45.518  -13.422  51.515 0.8888890147
36411  -45.656  -14.103  51.675 0.8888890147
37586  -45.908  -12.662  50.953 0.8888890147
38199  -45.344  -11.398  49.979 1.0000000000
38200  -46.179  -11.511  49.650 0.8888890147
38201  -46.702  -11.550  49.100 0.8888890147
38823  -46.495  -10.573  49.580 1.0000000000
38826  -47.117  -10.525  49.077 1.0000000000
39477  -47.327  -9.514  48.728 1.0000000000
38829  -47.572  -10.505  48.341 0.8888890147
38208  -48.249  -11.600  47.327 0.6666669846
39478  -47.934  -9.564  48.043 1.0000000000
36425  -48.940  -14.162  47.779 0.2222220004
38830  -48.239  -10.589  47.727 0.8888890147
37017  -49.079  -13.934  47.657 0.2222220004
37021  -49.283  -13.455  47.326 0.2222220004
38189  -43.430  -11.298  51.331 1.0000000000
38192  -43.986  -11.376  50.650 1.0000000000
38194  -44.804  -11.001  49.895 1.0000000000
38821  -44.924  -10.323  50.004 1.0000000000
38822  -45.766  -10.510  49.763 1.0000000000
39471  -46.150  -9.828  49.819 1.0000000000
39475  -46.625  -9.502  49.360 1.0000000000
37601  -48.026  -12.485  47.842 0.6666669846
37020  -48.655  -12.972  47.597 0.3333329856
37603  -48.708  -12.476  47.244 0.3333329856
38833  -48.675  -10.964  47.218 0.5555559993
39479  -48.590  -9.669  47.583 0.8888890147
40092  -48.359  -8.581  47.543 1.0000000000
38211  -48.962  -11.661  46.935 0.4444440007
38831  -48.833  -10.349  47.404 0.5555559993
37022  -50.002  -13.364  46.750 0.2222220004
38212  -49.773  -11.668  46.738 0.4444440007
38834  -49.310  -10.732  46.953 0.4444440007
39481  -49.164  -9.780  47.188 0.5555559993
40093  -48.854  -9.214  47.275 0.6666669846
38835  -50.206  -10.830  46.637 0.2222220004
39482  -49.684  -9.977  46.701 0.3333329856
38836  -50.903  -11.153  46.589 0.2222220004
38193  -44.683  -11.407  50.241 1.0000000000
38817  -44.586  -10.760  50.073 1.0000000000
38816  -44.285  -10.343  50.450 1.0000000000
39474  -45.935  -9.193  49.549 1.0000000000
40088  -46.105  -8.452  49.315 0.8888890147
40089  -46.763  -8.532  48.778 1.0000000000
40091  -47.491  -8.549  48.211 1.0000000000
40698  -47.886  -7.537  48.085 1.0000000000
40699  -48.411  -7.349  47.543 1.0000000000
40097  -49.151  -8.924  46.581 0.6666669846
40096  -48.784  -7.884  47.133 1.0000000000
40098  -49.868  -9.644  46.358 0.3333329856
40702  -48.830  -7.141  47.169 1.0000000000
38839  -50.834  -10.581  46.464 0.2222220004
39485  -50.377  -10.059  46.430 0.2222220004
40703  -49.066  -7.485  46.675 0.7777780294
40102  -50.363  -9.527  45.885 0.2222220004
40101  -49.425  -8.816  45.612 0.5555559993
40705  -49.181  -7.953  46.066 0.6666669846
39486  -51.125  -10.089  46.160 0.2222220004
38820  -44.595  -9.844  50.352 1.0000000000
39470  -45.432  -9.455  49.839 1.0000000000
40086  -45.626  -8.486  49.849 0.8888890147
40695  -46.552  -7.507  49.199 0.8888890147
40696  -47.183  -7.536  48.587 1.0000000000
41343  -48.326  -6.449  48.116 1.0000000000
41344  -48.953  -6.138  47.777 1.0000000000
41347  -48.715  -6.670  47.512 1.0000000000
40103  -51.175  -9.735  45.781 0.2222220004
40708  -49.182  -7.818  45.382 0.6666669846
41351  -49.535  -6.754  46.084 0.7777780294
41342  -47.632  -6.805  48.492 0.8888890147
41938  -48.841  -5.824  48.142 0.8888890147
41939  -49.540  -5.347  47.833 0.8888890147
41348  -49.287  -6.391  47.118 1.0000000000
40710  -49.008  -7.779  44.512 0.5555559993
41356  -49.422  -6.852  45.024 0.6666669846
41943  -49.789  -5.723  47.148 1.0000000000
41940  -50.285  -4.937  47.588 1.0000000000
41357  -50.003  -5.906  45.444 0.8888890147
41352  -50.248  -5.743  46.239 0.8888890147
41365  -49.324  -6.189  43.808 0.7777780294
41364  -48.542  -6.325  43.168 0.7777780294
41945  -50.896  -4.815  46.571 1.0000000000
41944  -50.482  -5.284  46.962 1.0000000000
41949  -50.769  -5.125  46.158 0.8888890147
41959  -49.732  -5.427  43.521 0.7777780294
41953  -50.511  -5.172  45.371 1.0000000000
42588  -50.130  -4.829  42.942 0.7777780294
43180  -50.992  -3.761  45.403 0.7777780294
41960  -50.208  -5.110  44.060 0.7777780294
43183  -51.144  -3.693  44.434 0.8888890147
42585  -50.516  -4.565  43.779 0.8888890147
43188  -51.305  -3.617  43.480 0.8888890147
43176  -50.936  -3.400  46.211 0.7777780294
43181  -51.441  -2.924  44.898 0.6666669846
43184  -51.773  -2.850  44.087 0.6666669846
43185  -52.385  -2.594  43.782 0.6666669846
43189  -52.093  -3.050  43.247 0.7777780294
43797  -52.786  -2.756  42.400 0.4444440007
43795  -53.830  -2.040  42.458 0.2222220004
44366  -54.403  -1.392  42.412 0.2222220004
43799  -53.951  -1.983  41.750 0.3333329856
44369  -54.589  -1.299  41.452 0.3333329856
44370  -54.885  -0.889  40.845 0.3333329856
44374  -54.923  -0.986  40.132 0.3333329856
43783  -51.786  -2.321  45.293 0.6666669846
43786  -52.121  -2.359  44.686 0.6666669846
43787  -52.746  -2.101  44.529 0.5555559993
43789  -52.419  -2.418  44.219 0.6666669846
43790  -53.011  -2.223  43.909 0.5555559993
43794  -53.238  -2.253  42.972 0.4444440007
44361  -53.700  -1.444  43.626 0.4444440007
44365  -54.045  -1.786  43.017 0.3333329856
44362  -54.265  -1.125  43.108 0.3333329856
45017  -54.897  -0.754  42.086 0.3333329856
45018  -55.049  -0.303  41.407 0.3333329856
45020  -55.054  -0.205  40.532 0.4444440007
45022  -55.058  -0.221  39.690 0.3333329856
44356  -51.875  -1.617  45.595 0.6666669846
44358  -52.537  -1.651  45.029 0.6666669846
44359  -53.120  -1.444  44.344 0.5555559993
45014  -54.685  -0.411  42.753 0.4444440007
45015  -55.025  -0.063  42.129 0.4444440007
45709  -55.160  0.623  40.906 0.4444440007
45008  -52.326  -0.755  45.241 0.6666669846
45009  -52.992  -0.658  44.725 0.5555559993
45011  -53.600  -0.554  44.112 0.5555559993
45012  -54.179  -0.452  43.484 0.5555559993
46395  -54.181  1.327  43.329 0.4444440007
45705  -54.867  0.589  42.443 0.5555559993
45707  -55.114  0.635  41.713 0.4444440007
45711  -55.184  0.592  40.114 0.4444440007
45714  -55.253  0.665  39.376 0.4444440007
45024  -55.320  -0.184  38.858 0.4444440007
46398  -55.061  1.523  42.023 0.4444440007
47108  -55.302  2.543  41.376 0.4444440007
45715  -55.570  0.832  38.596 0.3333329856
46421  -56.879  1.540  36.207 0.2222220004
47875  -57.221  3.338  33.702 0.2222220004
47878  -57.563  3.355  32.675 0.2222220004
47881  -57.924  3.350  31.646 0.2222220004
47112  -55.757  2.635  40.527 0.3333329856
46403  -55.807  2.106  40.027 0.3333329856
47114  -56.120  2.657  39.757 0.3333329856
46402  -55.440  1.543  40.362 0.2222220004
46407  -55.729  1.678  39.408 0.3333329856
47115  -56.543  2.537  39.071 0.3333329856
46412  -56.812  1.587  37.890 0.2222220004
46416  -56.912  1.577  37.079 0.2222220004
47122  -57.077  2.533  37.420 0.2222220004
47130  -57.054  2.499  35.550 0.2222220004
47872  -57.152  2.881  34.299 0.2222220004
47874  -57.129  3.881  33.980 0.2222220004
48614  -57.276  4.466  33.052 0.2222220004
48616  -57.499  4.375  31.919 0.2222220004
47111  -55.524  2.029  40.903 0.3333329856
47118  -56.974  2.508  38.299 0.2222220004
47869  -57.084  3.578  35.822 0.2222220004
47871  -57.076  3.494  34.642 0.2222220004
48611  -57.176  4.075  33.661 0.2222220004
47109  -55.583  3.102  40.939 0.3333329856
47850  -55.730  3.642  40.637 0.2222220004
47853  -56.494  3.519  39.352 0.2222220004
47856  -56.902  3.488  38.634 0.2222220004
47860  -57.082  3.504  37.784 0.2222220004
47866  -57.117  3.544  36.849 0.2222220004
48606  -57.020  4.607  36.284 0.2222220004
48608  -56.804  4.780  35.125 0.3333329856
48610  -57.108  4.622  33.958 0.2222220004
48594  -56.745  4.434  38.927 0.2222220004
48597  -57.014  4.458  38.158 0.3333329856
48603  -57.061  4.516  37.266 0.2222220004
49351  -57.460  5.446  32.258 0.2222220004
49348  -57.335  5.507  33.036 0.2222220004
49355  -57.744  5.389  31.242 0.2222220004
50113  -58.212  6.441  28.767 0.2222220004
49324  -56.474  5.324  39.119 0.2222220004
50074  -56.576  5.869  38.762 0.2222220004
50079  -56.652  6.409  38.246 0.2222220004
49331  -56.939  5.450  37.716 0.3333329856
49337  -56.954  5.536  36.803 0.3333329856
50081  -56.914  6.445  37.281 0.2222220004
50087  -57.026  6.529  36.399 0.3333329856
49340  -56.852  5.672  35.874 0.3333329856
49342  -56.714  5.923  35.072 0.3333329856
49347  -57.218  5.574  33.592 0.3333329856
50099  -57.569  6.464  32.758 0.3333329856
50101  -57.792  6.394  31.703 0.3333329856
50106  -58.117  6.358  30.733 0.2222220004
49360  -58.032  5.356  30.084 0.2222220004
50111  -58.301  6.451  29.786 0.2222220004
50848  -58.151  7.540  28.468 0.2222220004
51618  -58.068  8.499  28.090 0.2222220004
51616  -58.193  8.406  29.053 0.2222220004
53152  -57.745  10.378  28.232 0.2222220004
50818  -57.098  7.385  36.877 0.3333329856
50090  -57.031  6.646  35.530 0.3333329856
50092  -57.067  6.656  34.628 0.3333329856
50098  -57.396  6.022  33.264 0.3333329856
50094  -57.319  6.553  33.665 0.3333329856
50837  -58.170  7.272  31.228 0.3333329856
50842  -58.339  7.302  30.332 0.3333329856
50846  -58.295  7.405  29.397 0.2222220004
51607  -58.193  8.032  30.792 0.3333329856
51612  -58.107  8.240  30.008 0.3333329856
52368  -57.936  9.272  29.673 0.2222220004
52372  -58.063  9.412  28.672 0.2222220004
53898  -57.350  11.309  28.743 0.2222220004
50095  -57.549  6.986  33.191 0.3333329856
50835  -57.884  7.353  32.109 0.3333329856
52363  -57.921  9.052  30.794 0.2222220004
53145  -57.631  10.213  30.268 0.2222220004
53894  -57.412  11.234  29.740 0.2222220004
53149  -57.736  10.312  29.228 0.2222220004
50829  -57.391  7.509  34.196 0.3333329856
50832  -57.659  7.446  32.855 0.3333329856
51600  -57.810  8.312  32.494 0.3333329856
53127  -57.139  10.383  34.426 0.2222220004
53131  -57.302  10.424  33.397 0.2222220004
51604  -58.090  8.217  31.571 0.3333329856
53135  -57.400  10.673  32.505 0.2222220004
53884  -57.426  10.894  31.479 0.2222220004
53890  -57.366  11.273  30.846 0.2222220004
51593  -57.551  8.447  34.608 0.2222220004
51595  -57.547  8.369  33.693 0.3333329856
51599  -57.575  8.051  33.108 0.3333329856
50831  -57.501  7.489  33.452 0.3333329856
52352  -57.584  9.061  33.361 0.3333329856
51596  -57.602  8.615  33.079 0.3333329856
52356  -57.634  9.262  32.733 0.4444440007
53136  -57.615  10.003  32.202 0.2222220004
52359  -57.890  9.197  31.877 0.2222220004
53141  -57.560  10.169  31.337 0.2222220004
53132  -57.440  9.992  32.813 0.2222220004
44379  -55.602  -1.071  38.388 0.3333329856
44377  -55.021  -1.236  39.177 0.3333329856
46406  -55.339  1.138  39.802 0.4444440007
25734  -12.800  -32.904  64.416 0.4444440007
26330  -13.308  -32.859  62.937 0.4444440007
24607  -11.948  -35.352  62.328 0.4444440007
26929  -13.855  -31.097  62.276 0.4444440007
26335  -13.480  -33.107  62.135 0.4444440007
23460  -11.700  -37.064  61.820 0.3333329856
28517  -15.319  -28.170  63.191 0.4444440007
27494  -14.859  -30.008  61.922 0.5555559993
26333  -14.717  -31.726  60.922 0.5555559993
26337  -14.535  -32.650  60.891 0.5555559993
28017  -17.049  -29.461  61.377 0.6666669846
24613  -13.465  -35.158  60.315 0.4444440007
26338  -15.354  -32.293  60.415 0.4444440007
24614  -14.796  -35.523  59.037 0.3333329856
25747  -15.816  -33.353  60.209 0.4444440007
23463  -13.853  -37.478  61.052 0.3333329856
29067  -15.600  -27.313  63.162 0.4444440007
29065  -15.029  -27.365  63.951 0.3333329856
29619  -15.745  -26.593  62.956 0.3333329856
30156  -16.967  -25.672  62.998 0.2222220004
28519  -16.974  -27.865  62.667 0.4444440007
28523  -16.931  -28.563  62.384 0.4444440007
27500  -18.254  -30.267  60.771 0.4444440007
31219  -32.790  -23.464  59.048 0.6666669846
34590  -36.051  -17.560  57.461 0.8888890147
26941  -18.362  -32.102  59.993 0.3333329856
29625  -18.421  -26.088  61.279 0.5555559993
30162  -19.028  -25.502  61.536 0.5555559993
29074  -18.843  -27.122  60.477 0.6666669846
29075  -19.848  -27.527  60.410 0.5555559993
31215  -30.592  -23.462  59.833 0.6666669846
31218  -31.972  -23.494  59.085 0.5555559993
30186  -31.915  -25.304  59.103 0.3333329856
33998  -35.363  -18.516  58.134 0.6666669846
27508  -21.344  -30.741  60.577 0.3333329856
32858  -37.642  -20.492  56.146 0.6666669846
29631  -20.179  -26.114  60.833 0.6666669846
29632  -20.894  -26.189  61.225 0.5555559993
30164  -20.815  -25.496  61.418 0.6666669846
28022  -21.220  -29.040  61.067 0.3333329856
29645  -30.270  -26.260  59.722 0.3333329856
33431  -33.401  -19.495  59.700 0.6666669846
29101  -31.649  -27.514  58.242 0.3333329856
26350  -21.705  -32.550  58.747 0.1111110002
30172  -22.345  -25.759  61.260 0.6666669846
30174  -23.973  -25.382  61.140 0.6666669846
28024  -23.007  -28.805  60.818 0.4444440007
33428  -33.039  -19.797  59.935 0.6666669846
29097  -30.355  -27.253  59.187 0.3333329856
28548  -30.012  -28.177  58.739 0.3333329856
35180  -35.835  -16.657  57.992 0.7777780294
29082  -23.353  -27.207  60.627 0.4444440007
29636  -24.602  -26.350  60.891 0.4444440007
29641  -28.886  -25.969  60.698 0.4444440007
28533  -23.135  -28.052  60.535 0.4444440007
28535  -24.760  -28.051  60.146 0.3333329856
28026  -24.454  -28.539  60.221 0.2222220004
28028  -24.436  -29.533  60.310 0.2222220004
28547  -29.294  -28.199  59.242 0.3333329856
28038  -29.153  -29.039  58.729 0.3333329856
28043  -29.071  -29.816  58.260 0.3333329856
28047  -30.443  -29.815  57.288 0.3333329856
27525  -30.102  -30.410  57.277 0.2222220004
30176  -25.905  -25.460  61.422 0.5555559993
30177  -26.817  -25.413  61.441 0.6666669846
29638  -26.430  -26.265  61.139 0.4444440007
29089  -26.007  -27.670  60.297 0.4444440007
29087  -27.595  -26.771  60.550 0.4444440007
28545  -27.766  -28.738  59.321 0.3333329856
34013  -39.163  -18.293  54.630 0.7777780294
26354  -25.657  -31.758  58.470 0.2222220004
33451  -40.649  -19.639  54.859 0.5555559993
28035  -25.868  -29.463  59.093 0.2222220004
26363  -27.060  -32.283  57.868 0.2222220004
32875  -44.523  -20.588  52.170 0.2222220004
36988  -39.785  -13.842  54.293 1.0000000000
35796  -41.013  -15.940  53.565 1.0000000000
35203  -41.495  -16.252  53.511 1.0000000000
36399  -41.049  -14.324  53.246 1.0000000000
34609  -44.699  -17.978  52.649 0.6666669846
36992  -41.425  -13.417  53.177 1.0000000000
35811  -45.867  -16.031  51.475 0.6666669846
35221  -46.545  -16.998  50.601 0.4444440007
36406  -45.474  -14.550  51.761 0.8888890147
38815  -43.544  -10.350  51.008 1.0000000000
37604  -49.472  -12.528  46.926 0.2222220004
38213  -50.582  -11.754  46.693 0.2222220004
41349  -49.849  -5.938  46.692 0.8888890147
41339  -47.231  -6.470  49.168 0.8888890147
41340  -47.878  -6.161  48.712 0.8888890147
41360  -49.076  -6.811  44.116 0.6666669846
40713  -48.504  -7.637  43.498 0.5555559993
41948  -50.542  -5.390  46.392 0.8888890147
41358  -50.482  -5.497  45.893 0.8888890147
41361  -49.700  -6.013  44.467 0.8888890147
41952  -50.133  -5.487  44.866 0.8888890147
42577  -50.879  -4.353  46.166 0.8888890147
42580  -50.795  -4.596  45.618 0.8888890147
41965  -49.425  -5.254  42.409 0.7777780294
41956  -50.352  -5.015  44.576 0.8888890147
42582  -50.747  -4.477  44.880 0.7777780294
43190  -52.648  -2.537  43.365 0.4444440007
43793  -52.574  -2.747  42.854 0.4444440007
45704  -54.482  0.482  43.142 0.4444440007
45702  -54.036  0.410  43.866 0.5555559993
46396  -54.629  1.392  42.730 0.4444440007
46400  -55.269  1.479  41.222 0.5555559993
46408  -56.263  1.686  38.520 0.2222220004
45716  -56.142  0.851  38.003 0.3333329856
47127  -57.068  2.537  36.501 0.2222220004
47852  -56.111  3.565  40.046 0.2222220004
48613  -57.173  5.046  33.382 0.2222220004
49344  -56.979  5.689  34.313 0.3333329856
49328  -56.761  5.324  38.496 0.2222220004
53140  -57.462  10.644  31.876 0.2222220004
31756  -37.554  -22.417  56.174 0.1111110002
33446  -38.527  -19.599  55.356 0.5555559993
32303  -38.368  -21.470  55.201 0.1111110002
32860  -38.135  -20.505  55.520 0.2222220004
31757  -38.042  -22.467  55.520 0.1111110002
32861  -38.793  -20.540  55.060 0.2222220004
31754  -37.025  -22.364  56.729 0.2222220004
32300  -37.322  -21.432  56.422 0.1111110002
31231  -37.095  -23.825  56.411 0.1111110002
30737  -37.732  -24.610  55.798 0.1111110002
31232  -37.744  -23.614  55.964 0.1111110002
31233  -38.339  -23.427  55.199 0.1111110002
31759  -38.714  -22.423  55.029 0.1111110002
30736  -37.289  -24.597  56.216 0.1111110002
29666  -37.683  -26.442  55.489 0.1111110002
30205  -38.097  -25.388  54.987 0.1111110002
31753  -36.408  -22.415  57.169 0.2222220004
31228  -36.652  -23.392  56.814 0.2222220004
30197  -36.315  -24.869  56.757 0.2222220004
29663  -36.619  -26.420  56.356 0.1111110002
29664  -37.275  -26.359  56.101 0.1111110002
28566  -36.569  -28.291  55.465 0.1111110002
29114  -36.849  -26.905  56.158 0.1111110002
29118  -37.246  -27.247  55.597 0.1111110002
25160  -9.603  -34.009  64.860 0.3333329856
32294  -35.559  -21.060  57.814 0.7777780294
32297  -36.027  -21.415  57.393 0.4444440007
31227  -36.025  -23.404  57.291 0.2222220004
30733  -36.148  -24.240  57.061 0.2222220004
30730  -35.628  -24.262  57.412 0.2222220004
35782  -36.610  -15.682  57.381 0.5555559993
35783  -37.123  -15.691  56.821 0.5555559993
35786  -37.543  -15.553  56.090 0.7777780294
35787  -37.814  -15.069  56.000 0.5555559993
30196  -35.759  -25.393  56.999 0.1111110002
36377  -36.610  -14.580  57.973 0.3333329856
36380  -36.932  -15.117  57.334 0.5555559993
36381  -37.355  -14.518  57.099 0.5555559993
36385  -37.677  -14.879  56.355 0.5555559993
29112  -35.547  -27.364  56.403 0.1111110002
29662  -35.931  -26.498  56.544 0.1111110002
29113  -36.502  -27.371  56.083 0.1111110002
26307  -8.835  -32.592  65.450 0.2222220004
25159  -8.854  -34.123  64.983 0.3333329856
26894  -8.687  -31.417  66.016 0.1111110002
27462  -8.951  -30.634  66.083 0.1111110002
27463  -9.844  -30.585  66.311 0.1111110002
31749  -34.599  -22.473  58.368 0.3333329856
31224  -34.843  -23.333  58.183 0.2222220004
32296  -35.457  -21.759  57.753 0.2222220004
31752  -35.713  -22.475  57.511 0.2222220004
30729  -35.113  -24.291  58.010 0.2222220004
36389  -39.123  -14.057  54.914 0.6666669846
30191  -34.890  -25.398  57.711 0.2222220004
30192  -35.373  -24.823  57.541 0.2222220004
35778  -36.097  -15.588  58.120 0.4444440007
36386  -38.054  -14.411  56.248 0.5555559993
30195  -35.198  -25.943  57.273 0.2222220004
36374  -35.930  -14.520  58.832 0.3333329856
36378  -36.997  -14.038  57.853 0.3333329856
36976  -37.569  -13.605  57.297 0.3333329856
36382  -37.725  -13.948  56.889 0.4444440007
36980  -38.778  -13.424  56.008 0.5555559993
37559  -38.430  -12.369  56.831 0.5555559993
29660  -35.374  -26.463  56.903 0.1111110002
36967  -35.537  -13.553  59.477 0.2222220004
36968  -36.301  -13.532  58.923 0.2222220004
36969  -36.744  -13.094  58.653 0.2222220004
36973  -37.191  -13.330  57.970 0.3333329856
36974  -37.687  -13.001  57.635 0.3333329856
36977  -38.040  -13.306  56.946 0.3333329856
28563  -35.241  -28.293  56.086 0.1111110002
37552  -36.979  -12.395  58.728 0.1111110002
37555  -37.525  -12.356  58.192 0.1111110002
38165  -38.191  -11.427  57.453 0.1111110002
25720  -10.724  -33.649  64.768 0.3333329856
25732  -11.518  -33.939  64.501 0.3333329856
25733  -12.303  -33.696  64.265 0.3333329856
25712  -10.109  -32.904  64.940 0.2222220004
25731  -11.001  -34.109  64.363 0.3333329856
25175  -11.185  -34.862  63.573 0.3333329856
25168  -11.927  -34.240  64.140 0.3333329856
26298  -9.718  -32.111  65.647 0.2222220004
26308  -9.463  -32.833  65.211 0.2222220004
25719  -9.818  -33.403  64.876 0.3333329856
26297  -8.645  -32.007  65.683 0.2222220004
26895  -9.487  -31.305  66.237 0.2222220004
27987  -10.807  -29.465  65.986 0.1111110002
28505  -11.541  -28.270  65.481 0.1111110002
32292  -34.426  -21.784  58.640 0.5555559993
31221  -34.246  -23.350  58.517 0.2222220004
30725  -34.544  -24.016  58.342 0.2222220004
36394  -40.240  -14.341  53.634 0.8888890147
30190  -34.060  -25.335  58.069 0.1111110002
30728  -34.520  -24.704  58.195 0.2222220004
35777  -35.522  -15.952  58.413 0.4444440007
29654  -33.438  -26.234  57.812 0.1111110002
29655  -34.207  -25.966  57.612 0.2222220004
35774  -35.541  -15.227  58.730 0.3333329856
36984  -39.053  -13.881  55.316 0.5555559993
36981  -39.224  -12.925  55.893 0.5555559993
29658  -34.058  -26.655  57.393 0.1111110002
29659  -34.730  -26.424  57.273 0.2222220004
28562  -34.423  -28.317  56.288 0.1111110002
29107  -34.362  -27.365  56.947 0.1111110002
37562  -39.003  -12.404  56.324 0.2222220004
38167  -38.782  -11.352  56.729 0.1111110002
37550  -35.749  -12.646  59.553 0.1111110002
38161  -37.112  -11.481  58.618 0.1111110002
38164  -37.711  -11.460  58.098 0.1111110002
37551  -36.372  -12.468  59.198 0.1111110002
38160  -36.359  -11.515  59.001 0.1111110002
38790  -37.812  -10.560  57.897 0.1111110002
38791  -38.348  -10.476  57.386 0.1111110002
38784  -36.502  -10.603  58.709 0.1111110002
38785  -37.201  -10.601  58.335 0.1111110002
25228  -33.927  -33.817  54.835 0.1111110002
25713  -11.040  -33.100  65.292 0.2222220004
25721  -11.695  -33.399  65.004 0.3333329856
26299  -10.629  -32.485  65.315 0.2222220004
25723  -12.692  -32.499  64.883 0.3333329856
26289  -10.129  -32.041  65.637 0.2222220004
25739  -12.515  -33.919  63.735 0.3333329856
27465  -11.319  -30.339  65.519 0.1111110002
26907  -11.711  -29.941  64.949 0.1111110002
27453  -10.516  -30.894  66.114 0.1111110002
28503  -11.527  -28.880  65.418 0.2222220004
29610  -12.613  -27.110  65.548 0.1111110002
25185  -15.324  -34.348  59.850 0.3333329856
25748  -16.695  -33.405  60.334 0.3333329856
31746  -34.038  -22.505  58.791 0.3333329856
32289  -34.563  -21.087  58.759 0.6666669846
25751  -18.293  -33.512  60.046 0.2222220004
30723  -33.107  -24.370  58.816 0.1111110002
25752  -19.066  -33.577  59.795 0.2222220004
26345  -19.580  -32.675  59.873 0.2222220004
30724  -33.922  -24.366  58.504 0.2222220004
26348  -20.231  -32.936  59.565 0.1111110002
30188  -33.358  -25.262  58.442 0.1111110002
35773  -34.997  -15.625  58.955 0.4444440007
36985  -39.497  -13.390  55.145 0.6666669846
36395  -40.559  -13.798  53.714 0.8888890147
29106  -33.586  -27.254  57.243 0.1111110002
36373  -35.134  -14.478  59.338 0.2222220004
28561  -33.633  -28.530  56.332 0.1111110002
26361  -25.237  -32.620  58.099 0.1111110002
26362  -26.135  -32.376  57.887 0.1111110002
28050  -32.508  -28.652  56.506 0.1111110002
28053  -32.993  -29.211  56.095 0.1111110002
25763  -25.693  -33.026  57.391 0.1111110002
25764  -26.644  -33.047  57.475 0.1111110002
28054  -34.055  -29.275  55.986 0.1111110002
38794  -38.830  -10.260  56.914 0.1111110002
25775  -27.249  -33.525  56.675 0.1111110002
25765  -27.601  -33.079  57.784 0.1111110002
26969  -32.306  -31.292  55.915 0.1111110002
38159  -35.550  -11.607  59.442 0.1111110002
39435  -37.902  -9.840  57.682 0.1111110002
39439  -38.325  -9.410  57.299 0.1111110002
25203  -27.988  -34.107  56.403 0.1111110002
25776  -28.264  -33.465  57.128 0.1111110002
26970  -33.418  -31.282  56.125 0.1111110002
38783  -35.587  -10.526  59.152 0.1111110002
25217  -28.532  -34.767  56.324 0.1111110002
26378  -33.007  -32.259  56.141 0.1111110002
39434  -37.213  -9.594  57.981 0.1111110002
25204  -28.888  -33.904  56.588 0.1111110002
25222  -32.740  -33.692  55.301 0.1111110002
25792  -33.304  -32.875  55.668 0.1111110002
25218  -29.443  -34.658  56.513 0.1111110002
24653  -30.041  -35.486  56.377 0.1111110002
25226  -32.429  -34.630  54.927 0.1111110002
25796  -33.810  -33.223  55.237 0.1111110002
24071  -30.505  -36.318  55.710 0.1111110002
24660  -31.956  -35.223  55.104 0.1111110002
24661  -32.660  -35.248  54.716 0.1111110002
24074  -30.886  -36.801  55.415 0.1111110002
24076  -32.366  -36.300  54.600 0.1111110002
23498  -31.814  -37.319  54.871 0.1111110002
25715  -11.916  -32.662  65.571 0.3333329856
26878  -11.070  -31.657  65.517 0.2222220004
27455  -12.089  -30.845  65.513 0.1111110002
28507  -12.905  -28.803  65.277 0.2222220004
29059  -12.720  -27.950  65.622 0.2222220004
29611  -13.128  -27.395  65.666 0.2222220004
29603  -14.338  -26.718  65.879 0.1111110002
29602  -13.457  -26.646  65.921 0.1111110002
29594  -14.185  -26.241  66.282 0.1111110002
25750  -17.507  -33.467  60.233 0.2222220004
26343  -17.882  -32.533  60.070 0.2222220004
26344  -18.696  -32.709  59.919 0.2222220004
30187  -32.666  -25.263  58.819 0.1111110002
29102  -32.244  -27.166  58.067 0.2222220004
29653  -32.712  -26.516  58.068 0.2222220004
36986  -40.000  -12.909  55.009 0.6666669846
36989  -40.224  -13.300  54.346 0.8888890147
28554  -32.438  -27.750  57.434 0.1111110002
37567  -39.875  -12.603  55.399 0.4444440007
36990  -40.809  -13.261  53.683 0.8888890147
28556  -31.621  -28.587  57.245 0.1111110002
28558  -33.026  -28.162  56.939 0.1111110002
36372  -34.588  -14.872  59.537 0.2222220004
37564  -39.941  -11.980  55.714 0.3333329856
28557  -32.211  -28.348  56.994 0.1111110002
38171  -39.479  -11.268  56.184 0.1111110002
38172  -40.145  -11.240  55.598 0.1111110002
26364  -27.948  -32.151  58.390 0.1111110002
26365  -28.977  -32.178  58.246 0.1111110002
28049  -31.961  -29.218  56.443 0.1111110002
36964  -34.787  -13.438  59.911 0.1111110002
38797  -39.926  -10.305  56.036 0.1111110002
25766  -28.591  -32.988  57.992 0.1111110002
25767  -29.397  -32.882  58.005 0.1111110002
27527  -31.490  -30.202  56.465 0.1111110002
28052  -32.473  -29.750  56.130 0.1111110002
37547  -35.078  -12.612  59.857 0.1111110002
39440  -38.998  -9.313  56.803 0.1111110002
25777  -29.188  -33.345  57.350 0.1111110002
26968  -31.787  -31.864  55.813 0.1111110002
26966  -31.738  -30.704  55.966 0.1111110002
27530  -32.850  -30.349  56.080 0.1111110002
25205  -29.767  -33.790  56.803 0.1111110002
25778  -30.135  -33.173  57.596 0.1111110002
25206  -30.586  -33.640  56.810 0.1111110002
25207  -31.059  -33.432  56.729 0.1111110002
25789  -31.413  -33.041  56.655 0.1111110002
25790  -31.982  -33.194  56.166 0.1111110002
25791  -32.665  -33.162  55.787 0.1111110002
39429  -36.129  -9.529  58.861 0.1111110002
25219  -30.329  -34.438  56.414 0.1111110002
25220  -31.261  -33.974  56.191 0.1111110002
39430  -36.769  -9.907  58.515 0.1111110002
40051  -37.219  -8.622  57.675 0.1111110002
24654  -30.883  -35.196  55.926 0.1111110002
24655  -31.433  -34.719  55.487 0.1111110002
25221  -31.955  -33.820  55.008 0.1111110002
24072  -30.941  -35.800  55.475 0.1111110002
24659  -31.272  -35.439  55.374 0.1111110002
24075  -31.352  -36.337  55.203 0.1111110002
26300  -11.981  -32.378  66.133 0.2222220004
26310  -12.661  -32.160  65.294 0.3333329856
26898  -12.809  -31.963  65.738 0.2222220004
26291  -11.731  -32.047  66.053 0.2222220004
26887  -12.304  -31.849  66.977 0.2222220004
27476  -12.453  -30.582  64.684 0.2222220004
26909  -12.898  -30.887  64.459 0.4444440007
27466  -11.729  -30.926  65.108 0.2222220004
27997  -13.030  -29.626  64.787 0.2222220004
28508  -13.498  -28.977  65.062 0.3333329856
29060  -13.648  -27.923  65.562 0.2222220004
29053  -14.187  -27.318  65.511 0.2222220004
29604  -14.971  -26.436  65.648 0.1111110002
30142  -15.467  -25.535  65.567 0.1111110002
30141  -14.870  -26.076  66.265 0.1111110002
37571  -40.677  -12.601  54.250 0.7777780294
37568  -40.322  -12.247  55.018 0.7777780294
35175  -33.409  -16.660  59.535 0.1111110002
35771  -33.696  -15.951  59.579 0.2222220004
35772  -34.243  -15.629  59.416 0.2222220004
37576  -41.699  -12.874  53.143 0.8888890147
27521  -28.896  -30.581  58.196 0.1111110002
28048  -31.052  -29.340  57.297 0.2222220004
38175  -40.685  -11.249  55.033 0.3333329856
38176  -41.170  -11.264  54.428 0.4444440007
26960  -29.291  -31.359  58.026 0.1111110002
27526  -30.759  -30.366  56.806 0.1111110002
35769  -33.658  -15.241  59.857 0.1111110002
36368  -34.015  -14.541  60.090 0.1111110002
38795  -39.299  -10.206  56.462 0.1111110002
38798  -40.478  -10.337  55.463 0.1111110002
38801  -40.954  -10.363  54.867 0.3333329856
26366  -29.731  -32.206  57.843 0.1111110002
26964  -30.496  -31.322  56.869 0.1111110002
39444  -40.229  -9.367  55.775 0.1111110002
26372  -30.386  -32.220  57.300 0.1111110002
26965  -31.209  -31.275  56.049 0.1111110002
25779  -30.905  -32.988  57.142 0.1111110002
26373  -30.920  -32.243  56.618 0.1111110002
26376  -31.575  -32.343  56.197 0.1111110002
39433  -36.608  -9.261  58.362 0.1111110002
29064  -14.797  -27.874  64.399 0.3333329856
29061  -14.442  -27.860  64.997 0.2222220004
29062  -14.743  -27.305  64.685 0.2222220004
29613  -15.088  -26.514  64.799 0.1111110002
30696  -20.845  -24.078  62.285 0.1111110002
29612  -14.601  -26.995  65.264 0.1111110002
33430  -33.034  -19.367  59.959 0.3333329856
37572  -41.347  -12.313  53.748 0.7777780294
34582  -33.134  -17.611  59.598 0.1111110002
37577  -42.118  -12.354  52.991 0.7777780294
35170  -32.725  -16.601  59.917 0.1111110002
35768  -33.072  -15.594  59.955 0.1111110002
38802  -41.221  -10.367  54.160 0.4444440007
39451  -41.301  -9.414  53.861 0.4444440007
29617  -15.811  -25.949  63.237 0.1111110002
30150  -15.804  -25.651  63.834 0.1111110002
30151  -16.397  -25.420  63.439 0.1111110002
30152  -17.100  -25.085  63.356 0.1111110002
30146  -15.639  -25.696  64.549 0.1111110002
30688  -18.733  -24.071  63.345 0.1111110002
30713  -28.138  -24.391  61.316 0.5555559993
32842  -32.720  -20.359  59.784 0.4444440007
32841  -31.934  -20.419  59.936 0.4444440007
33427  -32.525  -19.529  60.040 0.4444440007
33993  -32.951  -18.665  59.907 0.2222220004
33425  -30.750  -19.496  60.479 0.3333329856
33426  -31.634  -19.503  60.239 0.3333329856
34576  -32.440  -17.590  60.011 0.2222220004
38185  -42.348  -11.251  52.727 0.7777780294
33986  -31.251  -18.525  60.420 0.2222220004
33987  -32.100  -18.561  60.158 0.2222220004
38181  -41.986  -11.313  53.358 0.7777780294
34575  -31.630  -17.553  60.261 0.1111110002
38806  -42.022  -10.803  53.158 0.7777780294
31197  -21.864  -23.785  62.018 0.5555559993
31199  -23.684  -23.246  61.976 0.5555559993
31728  -24.694  -22.314  62.169 0.5555559993
31200  -24.917  -23.155  61.752 0.5555559993
32276  -28.766  -22.035  60.635 0.5555559993
32279  -29.262  -21.408  60.354 0.3333329856
31739  -29.733  -21.987  60.175 0.4444440007
32839  -30.064  -20.408  60.257 0.3333329856
32840  -31.022  -20.483  60.198 0.4444440007
32280  -30.261  -21.391  60.071 0.4444440007
38812  -42.853  -10.343  51.584 0.8888890147
33985  -30.402  -18.514  60.560 0.2222220004
38811  -42.344  -10.380  52.257 0.7777780294
34574  -30.805  -17.531  60.507 0.1111110002
31201  -25.967  -23.436  61.845 0.5555559993
31729  -25.671  -22.393  62.112 0.6666669846
31202  -26.885  -23.241  62.008 0.6666669846
31204  -28.236  -23.070  61.468 0.5555559993
39460  -42.078  -9.673  52.554 0.6666669846
39464  -43.098  -9.320  51.344 0.7777780294
39461  -42.545  -9.294  52.160 0.6666669846
40074  -43.330  -8.580  52.168 0.6666669846
40681  -43.633  -7.432  53.352 0.5555559993
40079  -43.721  -8.722  51.533 0.6666669846
39468  -44.387  -9.347  50.631 0.8888890147
40682  -44.166  -7.320  52.737 0.6666669846
40071  -43.710  -8.028  52.772 0.5555559993
40106  -49.281  -8.759  44.804 0.4444440007
40080  -44.360  -8.591  51.268 0.6666669846
39469  -44.821  -9.343  50.282 0.8888890147
40075  -44.198  -8.158  52.165 0.6666669846
40111  -48.975  -8.710  43.892 0.4444440007
40118  -49.773  -8.695  43.123 0.4444440007
40084  -44.705  -8.731  50.726 0.6666669846
40081  -45.036  -8.127  51.161 0.6666669846
40685  -44.843  -7.337  52.297 0.6666669846
41325  -44.687  -6.468  52.652 0.4444440007
41920  -44.346  -5.573  52.857 0.3333329856
41919  -43.742  -5.602  53.376 0.2222220004
42542  -43.436  -4.709  53.466 0.1111110002
40125  -48.779  -8.361  42.206 0.5555559993
40117  -48.856  -8.427  42.893 0.4444440007
40731  -50.887  -7.554  39.775 0.4444440007
40726  -50.419  -8.418  40.219 0.6666669846
40085  -45.190  -8.468  50.403 0.6666669846
40076  -44.821  -7.991  51.794 0.6666669846
43149  -43.655  -3.976  53.046 0.1111110002
41378  -52.403  -6.432  40.250 0.3333329856
43194  -52.244  -3.381  42.295 0.5555559993
41379  -53.413  -6.435  39.932 0.4444440007
41979  -52.982  -5.172  40.419 0.4444440007
41972  -52.775  -4.553  40.798 0.4444440007
41980  -54.041  -5.291  39.632 0.4444440007
40686  -45.342  -7.419  51.714 0.6666669846
41326  -45.474  -6.497  52.211 0.6666669846
41922  -45.090  -5.536  52.483 0.3333329856
42546  -44.649  -4.658  52.522 0.3333329856
42545  -43.924  -4.699  52.881 0.3333329856
43147  -43.824  -3.303  53.144 0.1111110002
40712  -47.877  -7.171  42.967 0.6666669846
40724  -48.080  -7.731  40.850 0.6666669846
41372  -48.512  -6.905  39.654 0.6666669846
41376  -49.950  -6.668  39.373 0.6666669846
41373  -49.275  -7.636  39.005 0.6666669846
41375  -49.137  -6.223  39.543 0.6666669846
41377  -51.292  -6.501  39.939 0.5555559993
41970  -51.351  -4.807  40.643 0.4444440007
42594  -50.881  -4.470  41.396 0.6666669846
42589  -50.853  -4.217  42.604 0.7777780294
41978  -51.828  -5.516  40.371 0.4444440007
41971  -52.253  -4.694  40.762 0.4444440007
42595  -51.939  -4.165  41.420 0.7777780294
42590  -51.522  -3.966  42.082 0.7777780294
43193  -51.599  -3.614  42.735 0.7777780294
41380  -54.124  -6.579  39.341 0.4444440007
40692  -45.548  -7.940  50.258 0.6666669846
40688  -45.609  -7.429  50.847 0.6666669846
40693  -46.003  -7.496  50.003 0.6666669846
41329  -45.784  -6.797  51.555 0.6666669846
43150  -44.350  -3.606  52.718 0.1111110002
41369  -47.861  -6.131  42.517 0.6666669846
41963  -47.701  -5.813  41.397 0.6666669846
41969  -49.234  -5.237  41.302 0.6666669846
42593  -50.141  -4.873  41.919 0.6666669846
43782  -51.342  -2.416  45.895 0.5555559993
43177  -51.238  -2.929  45.532 0.5555559993
41977  -50.739  -5.613  40.066 0.6666669846
42600  -50.510  -5.059  40.588 0.6666669846
42599  -50.071  -5.037  41.013 0.6666669846
45695  -51.448  -0.225  45.800 0.4444440007
45006  -51.693  -0.842  45.730 0.4444440007
45694  -51.098  0.113  46.331 0.3333329856
46385  -50.698  1.022  46.648 0.3333329856
46387  -51.285  1.032  45.690 0.3333329856
45697  -51.522  0.415  45.575 0.4444440007
46388  -52.033  1.106  45.051 0.4444440007
45699  -52.712  0.152  44.914 0.5555559993
47088  -50.422  1.527  46.413 0.2222220004
47093  -50.831  1.946  45.426 0.3333329856
46389  -52.432  0.645  44.966 0.5555559993
47094  -51.519  1.541  45.146 0.3333329856
47096  -51.298  2.414  44.385 0.2222220004
40689  -46.022  -6.958  50.575 0.6666669846
41923  -45.861  -5.428  52.067 0.6666669846
41338  -46.532  -6.771  49.711 0.7777780294
42549  -45.381  -4.584  52.189 0.2222220004
43153  -44.988  -3.906  52.319 0.2222220004
44352  -50.883  -1.731  46.861 0.5555559993
43778  -50.887  -2.565  46.556 0.6666669846
45003  -50.833  -0.797  47.139 0.4444440007
45005  -51.210  -0.855  46.333 0.4444440007
44355  -51.315  -1.671  46.161 0.5555559993
45692  -50.674  0.135  47.159 0.3333329856
46382  -50.440  0.641  47.334 0.3333329856
46393  -53.639  1.278  43.921 0.3333329856
46392  -52.882  1.195  44.489 0.4444440007
45701  -53.340  0.315  44.368 0.4444440007
46391  -52.415  1.668  44.445 0.4444440007
47097  -51.874  2.065  44.434 0.3333329856
41330  -46.188  -6.363  51.024 0.6666669846
41334  -46.328  -6.567  50.318 0.6666669846
41327  -46.121  -6.138  51.782 0.6666669846
41335  -46.929  -6.064  50.049 0.6666669846
41924  -46.511  -5.322  51.375 0.6666669846
42574  -51.017  -4.325  46.905 0.7777780294
43173  -50.824  -3.455  47.042 0.7777780294
44998  -49.972  -0.756  48.185 0.3333329856
44999  -50.371  -1.094  47.741 0.3333329856
44348  -50.464  -1.770  47.559 0.5555559993
45002  -50.439  -0.456  47.607 0.3333329856
47098  -52.906  2.402  43.995 0.4444440007
47833  -52.342  2.938  43.615 0.3333329856
47832  -51.657  2.756  43.705 0.2222220004
41927  -46.638  -5.742  50.971 0.6666669846
41331  -46.667  -6.013  50.647 0.6666669846
41930  -47.666  -5.315  49.637 0.6666669846
41934  -47.790  -5.798  49.051 0.7777780294
42550  -46.119  -4.425  51.743 0.5555559993
41935  -48.488  -5.308  48.708 0.7777780294
41936  -49.222  -4.866  48.429 0.7777780294
43166  -49.228  -3.276  49.030 0.5555559993
42573  -50.598  -4.611  47.395 0.7777780294
43167  -49.785  -3.337  48.566 0.5555559993
42571  -50.739  -4.080  47.439 0.6666669846
43774  -50.169  -2.577  48.098 0.5555559993
43171  -50.556  -3.614  47.591 0.6666669846
44344  -49.429  -1.643  48.591 0.3333329856
44347  -50.034  -1.716  48.158 0.4444440007
43775  -50.543  -2.739  47.382 0.5555559993
47099  -53.326  1.842  43.929 0.3333329856
47101  -53.261  3.001  43.434 0.3333329856
41928  -47.094  -5.216  50.673 0.6666669846
42559  -47.581  -4.698  50.208 0.6666669846
41931  -48.183  -4.809  49.339 0.7777780294
42552  -47.144  -4.638  50.995 0.6666669846
42556  -47.484  -4.105  50.672 0.6666669846
42564  -48.524  -4.467  49.177 0.6666669846
42561  -48.733  -3.867  49.258 0.6666669846
42565  -49.210  -4.225  48.782 0.6666669846
42569  -49.655  -4.582  48.325 0.6666669846
42570  -50.256  -4.350  47.900 0.7777780294
42566  -49.896  -4.004  48.409 0.6666669846
43170  -50.259  -3.437  48.044 0.5555559993
47103  -54.343  1.927  42.940 0.3333329856
47102  -53.769  2.444  43.209 0.3333329856
30697  -21.473  -24.014  62.029 0.3333329856
30694  -19.005  -24.611  62.705 0.1111110002
30693  -18.309  -24.745  62.948 0.1111110002
30689  -19.428  -24.071  63.082 0.1111110002
30700  -21.179  -24.672  61.778 0.5555559993
30701  -21.973  -24.362  61.697 0.5555559993
31198  -22.460  -23.602  62.001 0.2222220004
31210  -28.050  -23.625  61.420 0.6666669846
31209  -25.709  -24.124  61.619 0.5555559993
30706  -27.599  -23.937  61.511 0.5555559993
30704  -26.548  -23.734  61.791 0.6666669846
32293  -35.074  -21.429  58.297 0.6666669846
26942  -18.913  -31.911  60.025 0.2222220004
30159  -19.262  -25.065  62.112 0.1111110002
28553  -31.883  -27.934  57.664 0.2222220004
31736  -29.264  -22.591  60.496 0.5555559993
31207  -24.410  -23.836  61.526 0.5555559993
30705  -27.038  -23.874  61.752 0.6666669846
30712  -27.270  -24.583  61.544 0.5555559993
26957  -27.727  -31.103  58.277 0.1111110002
26356  -27.265  -31.611  58.092 0.1111110002
38188  -42.845  -11.306  51.940 0.8888890147
39465  -43.850  -9.399  50.958 0.7777780294
32301  -37.781  -21.458  55.774 0.2222220004
30695  -19.904  -24.405  62.486 0.1111110002
26961  -29.883  -31.349  57.478 0.1111110002
32304  -39.133  -21.471  54.908 0.2222220004
31229  -37.243  -23.100  56.444 0.2222220004
30738  -38.040  -24.392  55.342 0.1111110002
30201  -37.730  -25.487  55.885 0.1111110002
30202  -37.864  -24.969  55.505 0.1111110002
30204  -37.955  -25.944  55.372 0.1111110002
30207  -38.678  -25.354  54.153 0.1111110002
30734  -36.669  -24.385  56.593 0.2222220004
30199  -36.361  -25.914  56.554 0.2222220004
30200  -36.758  -25.451  56.438 0.1111110002
25161  -10.154  -33.895  64.718 0.3333329856
31225  -35.372  -23.391  57.727 0.2222220004
36972  -36.758  -13.707  58.277 0.3333329856
31750  -35.161  -22.482  57.965 0.3333329856
29111  -34.895  -27.671  56.487 0.1111110002
29108  -34.997  -27.087  56.846 0.1111110002
37556  -37.937  -12.323  57.547 0.2222220004
37563  -39.509  -12.381  55.927 0.5555559993
28559  -33.803  -27.917  56.750 0.1111110002
38170  -39.197  -11.859  56.316 0.1111110002
25231  -34.130  -34.267  54.239 0.1111110002
31220  -33.570  -23.428  58.815 0.3333329856
29651  -32.891  -25.911  58.388 0.1111110002
29103  -32.865  -27.146  57.534 0.1111110002
38168  -39.082  -10.771  56.568 0.1111110002
25774  -26.165  -33.315  56.517 0.1111110002
38151  -35.324  -12.080  59.800 0.1111110002
27529  -32.130  -30.245  56.125 0.1111110002
39438  -37.685  -9.189  57.589 0.1111110002
25227  -33.187  -34.280  54.932 0.1111110002
26959  -28.539  -31.317  58.302 0.1111110002
36369  -34.540  -14.155  59.890 0.1111110002
26377  -32.228  -32.355  56.035 0.1111110002
37569  -40.860  -11.952  54.530 0.7777780294
37573  -41.797  -11.819  53.539 0.7777780294
38180  -41.616  -11.247  53.869 0.7777780294
38805  -41.570  -10.406  53.425 0.7777780294
38808  -41.600  -9.962  53.062 0.7777780294
31735  -28.557  -22.521  61.074 0.4444440007
31203  -27.625  -23.252  61.723 0.5555559993
40070  -42.970  -8.421  53.138 0.5555559993
41322  -44.009  -6.490  53.139 0.4444440007
40723  -47.504  -7.231  41.605 0.6666669846
42596  -52.660  -4.134  41.160 0.3333329856
45698  -52.015  0.072  45.305 0.4444440007
43771  -49.626  -2.499  48.600 0.5555559993
42560  -48.037  -4.127  49.738 0.6666669846
32863  -40.318  -20.549  54.777 0.3333329856
32306  -40.669  -21.395  54.597 0.2222220004
32866  -41.084  -20.524  54.669 0.3333329856
32867  -41.797  -20.585  54.377 0.2222220004
31765  -41.471  -22.440  54.048 0.2222220004
32309  -42.079  -21.508  54.129 0.2222220004
39447  -40.729  -9.430  55.206 0.2222220004
40060  -40.545  -8.483  55.452 0.2222220004
39455  -41.468  -9.639  53.305 0.5555559993
39452  -41.667  -9.073  53.476 0.4444440007
38809  -41.956  -10.288  52.887 0.5555559993
39456  -41.834  -9.457  53.016 0.5555559993
39457  -42.311  -9.088  52.847 0.5555559993
40069  -42.206  -8.765  53.397 0.4444440007
40678  -43.077  -7.588  54.152 0.3333329856
41925  -46.919  -4.873  51.109 0.5555559993
42551  -46.883  -4.276  51.275 0.5555559993
43160  -47.340  -3.229  50.956 0.3333329856
42557  -47.841  -3.643  50.197 0.3333329856
43161  -47.778  -3.179  50.438 0.3333329856
43163  -48.232  -3.194  50.000 0.3333329856
43164  -48.686  -3.239  49.505 0.3333329856
43770  -49.044  -2.459  49.067 0.3333329856
47838  -52.915  3.537  43.455 0.3333329856
48574  -53.244  4.535  43.114 0.3333329856
49304  -53.062  5.651  42.629 0.1111110002
50060  -53.278  6.729  41.959 0.1111110002
49316  -54.112  6.175  41.639 0.2222220004
49310  -53.819  5.653  42.167 0.2222220004
50061  -53.670  6.698  41.597 0.2222220004
50066  -54.179  6.705  41.274 0.2222220004
50797  -53.510  7.606  41.946 0.1111110002
50798  -53.815  7.595  41.391 0.1111110002
50804  -54.210  7.563  40.873 0.2222220004
51566  -54.346  8.472  40.559 0.2222220004
50069  -55.158  6.658  40.428 0.1111110002
50805  -54.731  7.557  40.433 0.2222220004
52327  -54.636  9.340  39.551 0.1111110002
51567  -54.720  8.443  39.986 0.2222220004
50807  -55.302  7.535  39.879 0.1111110002
50811  -55.520  7.812  39.249 0.1111110002
51570  -55.042  8.455  39.359 0.2222220004
50812  -56.036  7.509  38.865 0.1111110002
51573  -55.444  8.424  38.685 0.2222220004
50815  -56.333  7.439  38.222 0.2222220004
51578  -56.322  8.372  37.676 0.2222220004
52335  -55.400  9.387  38.332 0.2222220004
51577  -55.817  8.738  38.168 0.1111110002
51579  -56.951  8.074  37.252 0.2222220004
51583  -56.784  8.724  37.122 0.2222220004
52336  -55.978  9.421  37.809 0.2222220004
51584  -57.216  8.434  36.562 0.1111110002
52341  -56.372  9.308  37.201 0.1111110002
52342  -56.747  9.319  36.681 0.1111110002
52349  -57.297  9.409  35.004 0.1111110002
53113  -55.505  10.309  38.003 0.1111110002
53117  -56.094  10.298  37.140 0.2222220004
53118  -56.386  9.776  36.817 0.1111110002
52346  -57.042  9.371  35.939 0.1111110002
53121  -56.327  10.722  36.676 0.1111110002
53864  -56.452  10.938  36.435 0.1111110002
52351  -57.443  9.395  33.975 0.2222220004
53125  -56.908  10.348  35.411 0.2222220004
53868  -56.623  11.357  35.889 0.1111110002
53871  -56.913  11.328  34.870 0.1111110002
51590  -57.486  8.462  35.586 0.2222220004
52355  -57.444  9.621  33.257 0.2222220004
32308  -41.361  -21.423  54.404 0.2222220004
40066  -42.584  -8.294  53.857 0.3333329856
49305  -53.526  5.137  42.766 0.2222220004
51574  -56.000  8.101  38.338 0.1111110002
52331  -54.912  9.301  38.886 0.2222220004
53122  -56.512  10.254  36.345 0.1111110002
32305  -39.921  -21.454  54.743 0.1111110002
31730  -26.617  -22.423  62.146 0.5555559993
31731  -27.459  -22.480  61.986 0.3333329856
31732  -28.022  -22.464  61.543 0.3333329856
25184  -14.125  -34.371  59.967 0.3333329856
25186  -16.238  -34.304  60.300 0.2222220004
31195  -23.398  -22.631  62.409 0.1111110002
33461  -45.341  -19.585  51.992 0.3333329856
37605  -50.241  -12.543  46.698 0.1111110002
37606  -51.003  -12.599  46.566 0.1111110002
35841  -53.402  -15.294  44.420 0.1111110002
37029  -53.130  -13.534  44.785 0.1111110002
37617  -53.119  -12.968  43.848 0.1111110002
38224  -52.998  -12.332  43.394 0.1111110002
36444  -53.512  -14.394  44.345 0.1111110002
37032  -53.483  -13.554  44.192 0.1111110002
38228  -52.966  -12.022  42.984 0.1111110002
40728  -52.125  -8.506  40.459 0.1111110002
40727  -51.368  -8.268  40.434 0.1111110002
40133  -52.806  -8.899  40.333 0.1111110002
37609  -51.692  -12.628  46.224 0.1111110002
38214  -51.329  -11.791  46.544 0.1111110002
37026  -52.034  -13.514  45.797 0.1111110002
37610  -52.236  -12.644  45.698 0.1111110002
38840  -51.456  -10.938  46.287 0.1111110002
36439  -52.510  -14.422  45.456 0.1111110002
38841  -52.083  -10.981  45.782 0.1111110002
37028  -52.627  -13.528  45.323 0.1111110002
37613  -52.674  -12.681  45.097 0.1111110002
38221  -53.100  -11.989  44.187 0.1111110002
40120  -52.011  -8.925  43.199 0.1111110002
40119  -50.881  -8.605  43.259 0.1111110002
35837  -52.992  -15.321  45.034 0.1111110002
37614  -52.970  -12.770  44.463 0.1111110002
38848  -52.937  -11.201  43.820 0.1111110002
39500  -53.269  -10.021  43.560 0.1111110002
40128  -51.455  -8.628  42.199 0.1111110002
40719  -49.830  -8.669  41.209 0.3333329856
38849  -52.791  -11.028  43.296 0.1111110002
40122  -52.770  -9.923  42.624 0.1111110002
40721  -51.716  -8.579  41.251 0.1111110002
39504  -52.405  -10.207  42.011 0.1111110002
40130  -52.575  -9.702  42.436 0.1111110002
40129  -52.412  -9.294  41.627 0.1111110002
40720  -50.898  -8.554  41.277 0.1111110002
39503  -52.429  -10.770  40.487 0.1111110002
39490  -51.567  -9.948  45.707 0.1111110002
38844  -52.487  -11.003  45.151 0.1111110002
39491  -52.175  -10.189  45.356 0.1111110002
40108  -51.488  -9.572  45.188 0.1111110002
40113  -51.266  -9.010  44.247 0.1111110002
38220  -52.719  -11.856  44.823 0.1111110002
39492  -52.753  -10.413  44.912 0.1111110002
40114  -52.522  -9.347  44.345 0.1111110002
39496  -53.151  -10.201  44.313 0.1111110002
40115  -53.199  -9.600  43.919 0.1111110002
42555  -47.222  -3.803  51.103 0.3333329856
43767  -48.623  -2.465  49.656 0.2222220004
44343  -48.810  -1.611  49.137 0.1111110002
44995  -49.272  -0.805  48.655 0.1111110002
47106  -54.563  2.484  42.334 0.2222220004
48568  -52.494  3.643  43.413 0.2222220004
47847  -54.965  3.522  41.760 0.2222220004
48573  -52.572  4.461  43.159 0.2222220004
48580  -54.254  4.508  42.373 0.2222220004
48585  -54.687  4.456  41.881 0.2222220004
49311  -54.467  5.095  42.023 0.1111110002
49309  -53.241  6.173  42.187 0.1111110002
47105  -54.122  3.022  42.563 0.2222220004
47839  -53.503  3.628  43.137 0.2222220004
47844  -54.001  3.626  42.746 0.2222220004
47845  -54.427  3.597  42.257 0.2222220004
48579  -53.788  4.546  42.807 0.2222220004
32862  -39.555  -20.567  54.863 0.1111110002
39487  -51.696  -10.400  45.878 0.1111110002
40107  -50.301  -9.218  44.969 0.2222220004
32275  -28.243  -21.504  60.981 0.3333329856
40112  -50.091  -8.921  44.069 0.2222220004
40127  -50.396  -8.581  42.243 0.1111110002
36440  -53.124  -14.399  45.010 0.1111110002
38853  -52.751  -11.596  42.654 0.1111110002
39507  -52.669  -9.909  40.204 0.1111110002
38217  -51.996  -11.774  46.178 0.1111110002
38218  -52.375  -11.807  45.495 0.1111110002
38845  -52.735  -11.052  44.499 0.1111110002
39497  -53.049  -10.531  43.602 0.1111110002
40121  -52.838  -9.557  43.097 0.1111110002
39501  -52.815  -10.474  42.838 0.1111110002
38858  -52.363  -11.300  41.525 0.1111110002
40109  -52.286  -9.690  45.006 0.1111110002
39495  -52.782  -9.834  44.953 0.1111110002
32876  -45.065  -20.254  51.994 0.1111110002
41318  -42.942  -6.568  54.361 0.2222220004
40674  -42.777  -7.161  54.520 0.1111110002
41915  -42.592  -5.721  54.469 0.1111110002
41321  -43.471  -6.553  53.770 0.2222220004
41916  -43.235  -5.628  53.977 0.1111110002
43159  -47.005  -3.555  51.288 0.2222220004
40733  -52.904  -7.672  40.138 0.1111110002
41984  -54.426  -5.938  39.055 0.3333329856
40732  -51.873  -7.464  40.111 0.3333329856
42602  -53.679  -4.259  40.222 0.3333329856
42603  -54.351  -4.200  39.766 0.2222220004
43195  -52.757  -3.098  41.915 0.2222220004
43798  -53.247  -2.510  41.985 0.2222220004
43802  -53.529  -2.609  41.171 0.2222220004
43803  -54.040  -2.018  40.903 0.2222220004
43201  -53.520  -3.399  40.673 0.2222220004
43805  -53.858  -2.744  40.566 0.2222220004
44376  -54.819  -1.749  39.886 0.2222220004
45025  -55.865  -0.105  38.187 0.2222220004
43202  -54.098  -3.408  40.183 0.2222220004
43806  -54.462  -2.479  40.181 0.2222220004
43807  -54.744  -2.356  39.252 0.2222220004
44380  -56.006  -0.835  38.017 0.2222220004
43203  -54.618  -3.317  39.569 0.2222220004
43815  -55.847  -1.849  37.717 0.2222220004
33463  -45.873  -19.559  51.569 0.1111110002
45026  -56.279  0.146  37.789 0.2222220004
43198  -52.557  -3.641  41.638 0.3333329856
42601  -53.155  -4.159  40.794 0.3333329856
43199  -53.080  -3.369  41.346 0.2222220004
32880  -46.087  -20.202  51.208 0.1111110002
41981  -54.568  -4.707  39.456 0.2222220004
42606  -54.826  -4.134  39.220 0.2222220004
44373  -54.575  -1.549  40.566 0.2222220004
45029  -56.266  -0.464  37.853 0.2222220004
43809  -55.238  -2.146  38.247 0.2222220004
33464  -46.339  -19.556  51.108 0.1111110002
35230  -48.542  -16.624  48.550 0.1111110002
35231  -48.973  -16.759  47.819 0.1111110002
34639  -49.544  -17.569  47.526 0.1111110002
34636  -48.986  -17.575  48.089 0.1111110002
35233  -49.447  -16.749  47.335 0.1111110002
35824  -49.056  -16.244  47.630 0.1111110002
34640  -50.035  -17.473  47.043 0.1111110002
36431  -50.416  -13.887  46.561 0.1111110002
34641  -50.581  -17.438  46.704 0.1111110002
35826  -48.802  -15.282  47.694 0.1111110002
35827  -49.253  -15.742  47.358 0.1111110002
35234  -49.993  -16.626  46.857 0.1111110002
35828  -50.149  -15.593  46.662 0.1111110002
35831  -50.405  -15.085  46.432 0.1111110002
36434  -50.569  -14.841  46.362 0.1111110002
36428  -48.914  -15.057  47.521 0.1111110002
36429  -49.257  -14.613  47.335 0.1111110002
36430  -50.090  -14.403  46.665 0.1111110002
31727  -23.888  -22.191  62.397 0.1111110002
40065  -41.936  -8.471  54.069 0.2222220004
32278  -28.803  -20.983  60.543 0.2222220004
32838  -29.224  -20.334  60.496 0.2222220004
32270  -27.398  -21.473  61.887 0.2222220004
32274  -27.733  -20.936  61.283 0.2222220004
32837  -28.589  -20.645  60.638 0.2222220004
33424  -29.891  -19.453  60.499 0.1111110002
32832  -27.242  -20.356  61.430 0.1111110002
32268  -25.459  -21.420  62.198 0.2222220004
32269  -26.390  -21.505  62.178 0.1111110002
32868  -42.453  -20.597  54.015 0.1111110002
31761  -40.300  -22.360  54.510 0.1111110002
31762  -40.949  -22.076  54.424 0.1111110002
43155  -46.542  -3.414  51.640 0.1111110002
43156  -46.996  -3.033  51.351 0.1111110002
47848  -55.368  3.609  41.146 0.1111110002
43763  -47.629  -2.449  50.583 0.1111110002
48566  -51.556  3.356  43.144 0.1111110002
45691  -50.291  0.175  47.802 0.1111110002
47826  -50.334  2.528  44.982 0.1111110002
48567  -52.102  3.583  43.325 0.1111110002
51620  -58.183  8.633  27.199 0.1111110002
52379  -57.934  9.552  25.825 0.1111110002
48586  -55.088  4.436  41.350 0.1111110002
48588  -55.442  4.447  40.819 0.1111110002
53158  -57.612  9.964  25.848 0.1111110002
52381  -57.852  9.893  25.431 0.1111110002
49318  -55.220  5.013  41.059 0.1111110002
48591  -56.292  4.463  39.569 0.1111110002
48590  -55.850  4.512  40.233 0.1111110002
52374  -58.040  9.494  27.697 0.1111110002
53162  -57.688  10.114  25.640 0.1111110002
49321  -55.371  5.520  40.535 0.1111110002
53155  -57.660  10.430  27.217 0.1111110002
52376  -57.942  9.510  26.740 0.1111110002
53159  -57.558  10.384  26.082 0.1111110002
49323  -55.977  5.439  39.728 0.1111110002
50073  -56.263  6.404  39.127 0.1111110002
53904  -57.470  11.662  26.680 0.1111110002
53906  -57.799  11.550  25.533 0.1111110002
53901  -57.288  11.238  27.774 0.1111110002
53903  -57.323  12.339  27.005 0.1111110002
54605  -57.754  12.559  25.783 0.1111110002
54609  -58.169  12.596  24.836 0.1111110002
56034  -58.551  14.374  19.694 0.1111110002
53900  -57.217  12.104  27.538 0.1111110002
54604  -57.437  12.738  26.542 0.1111110002
55296  -57.684  13.430  25.951 0.1111110002
55300  -58.067  13.352  25.266 0.1111110002
55303  -58.756  13.401  24.126 0.1111110002
56017  -58.752  13.912  21.837 0.1111110002
56016  -58.408  14.387  21.497 0.1111110002
56042  -58.661  14.364  18.813 0.1111110002
56704  -58.116  15.005  20.134 0.1111110002
56025  -58.426  14.433  20.610 0.1111110002
56713  -58.297  15.081  19.249 0.1111110002
53897  -57.156  11.860  28.211 0.1111110002
54595  -57.122  12.694  28.283 0.1111110002
54600  -57.215  12.874  27.265 0.1111110002
55995  -57.500  14.004  26.116 0.1111110002
56000  -57.766  14.302  25.306 0.1111110002
56001  -58.261  13.779  24.973 0.1111110002
56009  -58.619  14.343  23.675 0.1111110002
56003  -58.097  14.562  24.352 0.1111110002
56014  -58.754  14.094  22.671 0.1111110002
56686  -58.363  14.556  22.914 0.1111110002
56690  -58.432  14.447  22.521 0.1111110002
56695  -57.983  14.908  21.104 0.1111110002
56719  -57.960  15.642  18.894 0.1111110002
50824  -57.307  7.489  36.048 0.2222220004
50827  -57.375  7.519  35.112 0.2222220004
53889  -57.315  11.879  31.236 0.1111110002
54582  -57.275  12.065  30.105 0.1111110002
55293  -57.121  13.818  27.598 0.1111110002
55295  -57.309  13.580  26.649 0.1111110002
56008  -58.075  14.734  23.871 0.1111110002
56685  -57.769  15.060  23.339 0.1111110002
56688  -57.471  15.517  22.523 0.1111110002
57392  -57.938  15.804  18.494 0.1111110002
56712  -57.713  15.600  19.600 0.1111110002
53883  -57.436  11.483  31.840 0.1111110002
55288  -57.316  12.590  29.809 0.1111110002
54588  -57.183  12.975  28.987 0.1111110002
55994  -57.003  14.627  26.492 0.1111110002
56677  -57.672  14.920  24.645 0.1111110002
56694  -57.493  15.443  21.584 0.1111110002
56703  -57.552  15.491  20.579 0.1111110002
57376  -56.969  15.968  21.042 0.1111110002
57391  -57.217  16.280  18.772 0.1111110002
57384  -57.036  16.028  20.038 0.1111110002
53879  -57.285  11.487  32.903 0.1111110002
55999  -57.248  14.913  25.670 0.1111110002
56676  -57.287  15.336  25.118 0.1111110002
57349  -56.898  15.940  25.164 0.1111110002
57356  -57.484  15.524  23.930 0.1111110002
56684  -57.410  15.665  23.076 0.1111110002
58053  -57.130  17.039  17.205 0.1111110002
57383  -56.661  16.772  19.807 0.1111110002
57398  -57.518  16.476  17.614 0.1111110002
56680  -57.449  15.357  24.478 0.1111110002
57353  -57.429  15.472  24.214 0.1111110002
57355  -57.231  15.969  23.537 0.1111110002
57366  -57.118  16.114  21.966 0.1111110002
57359  -57.181  16.159  22.794 0.1111110002
57375  -56.702  16.558  20.601 0.1111110002
57365  -56.711  16.729  21.430 0.1111110002
57390  -56.613  16.978  19.183 0.1111110002
51622  -58.384  8.652  26.344 0.1111110002
54596  -57.190  12.027  28.643 0.1111110002
55283  -57.378  12.702  30.220 0.1111110002
50816  -56.745  7.356  37.612 0.1111110002
32271  -27.809  -21.977  61.647 0.2222220004
32833  -28.099  -20.358  60.894 0.1111110002
55301  -58.406  13.393  24.696 0.1111110002
56004  -58.474  14.011  24.571 0.1111110002
56013  -58.479  14.322  22.169 0.1111110002
56689  -58.026  14.796  22.228 0.1111110002
54589  -57.264  12.273  29.254 0.1111110002
55991  -56.875  14.711  27.493 0.1111110002
55287  -57.344  13.281  29.654 0.1111110002
58047  -57.010  16.963  17.959 0.1111110002
26317  -7.773  -32.410  64.486 0.1111110002
24591  -8.725  -35.170  64.128 0.2222220004
23456  -13.401  -37.804  61.754 0.2222220004
22909  -13.203  -38.528  62.119 0.2222220004
26893  -8.291  -31.701  65.550 0.1111110002
25717  -8.101  -33.015  65.228 0.2222220004
25718  -8.990  -33.411  65.223 0.2222220004
25165  -9.252  -34.602  64.544 0.2222220004
24598  -10.149  -35.581  63.484 0.2222220004
24021  -10.590  -36.553  62.810 0.2222220004
24592  -9.586  -35.198  64.066 0.2222220004
24597  -9.193  -35.814  63.610 0.2222220004
23454  -12.077  -37.518  62.000 0.2222220004
23464  -14.817  -37.629  60.526 0.2222220004
23466  -15.516  -37.396  60.236 0.2222220004
23467  -16.188  -37.617  60.413 0.2222220004
22920  -16.705  -38.431  60.513 0.2222220004
23468  -17.086  -37.420  60.438 0.2222220004
22921  -17.526  -38.311  60.245 0.2222220004
22922  -18.432  -38.241  59.786 0.2222220004
22924  -18.708  -38.727  59.455 0.1111110002
26306  -8.208  -32.175  65.344 0.1111110002
25166  -10.398  -34.520  64.216 0.2222220004
24022  -10.913  -36.030  62.499 0.2222220004
24029  -11.256  -36.532  62.167 0.2222220004
24028  -11.037  -37.051  62.470 0.2222220004
23453  -11.470  -37.521  62.223 0.2222220004
24035  -15.134  -36.817  59.732 0.2222220004
24040  -15.850  -36.792  60.135 0.2222220004
23469  -18.013  -37.287  60.271 0.2222220004
23473  -19.371  -37.523  59.627 0.2222220004
22925  -19.314  -38.302  59.386 0.1111110002
23474  -20.042  -37.345  59.340 0.1111110002
22384  -20.607  -38.883  58.547 0.1111110002
24619  -15.604  -36.135  59.793 0.2222220004
24615  -15.928  -35.341  60.010 0.2222220004
24036  -16.645  -35.834  60.311 0.2222220004
24041  -16.561  -36.669  60.334 0.2222220004
24042  -17.438  -36.188  60.435 0.2222220004
24037  -17.053  -35.562  60.453 0.2222220004
32834  -28.718  -20.036  60.654 0.1111110002
40736  -54.387  -7.572  38.939 0.1111110002
40741  -54.738  -7.267  38.546 0.1111110002
40142  -54.592  -8.230  38.811 0.1111110002
40738  -55.214  -8.362  38.163 0.1111110002
40744  -56.115  -8.377  37.436 0.1111110002
39529  -59.001  -9.732  36.691 0.1111110002
40746  -55.464  -7.240  37.710 0.1111110002
40150  -57.316  -8.254  37.054 0.1111110002
40154  -58.436  -8.268  36.297 0.1111110002
40152  -58.671  -9.210  36.819 0.1111110002
39530  -59.503  -9.624  36.120 0.1111110002
39533  -60.070  -9.585  35.486 0.1111110002
41382  -54.519  -6.674  38.791 0.1111110002
41988  -54.712  -6.025  38.636 0.1111110002
40747  -55.805  -7.494  37.255 0.1111110002
40751  -58.076  -7.709  36.231 0.1111110002
40155  -58.981  -8.730  36.348 0.1111110002
39536  -60.412  -9.481  34.716 0.1111110002
41989  -55.128  -5.800  38.259 0.1111110002
41388  -56.047  -6.738  36.838 0.1111110002
40748  -56.625  -7.802  36.962 0.1111110002
40752  -58.785  -7.714  35.978 0.1111110002
40156  -59.709  -8.708  35.753 0.1111110002
24600  -11.566  -35.253  62.994 0.2222220004
24606  -11.319  -35.700  62.415 0.2222220004
25174  -10.696  -35.056  63.613 0.2222220004
24599  -10.898  -35.578  63.063 0.2222220004
22907  -11.257  -38.480  62.401 0.2222220004
22379  -17.797  -39.171  60.008 0.1111110002
22380  -18.305  -39.200  59.564 0.1111110002
22923  -18.991  -37.793  59.635 0.1111110002
22382  -18.844  -39.213  59.205 0.1111110002
23470  -18.897  -37.204  59.931 0.2222220004
22926  -20.335  -38.292  59.036 0.1111110002
24620  -16.129  -36.156  60.121 0.2222220004
40737  -54.811  -7.937  38.529 0.1111110002
40742  -55.132  -7.445  38.150 0.1111110002
40743  -55.511  -7.960  37.711 0.1111110002
40147  -57.025  -8.854  37.467 0.1111110002
41384  -54.907  -6.647  38.375 0.1111110002
41385  -55.289  -6.628  37.973 0.1111110002
41387  -55.648  -6.627  37.468 0.1111110002
40749  -57.393  -7.737  36.604 0.1111110002
40151  -58.082  -8.679  37.016 0.1111110002
41992  -55.474  -5.988  37.758 0.1111110002
41389  -56.741  -6.938  36.355 0.1111110002
20677  -6.509  -42.620  60.818 0.1111110002
20678  -7.164  -42.535  60.611 0.1111110002
20679  -8.073  -42.446  60.529 0.1111110002
21284  -7.349  -41.935  61.029 0.1111110002
25171  -5.775  -34.382  63.395 0.1111110002
24594  -6.215  -35.080  63.414 0.1111110002
24604  -6.512  -35.720  62.915 0.1111110002
21285  -7.655  -42.051  60.767 0.1111110002
20670  -8.737  -42.353  61.149 0.1111110002
24025  -5.998  -36.353  62.652 0.1111110002
20668  -6.194  -42.281  61.227 0.1111110002
21275  -8.064  -41.627  61.371 0.1111110002
20671  -9.335  -42.354  61.447 0.1111110002
20035  -6.050  -42.872  60.847 0.1111110002
25737  -6.431  -33.637  63.561 0.1111110002
25172  -6.537  -34.579  63.652 0.1111110002
24595  -7.230  -35.263  63.466 0.1111110002
20669  -6.818  -42.116  61.105 0.1111110002
21276  -9.108  -41.534  61.639 0.1111110002
20658  -6.187  -41.780  61.734 0.1111110002
20034  -5.583  -42.695  61.053 0.1111110002
21829  -8.577  -41.207  61.794 0.1111110002
21263  -9.459  -41.248  61.918 0.1111110002
20657  -5.870  -41.647  61.784 0.1111110002
25162  -6.784  -34.286  63.898 0.1111110002
21274  -7.198  -41.766  61.600 0.1111110002
24027  -7.189  -36.572  63.097 0.1111110002
23444  -7.549  -37.594  63.383 0.1111110002
24026  -6.726  -36.644  62.927 0.1111110002
24017  -7.160  -36.979  63.225 0.1111110002
21261  -6.732  -41.507  62.215 0.1111110002
21818  -8.297  -40.659  62.358 0.1111110002
22363  -8.949  -40.095  62.394 0.1111110002
21819  -9.329  -40.736  62.050 0.1111110002
23443  -6.700  -37.576  63.181 0.1111110002
22357  -6.804  -39.379  63.093 0.1111110002
21812  -6.821  -40.165  62.904 0.1111110002
22364  -9.667  -39.531  62.441 0.1111110002
22365  -10.824  -39.495  62.291 0.1111110002
22918  -15.985  -38.546  60.848 0.1111110002
24589  -7.467  -34.960  63.846 0.1111110002
24596  -8.258  -35.732  63.614 0.1111110002
24018  -7.716  -36.551  63.294 0.1111110002
23445  -8.399  -37.517  63.345 0.1111110002
22359  -8.654  -39.458  62.910 0.1111110002
22360  -9.267  -39.048  62.922 0.1111110002
22905  -9.602  -38.714  62.875 0.1111110002
22906  -10.286  -38.483  62.697 0.1111110002
22367  -12.843  -39.469  62.142 0.1111110002
22916  -14.578  -38.152  61.307 0.1111110002
22917  -15.247  -38.546  61.181 0.1111110002
23465  -15.556  -37.952  60.645 0.1111110002
24043  -18.469  -36.274  60.174 0.1111110002
23471  -19.488  -36.939  59.639 0.1111110002
24045  -19.708  -36.361  59.177 0.1111110002
23475  -20.808  -37.477  58.656 0.1111110002
25738  -7.013  -33.466  63.803 0.1111110002
25729  -7.458  -33.532  64.445 0.1111110002
25164  -8.210  -34.447  64.533 0.1111110002
24019  -8.751  -36.600  63.323 0.1111110002
23446  -9.289  -37.446  63.201 0.1111110002
22901  -9.701  -38.129  63.105 0.1111110002
23452  -10.789  -37.593  62.602 0.1111110002
24622  -18.151  -35.295  60.275 0.1111110002
24044  -19.126  -36.272  59.665 0.1111110002
24626  -19.923  -35.495  58.622 0.1111110002
25730  -8.240  -33.787  65.070 0.1111110002
24020  -9.697  -36.577  63.260 0.1111110002
24616  -16.701  -35.079  60.476 0.1111110002
24623  -18.930  -35.372  59.956 0.1111110002
24624  -19.434  -35.413  59.340 0.1111110002
25187  -17.078  -34.285  60.382 0.1111110002
25190  -17.855  -34.358  60.228 0.1111110002
25191  -18.634  -34.438  60.028 0.1111110002
25753  -19.817  -33.647  59.623 0.1111110002
25192  -19.340  -34.499  59.694 0.1111110002
25193  -19.931  -34.530  59.202 0.1111110002
25195  -20.486  -34.535  58.562 0.1111110002
40061  -41.082  -8.518  54.973 0.1111110002
39448  -41.065  -9.475  54.576 0.1111110002
40064  -41.322  -8.754  54.390 0.1111110002
40062  -41.656  -8.169  54.700 0.1111110002
40673  -42.341  -7.579  54.673 0.1111110002
48627  -58.040  4.306  30.064 0.1111110002
47885  -58.254  3.375  30.587 0.1111110002
48620  -57.756  4.334  30.869 0.1111110002
49361  -58.098  4.794  29.640 0.1111110002
47141  -58.454  2.369  31.420 0.1111110002
47145  -58.609  2.780  30.785 0.1111110002
47146  -58.905  2.314  30.637 0.1111110002
46434  -58.738  0.947  31.888 0.1111110002
45743  -58.499  0.271  32.386 0.1111110002
45050  -57.880  -0.727  33.760 0.1111110002
43834  -57.645  -2.779  35.009 0.1111110002
42613  -56.197  -4.596  37.066 0.1111110002
43214  -56.592  -3.623  36.767 0.1111110002
43217  -57.174  -3.832  36.184 0.1111110002
46433  -58.379  1.306  32.323 0.1111110002
47136  -57.589  2.330  33.390 0.1111110002
45740  -57.976  0.268  33.054 0.1111110002
46431  -57.902  1.315  33.240 0.1111110002
46428  -57.439  1.318  34.139 0.1111110002
41986  -55.300  -4.956  38.341 0.1111110002
42609  -55.492  -4.372  37.879 0.1111110002
43212  -55.959  -3.495  37.311 0.1111110002
45737  -57.755  0.312  33.983 0.1111110002
43211  -55.644  -3.860  37.613 0.1111110002
43820  -57.036  -2.878  36.462 0.1111110002
44396  -57.493  -1.562  35.307 0.1111110002
43824  -57.383  -3.171  35.761 0.1111110002
48628  -58.311  4.272  29.500 0.1111110002
46425  -57.203  1.074  34.841 0.1111110002
46427  -57.181  1.704  34.630 0.1111110002
47898  -59.239  3.285  28.703 0.1111110002
48631  -58.819  4.301  28.845 0.1111110002
41985  -54.856  -5.152  38.966 0.1111110002
43207  -55.408  -3.389  37.852 0.1111110002
43811  -55.954  -2.880  37.293 0.1111110002
45043  -57.304  -0.611  35.553 0.1111110002
45731  -57.146  0.119  35.522 0.1111110002
47901  -59.522  3.512  27.946 0.1111110002
43810  -55.731  -2.606  37.552 0.1111110002
43816  -56.380  -2.347  37.105 0.1111110002
43821  -56.998  -2.046  36.634 0.1111110002
44389  -57.098  -1.441  36.147 0.1111110002
47157  -60.045  2.319  27.191 0.1111110002
44385  -56.829  -1.565  36.678 0.1111110002
47160  -60.175  2.351  26.257 0.1111110002
47163  -60.150  2.332  25.273 0.1111110002
47166  -60.141  2.323  24.270 0.1111110002
47168  -60.362  2.384  23.318 0.1111110002
47913  -60.827  2.987  22.035 0.1111110002
47132  -57.112  2.392  34.759 0.1111110002
43206  -54.793  -3.270  38.665 0.1111110002
45730  -56.786  0.520  35.902 0.1111110002
46424  -57.048  1.479  35.321 0.1111110002
44384  -56.595  -1.269  36.988 0.1111110002
45042  -56.877  -0.281  35.885 0.1111110002
43817  -56.711  -1.808  36.870 0.1111110002
47904  -59.971  3.289  26.564 0.1111110002
47906  -60.048  3.321  25.559 0.1111110002
47908  -60.101  3.328  24.552 0.1111110002
47910  -60.271  3.341  23.556 0.1111110002
48641  -59.782  4.275  24.812 0.1111110002
47912  -60.569  3.346  22.555 0.1111110002
48643  -60.139  4.307  23.833 0.1111110002
48645  -60.425  4.326  22.836 0.1111110002
47921  -60.768  3.576  21.780 0.1111110002
49364  -58.313  5.250  29.073 0.1111110002
49363  -58.214  5.881  29.417 0.1111110002
44383  -56.275  -1.201  37.615 0.1111110002
45034  -56.663  -0.411  36.529 0.1111110002
48633  -59.268  4.295  27.792 0.1111110002
49366  -58.626  5.171  28.092 0.1111110002
48637  -59.466  4.112  26.922 0.1111110002
48636  -59.227  4.595  27.139 0.1111110002
49369  -59.218  4.711  26.831 0.1111110002
48639  -59.599  4.186  25.861 0.1111110002
49372  -59.186  4.868  26.274 0.1111110002
49375  -59.156  5.291  25.098 0.1111110002
49371  -59.038  5.787  26.011 0.1111110002
49377  -59.749  5.243  24.053 0.1111110002
49379  -60.200  5.247  23.141 0.1111110002
45030  -56.454  -0.275  37.320 0.1111110002
45724  -56.616  0.624  36.771 0.1111110002
50114  -58.283  5.767  28.360 0.1111110002
49368  -59.011  5.284  27.049 0.1111110002
50117  -58.350  6.284  27.630 0.1111110002
50119  -58.731  6.415  26.622 0.1111110002
50116  -58.136  6.944  28.062 0.1111110002
22908  -12.238  -38.369  62.255 0.1111110002
45720  -56.511  0.762  37.480 0.1111110002
47133  -57.248  2.316  34.133 0.1111110002
40677  -42.561  -8.065  54.300 0.1111110002
43814  -55.648  -1.597  38.078 0.1111110002
23447  -10.120  -37.480  63.068 0.1111110002
24621  -17.395  -35.127  60.425 0.1111110002
22366  -11.870  -39.467  62.148 0.1111110002
24593  -5.813  -34.941  63.398 0.1111110002
24605  -7.159  -36.129  62.927 0.1111110002
21830  -8.819  -40.955  61.854 0.1111110002
23451  -6.258  -37.125  62.771 0.1111110002
21262  -7.549  -41.363  62.132 0.1111110002
21814  -8.052  -39.899  62.859 0.1111110002
21820  -10.409  -40.553  62.128 0.1111110002
21813  -7.487  -40.056  62.885 0.1111110002
22358  -7.706  -39.302  63.177 0.1111110002
22374  -15.684  -39.433  61.192 0.1111110002
24590  -7.853  -35.053  63.987 0.1111110002
22899  -8.119  -38.461  63.407 0.1111110002
22900  -9.026  -38.407  63.195 0.1111110002
22911  -14.725  -38.823  61.628 0.1111110002
24049  -20.448  -36.540  58.635 0.1111110002
47892  -58.282  3.797  29.944 0.1111110002
47886  -58.646  2.964  30.445 0.1111110002
47142  -58.769  1.881  31.238 0.1111110002
46437  -58.883  1.244  31.208 0.1111110002
46436  -58.650  1.546  31.613 0.1111110002
45052  -57.988  -0.850  32.809 0.1111110002
45056  -58.528  -0.383  32.181 0.1111110002
44407  -57.920  -1.824  33.493 0.1111110002
43825  -57.312  -2.297  35.927 0.1111110002
42610  -55.792  -4.211  37.467 0.1111110002
42612  -55.755  -4.804  37.504 0.1111110002
47139  -58.043  2.350  32.469 0.1111110002
42607  -55.214  -4.199  38.553 0.1111110002
43208  -55.728  -3.098  37.440 0.1111110002
45047  -57.694  -0.644  34.685 0.1111110002
45735  -57.494  0.337  34.909 0.1111110002
45734  -57.137  0.688  35.300 0.1111110002
47899  -59.538  2.900  28.172 0.1111110002
45035  -56.895  -0.822  36.129 0.1111110002
47155  -59.700  2.228  27.987 0.1111110002
47902  -59.742  3.185  27.484 0.1111110002
44388  -56.816  -1.136  36.542 0.1111110002
46454  -60.208  1.280  24.996 0.1111110002
46461  -60.587  1.621  23.087 0.1111110002
47170  -60.654  2.404  22.554 0.1111110002
47171  -61.018  2.343  21.921 0.1111110002
48634  -59.532  3.790  27.531 0.1111110002
20659  -6.631  -41.879  61.581 0.1111110002
22904  -6.109  -37.774  62.769 0.1111110002
24038  -13.520  -34.876  60.075 0.4444440007
24039  -13.691  -34.612  60.124 0.4444440007
24047  -13.471  -34.871  60.309 0.4444440007
24048  -13.569  -34.734  60.189 0.4444440007
25163  -7.326  -34.550  64.068 0.1111110002
25167  -11.378  -34.381  64.039 0.3333329856
25173  -6.969  -34.670  63.767 0.1111110002
25189  -13.772  -34.483  60.163 0.4444440007
25710  -11.417  -32.477  65.487 0.2222220004
25711  -11.946  -32.760  65.913 0.2222220004
25714  -12.032  -32.881  65.544 0.2222220004
25722  -12.379  -32.809  65.156 0.3333329856
25728  -6.924  -33.882  64.060 0.1111110002
25795  -33.145  -33.440  55.378 0.1111110002
26286  -10.946  -31.949  65.176 0.2222220004
26287  -11.462  -32.052  65.714 0.2222220004
26288  -11.700  -32.084  66.489 0.2222220004
26290  -10.822  -32.177  65.352 0.2222220004
26292  -12.043  -32.245  66.751 0.2222220004
26293  -12.504  -31.866  66.828 0.2222220004
26296  -8.360  -31.958  65.564 0.1111110002
26301  -12.215  -32.263  66.146 0.2222220004
26302  -12.884  -32.003  66.005 0.2222220004
26309  -12.394  -32.292  65.680 0.3333329856
26325  -13.546  -32.194  63.281 0.4444440007
26877  -10.737  -31.379  65.714 0.2222220004
26879  -11.701  -31.858  66.134 0.1111110002
26880  -11.697  -31.921  67.136 0.2222220004
26885  -10.359  -31.550  65.836 0.2222220004
26886  -10.712  -31.935  65.419 0.2222220004
26888  -12.536  -31.907  66.480 0.2222220004
26896  -11.617  -30.450  65.173 0.1111110002
26897  -11.778  -30.376  64.964 0.1111110002
26905  -8.183  -31.168  65.473 0.1111110002
26906  -11.543  -30.230  65.271 0.1111110002
26908  -12.783  -31.536  64.780 0.4444440007
26923  -13.523  -31.981  63.705 0.4444440007
27445  -11.017  -31.296  65.669 0.2222220004
27446  -11.548  -31.508  65.516 0.1111110002
27447  -11.914  -31.690  66.315 0.1111110002
27448  -11.984  -31.486  67.093 0.2222220004
27454  -10.979  -30.863  65.780 0.1111110002
27456  -12.018  -31.708  66.107 0.2222220004
27457  -12.335  -31.805  65.916 0.2222220004
27464  -10.615  -30.325  66.080 0.1111110002
27467  -12.217  -31.564  65.288 0.2222220004
27474  -11.572  -29.965  65.263 0.1111110002
27475  -11.872  -30.139  64.945 0.1111110002
27498  -16.668  -29.674  61.288 0.6666669846
27512  -24.715  -30.017  60.081 0.2222220004
27988  -11.344  -29.458  65.551 0.2222220004
27995  -11.745  -29.433  65.179 0.1111110002
27996  -12.323  -29.510  64.934 0.2222220004
27998  -13.756  -29.700  64.711 0.2222220004
28502  -11.011  -28.589  65.638 0.1111110002
28506  -12.099  -28.646  65.319 0.2222220004
28520  -17.471  -27.664  62.338 0.4444440007
29052  -13.907  -27.125  65.730 0.1111110002
29058  -11.975  -27.716  65.500 0.1111110002
29593  -13.826  -26.031  66.354 0.1111110002
29627  -20.948  -25.852  61.361 0.5555559993
30133  -15.104  -25.314  66.343 0.1111110002
30171  -20.724  -25.810  61.276 0.6666669846
32283  -32.769  -20.862  59.538 0.7777780294
36407  -45.908  -14.925  51.700 0.7777780294
37591  -44.996  -11.916  50.421 1.0000000000
38198  -45.097  -11.732  50.262 1.0000000000
38852  -52.911  -11.601  43.259 0.1111110002
40126  -49.392  -8.588  42.203 0.5555559993
40716  -47.427  -7.125  42.382 0.6666669846
40717  -48.141  -7.859  42.250 0.5555559993
40718  -48.743  -8.545  41.433 0.6666669846
40725  -49.035  -8.525  39.910 0.6666669846
40730  -50.101  -8.008  39.205 0.6666669846
41353  -50.542  -5.431  46.179 0.8888890147
41363  -47.719  -6.598  42.650 0.6666669846
41368  -47.341  -6.300  41.870 0.6666669846
41371  -47.625  -6.685  40.814 0.6666669846
41955  -50.078  -5.423  44.312 0.8888890147
41958  -49.004  -5.657  42.779 0.7777780294
41964  -48.244  -5.533  42.083 0.6666669846
41967  -47.514  -6.066  41.091 0.6666669846
41968  -48.220  -5.798  40.621 0.6666669846
41975  -48.784  -6.060  39.835 0.6666669846
41976  -49.528  -5.523  40.097 0.6666669846
42584  -50.146  -4.922  43.420 0.7777780294
44382  -55.894  -1.313  37.971 0.1111110002
52378  -57.761  9.859  25.686 0.1111110002
56681  -57.721  15.077  24.109 0.1111110002
87459  -13.730  -34.521  60.456 0.5555559993
