#!ascii label  , from subject TEMPLATE vox2ras=TkReg
1833
73775  -50.605  45.146  20.682 0.6000000238
73268  -51.379  43.273  18.264 0.6000000238
72716  -51.621  42.382  17.350 0.5000000000
72142  -51.872  41.355  17.094 0.5000000000
71560  -52.129  40.318  15.890 0.4000000060
70418  -51.333  38.775  14.820 0.4000000060
70966  -51.936  39.417  15.565 0.4000000060
69903  -50.085  37.323  14.446 0.4000000060
69424  -49.118  36.493  14.081 0.2000000030
68931  -48.358  35.754  13.830 0.2000000030
68930  -47.941  35.044  13.056 0.2000000030
73776  -50.875  44.556  20.535 0.6000000238
73778  -50.918  44.324  19.558 0.6000000238
73783  -51.119  44.273  18.551 0.6999999881
73269  -51.519  42.934  17.757 0.6000000238
74253  -50.434  45.586  21.017 0.6000000238
73284  -51.492  43.389  17.674 0.6000000238
74261  -50.578  45.548  20.049 0.6000000238
74262  -50.711  44.928  19.788 0.6999999881
73299  -51.802  43.102  16.768 0.6000000238
72722  -51.883  42.265  16.472 0.6000000238
72147  -52.061  41.273  16.199 0.5000000000
70972  -51.687  39.404  14.623 0.4000000060
71566  -52.133  40.270  14.973 0.4000000060
69909  -50.189  37.470  13.907 0.3000000119
70417  -51.151  38.738  14.245 0.3000000119
69423  -48.820  36.365  13.651 0.2000000030
73285  -51.601  43.250  17.314 0.6000000238
72153  -52.122  41.170  15.329 0.4000000060
69434  -49.742  36.909  13.654 0.3000000119
74269  -50.793  45.349  19.029 0.6999999881
73791  -51.545  44.073  17.412 0.6999999881
73792  -51.709  43.560  17.017 0.6000000238
72730  -52.023  42.126  15.609 0.5000000000
73805  -51.780  43.764  16.595 0.6000000238
69910  -50.642  38.144  13.878 0.4000000060
70980  -51.674  39.692  14.042 0.4000000060
73330  -51.770  42.717  15.112 0.6999999881
70971  -51.496  39.381  14.100 0.5000000000
72161  -52.027  41.053  14.605 0.5000000000
69433  -49.290  36.590  13.383 0.3000000119
70424  -50.457  38.113  13.234 0.5000000000
68452  -47.588  34.337  12.458 0.2000000030
69439  -49.747  36.812  13.102 0.4000000060
69432  -48.774  36.281  13.115 0.4000000060
68939  -47.931  34.940  12.351 0.2000000030
68940  -48.301  35.645  12.781 0.4000000060
71605  -49.522  40.843  11.261 0.8000000119
74268  -50.681  45.932  19.407 0.6000000238
74275  -51.184  45.244  17.894 0.6999999881
73804  -51.640  44.472  16.425 0.8000000119
74281  -51.483  45.290  16.914 0.8999999762
73821  -51.773  43.977  16.100 0.8999999762
71574  -51.850  40.380  14.013 0.5000000000
72742  -51.921  41.922  14.735 0.5000000000
73312  -51.563  43.688  15.486 0.8999999762
74288  -51.384  45.341  15.961 0.8999999762
70425  -50.933  38.781  13.346 0.5000000000
70979  -51.422  39.659  13.510 0.6000000238
73329  -51.422  43.515  14.986 0.8000000119
73820  -51.439  44.250  15.583 0.8999999762
72169  -51.749  41.474  14.061 0.5000000000
72741  -51.502  42.670  14.401 0.8000000119
71573  -51.511  40.433  13.345 0.6999999881
72756  -51.652  42.083  14.180 0.6999999881
73836  -50.985  44.443  14.580 0.8999999762
74299  -51.003  45.262  15.157 0.8999999762
70984  -50.981  39.485  12.711 0.6999999881
72168  -51.477  41.136  13.364 0.8000000119
70430  -50.300  38.137  12.841 0.5000000000
71579  -51.055  40.583  12.608 0.8000000119
72755  -51.313  42.229  13.557 0.8000000119
73848  -50.790  44.330  13.949 0.8999999762
73342  -50.996  43.573  13.784 0.8000000119
72771  -50.952  42.316  12.922 0.8000000119
73353  -50.884  42.850  13.087 0.8000000119
69437  -48.862  36.139  12.283 0.6000000238
69443  -49.269  36.589  11.959 0.6999999881
68951  -48.274  35.493  11.772 0.3000000119
69442  -48.679  36.593  11.361 0.6999999881
69921  -49.460  37.414  11.879 0.6999999881
70438  -49.370  38.794  11.770 0.6999999881
70992  -49.618  39.549  11.841 0.8000000119
71012  -49.637  40.035  11.634 0.8000000119
72202  -49.677  41.781  10.865 0.8000000119
74689  -50.853  46.336  18.984 0.6999999881
74694  -51.108  46.223  18.250 0.8000000119
75114  -51.079  47.005  18.523 0.8000000119
74699  -51.359  46.219  17.353 0.8999999762
75118  -51.252  47.122  17.720 0.8999999762
75117  -50.940  47.593  18.128 0.8999999762
75584  -51.107  47.651  17.173 0.8999999762
74702  -51.305  46.265  16.421 0.8999999762
75121  -51.321  47.077  16.880 0.8999999762
74706  -50.807  46.314  15.428 0.8999999762
69915  -50.095  37.436  12.788 0.5000000000
74711  -50.671  45.814  14.898 0.8999999762
70431  -50.492  38.754  12.728 0.6999999881
74309  -50.605  45.340  14.516 0.8999999762
73835  -50.623  44.804  14.055 0.8999999762
69438  -49.513  36.678  12.594 0.6000000238
72180  -51.000  41.690  12.780 0.8000000119
73341  -50.737  43.912  13.326 0.8000000119
73847  -50.579  44.499  13.365 0.8000000119
71615  -49.246  41.192  10.468 0.8000000119
75579  -50.722  48.381  18.072 0.8000000119
76042  -50.393  49.326  18.461 0.8000000119
75580  -50.960  47.831  17.613 0.8999999762
75583  -50.932  48.429  17.037 0.8999999762
75126  -50.999  47.208  16.087 0.8999999762
75125  -50.416  47.380  15.397 0.8999999762
74705  -50.362  46.848  14.997 0.8999999762
69916  -50.182  38.256  12.621 0.6000000238
70994  -50.486  39.457  12.443 0.8000000119
74710  -50.292  46.322  14.458 0.8999999762
69923  -50.085  38.725  12.509 0.8000000119
71589  -50.633  39.989  12.305 0.8000000119
73352  -50.583  43.647  12.854 0.8000000119
74308  -50.397  45.470  13.793 0.8999999762
69914  -49.885  37.031  12.299 0.6000000238
70440  -50.184  39.196  12.426 0.8000000119
71578  -50.545  40.864  12.310 0.8000000119
69922  -49.844  38.278  12.304 0.6999999881
72179  -50.253  41.379  12.245 0.8000000119
74318  -50.358  45.545  12.917 0.8000000119
72790  -49.875  42.533  10.306 0.8000000119
75588  -51.024  47.745  16.627 0.8999999762
75587  -50.642  48.280  15.964 0.8999999762
75591  -49.892  48.272  15.083 1.0000000000
76055  -50.057  49.290  15.430 1.0000000000
76887  -49.842  51.202  16.127 1.0000000000
76059  -49.693  49.242  14.439 1.0000000000
75129  -50.041  47.369  14.644 1.0000000000
76503  -49.710  50.222  14.818 1.0000000000
75131  -49.995  47.234  13.740 1.0000000000
74714  -50.212  46.348  13.410 0.8999999762
71588  -50.236  40.682  12.097 0.8000000119
75594  -49.806  48.233  14.035 1.0000000000
70439  -49.797  39.095  12.225 0.8000000119
70993  -50.027  39.861  12.048 0.8000000119
72770  -50.356  42.446  12.453 0.8000000119
73858  -50.317  44.728  12.225 0.8000000119
72781  -49.732  41.797  11.692 0.8000000119
73359  -50.187  43.528  11.786 0.8000000119
74327  -50.242  45.759  12.169 0.8000000119
72192  -49.778  41.451  11.630 0.8000000119
74334  -50.175  45.585  11.419 0.8000000119
72782  -49.898  42.360  11.402 0.8000000119
73869  -50.170  44.540  11.102 0.8000000119
73368  -50.065  43.463  10.707 0.8000000119
76047  -50.606  49.419  17.463 0.8000000119
76051  -50.542  49.395  16.385 0.8999999762
76500  -49.988  50.271  15.802 1.0000000000
77273  -49.914  52.120  16.374 0.8999999762
77276  -50.147  51.988  15.438 1.0000000000
76889  -49.852  51.148  15.143 1.0000000000
77670  -49.761  52.854  16.305 0.8999999762
77673  -49.963  52.807  15.646 1.0000000000
77279  -50.160  51.905  14.491 1.0000000000
76891  -49.865  51.097  14.166 1.0000000000
76062  -49.915  49.216  13.385 1.0000000000
76506  -49.810  50.191  13.793 1.0000000000
75134  -50.178  47.097  12.975 1.0000000000
74717  -50.236  46.433  12.567 0.8999999762
74719  -50.181  46.502  11.741 0.8000000119
73380  -49.631  43.462  9.803 0.8000000119
73894  -49.246  44.449  9.314 0.8000000119
76494  -50.126  50.348  17.949 0.8000000119
76497  -50.182  50.339  16.821 0.8999999762
76884  -49.832  51.284  17.201 0.8999999762
77676  -50.039  52.721  14.768 1.0000000000
78042  -49.433  54.170  15.465 0.8000000119
77675  -49.806  53.492  15.064 0.8000000119
76893  -49.907  51.085  13.199 1.0000000000
75598  -50.074  48.106  12.925 1.0000000000
75137  -50.205  47.321  12.208 0.8999999762
77679  -50.059  52.609  13.882 1.0000000000
77282  -50.099  51.859  13.573 1.0000000000
76509  -50.006  50.204  12.787 1.0000000000
75601  -50.168  48.319  11.786 1.0000000000
74722  -50.005  46.482  10.857 0.8999999762
74339  -49.907  45.495  10.508 0.8999999762
73882  -49.689  44.464  10.202 0.8000000119
77678  -49.808  53.362  14.134 0.8000000119
76895  -50.060  51.141  12.246 1.0000000000
76067  -50.035  49.354  11.267 1.0000000000
75140  -50.068  47.415  11.275 1.0000000000
74341  -49.518  45.470  9.612 0.8999999762
78045  -49.477  54.160  14.488 0.8000000119
77681  -49.862  53.127  13.341 0.8999999762
77685  -50.006  52.429  12.464 1.0000000000
77682  -50.061  52.525  13.043 0.8999999762
77285  -50.075  51.879  12.707 1.0000000000
76512  -50.050  50.258  11.777 1.0000000000
75604  -49.938  48.403  10.768 0.8999999762
74725  -49.768  46.459  9.928 0.8999999762
74344  -49.459  45.437  8.667 0.8999999762
73904  -49.196  44.506  8.479 0.8999999762
78048  -49.379  53.892  13.336 0.8999999762
77684  -49.709  53.050  12.402 1.0000000000
77289  -49.937  52.165  11.791 1.0000000000
76897  -49.854  51.177  11.272 1.0000000000
76515  -49.649  50.303  10.878 1.0000000000
76519  -49.147  50.327  10.311 1.0000000000
75607  -49.586  48.389  9.787 1.0000000000
75145  -49.665  47.415  9.354 1.0000000000
74728  -49.623  46.452  8.960 1.0000000000
73910  -49.291  44.377  7.985 0.8999999762
73412  -49.056  43.973  8.323 0.8999999762
78051  -49.205  53.984  12.182 0.8999999762
77294  -49.531  52.650  11.082 1.0000000000
77310  -49.511  51.799  10.320 1.0000000000
76902  -49.052  51.165  9.955 1.0000000000
77288  -49.626  52.797  11.689 1.0000000000
77295  -49.611  51.905  10.811 1.0000000000
76903  -49.297  51.204  10.368 1.0000000000
76069  -48.883  49.947  9.878 1.0000000000
75613  -49.323  48.278  8.818 1.0000000000
75148  -49.577  47.435  8.392 1.0000000000
73424  -48.985  43.524  7.037 0.8000000119
74347  -49.533  45.260  7.855 1.0000000000
73909  -49.291  44.598  7.302 0.8999999762
76916  -49.047  51.487  9.647 1.0000000000
76073  -48.758  50.140  9.394 1.0000000000
76074  -48.993  49.312  9.241 1.0000000000
74731  -49.657  46.470  7.893 1.0000000000
76085  -48.830  48.899  8.312 1.0000000000
74730  -49.508  45.960  7.513 1.0000000000
74735  -49.543  47.034  7.367 1.0000000000
74734  -49.361  46.521  7.047 1.0000000000
74350  -49.174  45.502  6.659 1.0000000000
73913  -48.989  44.478  6.415 0.8999999762
73313  -51.867  43.302  15.836 0.6999999881
72769  -49.798  41.869  12.048 0.8000000119
76065  -50.131  49.258  12.323 1.0000000000
75142  -49.848  47.431  10.323 0.8999999762
76070  -49.463  49.435  10.304 1.0000000000
75622  -49.168  48.240  7.894 1.0000000000
74346  -49.403  45.569  7.268 1.0000000000
75152  -49.452  47.620  7.551 1.0000000000
68468  -45.493  34.830  11.490 0.5000000000
68469  -46.561  34.802  11.290 0.5000000000
68961  -47.572  35.179  11.088 0.5000000000
68962  -48.059  35.839  10.833 0.6000000238
68457  -44.233  34.777  13.262 0.3000000119
68947  -43.792  34.943  12.639 0.3000000119
68458  -44.273  34.474  13.297 0.4000000060
68478  -45.790  34.952  10.524 0.5000000000
68479  -46.708  35.053  10.596 0.6000000238
68480  -47.179  35.147  10.720 0.6000000238
69449  -48.123  36.526  10.545 0.6999999881
69920  -48.738  37.448  11.312 0.6000000238
68926  -45.067  35.933  13.184 0.2000000030
68938  -43.992  35.799  13.117 0.2000000030
68946  -43.433  35.653  12.639 0.2000000030
68958  -43.351  35.187  12.048 0.4000000060
68948  -43.842  34.941  12.273 0.4000000060
68969  -46.232  35.352  9.972 0.6000000238
68970  -47.260  35.626  10.217 0.6000000238
68971  -47.827  36.102  10.314 0.6999999881
69931  -48.144  37.609  10.525 0.6999999881
70437  -48.796  38.220  11.278 0.6999999881
69419  -44.195  37.865  13.643 0.1000000015
68937  -43.088  36.881  12.857 0.3000000119
74683  -50.414  46.460  20.388 0.6000000238
68476  -43.445  35.003  10.530 0.5000000000
74688  -50.674  46.451  19.611 0.6000000238
68493  -45.155  35.025  9.920 0.6000000238
68968  -45.639  35.224  9.898 0.6000000238
68985  -46.505  35.928  9.536 0.6000000238
69462  -47.148  36.536  9.586 0.6000000238
70454  -48.244  38.961  10.743 0.6999999881
71011  -49.254  39.867  11.379 0.6999999881
75552  -49.548  47.953  24.854 0.2000000030
75557  -49.127  47.653  24.118 0.2000000030
75561  -48.887  47.480  23.055 0.3000000119
75099  -49.995  47.313  24.516 0.3000000119
75565  -49.168  47.745  21.919 0.3000000119
74677  -50.375  46.293  22.404 0.5000000000
74680  -50.196  46.391  21.333 0.5000000000
75108  -50.208  47.353  20.682 0.5000000000
75110  -50.563  47.387  19.683 0.6000000238
69418  -43.209  38.130  13.717 0.2000000030
68466  -42.868  35.277  11.277 0.6000000238
75111  -50.888  46.981  19.144 0.6000000238
68492  -44.226  34.944  9.616 0.6000000238
68984  -45.422  35.545  9.173 0.6000000238
69943  -46.588  37.052  9.398 0.6000000238
69930  -47.005  37.653  9.669 0.6000000238
71010  -48.563  39.927  10.941 0.6000000238
71604  -48.990  40.701  10.791 0.6000000238
76018  -47.877  49.781  23.433 0.1000000015
76023  -48.004  49.139  22.917 0.2000000030
76014  -48.829  49.439  24.836 0.1000000015
76019  -48.362  49.351  24.003 0.1000000015
76003  -48.810  49.425  26.449 0.1000000015
76009  -49.023  49.439  25.589 0.1000000015
75556  -48.888  48.558  24.465 0.1000000015
75560  -48.486  48.358  23.539 0.2000000030
75546  -49.295  48.680  25.981 0.1000000015
75551  -49.239  48.696  25.208 0.1000000015
74648  -48.930  47.050  28.437 0.1000000015
75539  -49.212  48.376  26.792 0.1000000015
75081  -49.422  47.488  27.413 0.2000000030
75572  -50.206  48.304  20.027 0.5000000000
75575  -50.465  48.410  19.078 0.6000000238
75569  -49.770  48.285  20.955 0.5000000000
75095  -50.109  47.338  25.310 0.2000000030
75102  -49.767  47.065  23.699 0.3000000119
75106  -49.867  47.163  21.651 0.4000000060
75113  -50.760  47.625  18.762 0.6999999881
75104  -49.663  46.940  22.692 0.4000000060
69431  -42.821  37.841  13.083 0.2000000030
68945  -42.702  37.024  12.081 0.3000000119
68957  -42.562  36.149  11.449 0.5000000000
68465  -42.398  35.656  11.134 0.5000000000
68491  -42.965  35.227  9.563 0.6000000238
68993  -45.528  36.391  8.819 0.6000000238
69460  -46.076  36.600  9.137 0.6000000238
69929  -45.998  37.561  9.464 0.6000000238
70453  -47.203  38.817  10.127 0.6000000238
76027  -48.422  49.656  21.645 0.3000000119
76031  -49.420  49.527  20.498 0.4000000060
75568  -49.098  48.744  21.463 0.3000000119
76458  -48.792  50.295  25.268 0.1000000015
76453  -48.892  49.951  25.868 0.1000000015
75564  -48.515  48.421  22.335 0.2000000030
75089  -49.630  47.665  26.722 0.2000000030
75547  -49.678  48.021  25.626 0.2000000030
75090  -49.984  47.297  26.195 0.2000000030
68956  -42.412  37.349  11.354 0.4000000060
68967  -42.170  36.380  10.733 0.6000000238
68983  -43.877  35.581  8.646 0.6000000238
68992  -44.976  36.275  8.609 0.6000000238
71601  -45.134  38.050  9.179 0.6000000238
88976  -45.581  37.635  9.392 0.6000000238
70452  -46.072  38.487  9.959 0.6000000238
71009  -47.676  39.980  10.450 0.6000000238
71008  -45.827  39.072  10.199 0.6000000238
70467  -46.889  39.539  10.034 0.6000000238
71612  -47.584  40.555  10.129 0.6000000238
71614  -49.023  41.143  9.820 0.6000000238
72210  -49.502  41.719  9.939 0.6999999881
70474  -45.670  38.494  8.104 0.4000000060
71031  -45.870  39.032  8.842 0.5000000000
71007  -45.151  38.792  10.107 0.6000000238
70486  -46.657  39.368  7.564 0.5000000000
70475  -46.359  38.984  8.111 0.5000000000
71051  -46.964  40.052  6.264 0.6000000238
71639  -47.414  40.672  6.575 0.6000000238
71040  -47.076  39.983  7.196 0.6000000238
71032  -47.150  39.723  8.523 0.5000000000
72244  -47.824  41.511  6.007 0.6000000238
72231  -47.801  41.205  6.964 0.6000000238
72844  -47.853  42.701  5.437 0.6999999881
73431  -48.389  43.488  5.866 0.6999999881
72829  -48.568  42.860  6.570 0.6999999881
73917  -48.339  44.516  5.592 0.6999999881
73912  -48.697  44.141  5.993 0.6999999881
73423  -48.734  43.695  6.373 0.8000000119
74355  -48.696  45.373  5.901 0.6999999881
73918  -48.742  44.616  5.929 0.8000000119
74742  -48.888  46.489  6.217 0.6999999881
75165  -48.628  47.361  5.828 0.6999999881
75657  -49.026  48.596  6.335 0.6999999881
75656  -48.599  48.386  5.826 0.6999999881
74741  -48.187  46.539  5.506 0.6999999881
76464  -48.481  50.152  24.515 0.1000000015
76470  -48.107  50.068  23.953 0.1000000015
76002  -48.473  50.020  26.744 0.1000000015
76032  -49.954  48.913  20.270 0.3000000119
76037  -50.083  49.396  19.471 0.8000000119
71023  -46.152  39.328  9.672 0.6000000238
71024  -47.344  40.091  9.676 0.6000000238
72209  -49.395  41.456  9.539 0.6000000238
71033  -47.597  40.140  9.151 0.5000000000
71025  -47.742  40.394  9.373 0.6000000238
72216  -49.470  41.522  9.002 0.6999999881
72217  -49.740  42.180  9.092 0.6999999881
71621  -47.733  40.443  8.231 0.5000000000
71622  -48.014  40.458  8.789 0.6000000238
71632  -48.528  40.866  8.356 0.6000000238
72805  -49.571  42.671  8.947 0.6999999881
72224  -48.104  41.208  7.438 0.5000000000
71630  -47.658  40.649  7.533 0.5000000000
71050  -46.601  39.613  5.894 0.4000000060
73430  -47.908  43.800  5.329 0.6000000238
74354  -48.053  45.497  5.379 0.6000000238
76022  -47.790  50.010  22.551 0.1000000015
76463  -48.091  50.487  24.136 0.1000000015
76469  -47.778  50.539  23.361 0.1000000015
76479  -48.871  50.567  20.710 0.4000000060
76452  -48.707  50.528  26.179 0.1000000015
76457  -48.703  50.903  25.560 0.1000000015
76848  -48.550  50.564  24.801 0.1000000015
76854  -48.294  50.654  24.515 0.1000000015
76880  -49.844  50.977  17.843 0.8000000119
77269  -49.697  52.031  17.041 0.8000000119
71631  -48.189  40.825  8.015 0.5000000000
72804  -49.330  42.579  8.470 0.8000000119
72815  -48.977  42.731  7.621 0.6000000238
72225  -48.841  41.576  7.909 0.6999999881
73411  -49.125  43.543  8.013 0.8000000119
71062  -46.832  40.073  5.731 0.4000000060
72233  -48.691  42.374  7.222 0.6000000238
72260  -47.200  41.626  4.877 0.6000000238
72830  -48.812  42.865  7.108 0.6000000238
72855  -47.271  42.650  4.825 0.6000000238
73434  -47.313  43.577  4.746 0.5000000000
73916  -47.624  44.767  4.997 0.6000000238
74740  -47.813  46.096  5.239 0.6999999881
76026  -48.071  50.340  21.939 0.3000000119
76449  -48.270  50.619  26.942 0.1000000015
76840  -48.442  51.141  26.480 0.1000000015
76844  -48.361  51.472  25.871 0.1000000015
76847  -48.360  51.049  24.918 0.1000000015
76839  -47.932  51.655  26.837 0.1000000015
76489  -50.150  49.916  18.698 0.8000000119
78034  -48.228  54.450  18.277 0.5000000000
78038  -49.060  54.141  17.149 0.6999999881
77667  -49.175  53.231  17.747 0.6000000238
77268  -49.505  52.390  17.463 0.8999999762
78037  -48.549  54.546  17.606 0.6000000238
77669  -49.433  53.252  16.813 0.6999999881
77272  -49.657  52.539  16.791 0.6999999881
78385  -48.150  55.119  17.825 0.5000000000
78040  -49.263  54.059  16.299 0.6000000238
77672  -49.609  53.450  15.917 0.8000000119
78388  -48.582  55.058  16.854 0.6000000238
78389  -49.035  54.545  16.583 0.5000000000
78759  -47.871  55.754  17.429 0.5000000000
78393  -49.125  54.778  16.019 0.6999999881
78392  -48.609  55.447  15.771 0.5000000000
78399  -49.085  54.905  15.052 0.6999999881
71644  -46.846  40.517  5.086 0.4000000060
75151  -49.406  47.453  7.059 0.8999999762
75621  -49.152  48.606  7.373 0.8999999762
76084  -48.682  49.523  7.858 0.8999999762
76544  -48.530  50.380  8.341 0.8999999762
76531  -48.694  50.022  8.910 0.8999999762
76530  -48.722  50.718  9.126 0.8999999762
74353  -47.623  45.725  5.029 0.6000000238
76474  -47.917  50.846  22.293 0.2000000030
77248  -47.722  51.442  24.359 0.1000000015
76853  -47.873  51.022  24.003 0.1000000015
76843  -47.929  51.944  26.140 0.1000000015
76036  -49.672  50.013  19.667 0.6000000238
78381  -47.349  55.724  19.089 0.4000000060
78382  -47.787  55.187  18.754 0.4000000060
78035  -48.710  53.908  17.990 0.6999999881
76883  -49.683  51.803  17.441 0.8000000119
78754  -47.741  55.581  18.059 0.4000000060
78748  -46.274  56.696  18.935 0.3000000119
78753  -47.077  56.195  18.224 0.4000000060
78752  -46.308  56.754  18.299 0.4000000060
78758  -47.244  56.313  17.038 0.5000000000
78763  -48.062  55.948  16.476 0.5000000000
78768  -47.967  56.006  15.515 0.6000000238
78405  -48.829  54.765  13.997 0.6999999881
77309  -49.431  52.357  10.109 0.8999999762
75166  -49.106  47.614  6.436 0.6999999881
75635  -49.312  48.377  6.960 0.8000000119
72854  -46.640  42.777  4.284 0.5000000000
74362  -47.208  45.658  4.549 0.5000000000
76859  -47.742  51.557  22.850 0.2000000030
77247  -47.184  52.069  24.142 0.1000000015
76852  -47.545  51.706  23.575 0.2000000030
77243  -47.150  52.192  25.136 0.1000000015
77241  -47.732  51.924  25.677 0.1000000015
76876  -49.260  51.457  19.079 0.8999999762
76493  -49.843  50.825  18.178 0.8000000119
78745  -46.661  55.775  20.418 0.4000000060
78379  -47.656  54.655  19.397 0.4000000060
77664  -48.132  53.362  18.934 0.5000000000
77266  -49.209  52.348  18.374 0.5000000000
76879  -49.618  51.454  18.054 0.8000000119
78744  -45.842  56.539  19.990 0.3000000119
78032  -48.279  53.775  18.509 0.5000000000
78749  -46.871  56.116  19.459 0.3000000119
79134  -46.735  56.484  17.469 0.5000000000
78762  -47.378  56.362  16.094 0.5000000000
76562  -48.515  50.011  6.881 0.8000000119
76951  -48.043  50.383  6.717 0.8000000119
76129  -48.678  49.163  6.112 0.6999999881
76114  -48.964  49.298  6.565 0.6999999881
76555  -48.495  50.207  7.521 0.8000000119
76925  -48.633  51.444  8.686 0.8000000119
77319  -48.886  52.426  9.119 0.8999999762
74752  -47.525  46.629  4.879 0.5000000000
75182  -47.621  47.537  4.915 0.5000000000
73433  -46.759  43.807  4.187 0.4000000060
73922  -46.984  44.648  4.283 0.5000000000
76478  -48.330  50.867  21.395 0.3000000119
76488  -49.799  50.519  18.874 0.8000000119
78757  -46.769  56.587  16.463 0.5000000000
76572  -47.690  50.155  6.066 0.6000000238
75671  -47.975  48.657  5.430 0.6999999881
77251  -47.376  52.413  23.139 0.1000000015
76858  -47.599  51.978  23.062 0.2000000030
77252  -47.652  52.229  22.736 0.3000000119
76484  -49.320  50.598  19.817 0.8000000119
70455  -48.881  39.148  11.228 0.6999999881
72797  -49.699  42.636  9.452 0.6999999881
73396  -49.239  43.400  8.847 0.8000000119
73395  -49.186  43.154  8.456 0.8000000119
76545  -48.713  49.610  8.510 0.8999999762
68470  -47.085  34.894  10.997 0.6000000238
68459  -44.419  34.616  12.783 0.5000000000
68467  -44.108  34.971  11.741 0.4000000060
68925  -43.731  37.126  13.172 0.2000000030
68959  -43.713  34.966  12.032 0.3000000119
68477  -44.683  34.890  10.621 0.5000000000
69448  -47.589  36.610  9.861 0.6999999881
69461  -46.761  36.517  9.438 0.6000000238
69406  -43.462  38.483  14.525 0.1000000015
75540  -49.601  48.026  26.267 0.2000000030
68475  -42.371  35.668  10.532 0.6000000238
68490  -42.329  35.785  9.729 0.6000000238
71603  -48.357  40.671  10.436 0.6000000238
68982  -42.619  35.790  9.148 0.6000000238
69469  -45.449  37.245  8.931 0.6000000238
70451  -45.488  38.006  9.589 0.6000000238
70466  -46.343  39.120  10.055 0.6000000238
71602  -47.875  40.669  10.306 0.6000000238
71030  -45.115  38.261  8.713 0.5000000000
71611  -44.991  38.635  9.457 0.6000000238
71613  -48.062  40.733  9.690 0.6000000238
71022  -45.176  39.094  9.429 0.5000000000
71645  -47.165  40.612  5.557 0.6000000238
72245  -48.233  42.320  6.140 0.6999999881
72232  -48.278  41.875  6.895 0.6000000238
72845  -48.313  42.821  5.972 0.6999999881
71623  -48.817  40.866  8.889 0.6999999881
70504  -46.245  39.331  5.415 0.4000000060
71655  -46.458  40.751  4.684 0.4000000060
74753  -47.856  47.114  5.157 0.6999999881
77244  -47.749  51.654  25.049 0.1000000015
77665  -48.679  53.123  18.568 0.6000000238
76099  -49.023  49.323  7.221 0.8000000119
75183  -48.082  47.731  5.340 0.6999999881
73216  -51.291  43.437  25.032 0.1000000015
72666  -51.165  42.479  24.513 0.1000000015
72672  -51.236  42.588  23.568 0.2000000030
72091  -51.343  41.767  23.074 0.2000000030
72094  -51.469  41.855  22.282 0.2000000030
73213  -50.918  43.352  26.011 0.1000000015
72660  -51.006  42.453  25.462 0.1000000015
72095  -51.690  41.158  22.601 0.2000000030
73206  -50.567  43.232  28.344 0.1000000015
73210  -50.682  43.298  26.925 0.1000000015
73212  -50.713  42.870  26.517 0.1000000015
71508  -52.191  40.540  22.860 0.2000000030
72650  -50.608  42.415  28.066 0.1000000015
72653  -50.642  42.354  27.313 0.1000000015
72649  -50.257  42.392  28.523 0.1000000015
72066  -50.475  41.854  28.354 0.1000000015
72062  -49.179  41.165  29.209 0.1000000015
72063  -50.190  41.225  28.774 0.1000000015
73226  -51.372  43.525  23.107 0.1000000015
72674  -51.392  42.663  22.669 0.2000000030
72676  -51.493  42.657  21.781 0.2000000030
72106  -51.558  41.617  21.491 0.2000000030
73751  -51.236  44.416  25.483 0.1000000015
73219  -51.312  43.489  24.050 0.1000000015
71529  -51.667  41.075  21.063 0.2000000030
73746  -50.836  44.063  27.428 0.1000000015
73749  -50.796  44.399  26.488 0.1000000015
72107  -51.627  41.308  22.059 0.2000000030
71520  -51.671  41.093  21.467 0.2000000030
73743  -50.967  43.891  28.140 0.1000000015
71498  -52.294  40.389  23.653 0.2000000030
74236  -50.511  45.488  26.577 0.1000000015
73753  -51.454  44.424  24.494 0.1000000015
73756  -51.426  44.391  23.531 0.1000000015
73232  -51.450  43.570  22.163 0.4000000060
72687  -51.411  42.622  20.859 0.3000000119
72120  -51.478  41.768  20.545 0.2000000030
73748  -50.574  44.827  27.211 0.1000000015
71537  -51.660  41.039  20.236 0.2000000030
71521  -51.861  40.612  21.829 0.2000000030
71509  -52.419  39.998  22.474 0.2000000030
71530  -51.813  40.336  20.787 0.2000000030
73238  -51.159  43.509  20.224 0.4000000060
72702  -51.272  42.573  19.933 0.3000000119
73236  -51.331  43.586  21.190 0.4000000060
74239  -51.390  45.461  24.894 0.2000000030
74241  -51.443  45.292  23.873 0.3000000119
73763  -51.393  44.399  22.594 0.3000000119
74234  -50.093  45.584  27.542 0.2000000030
74237  -50.956  45.355  25.762 0.2000000030
72129  -51.404  41.719  19.678 0.2000000030
73745  -50.650  44.666  27.954 0.1000000015
71544  -51.634  41.023  19.491 0.2000000030
74226  -49.579  45.759  28.250 0.1000000015
71538  -51.780  40.297  19.867 0.2000000030
70944  -51.840  39.441  19.450 0.2000000030
70950  -51.925  39.426  18.455 0.2000000030
70391  -51.613  38.417  18.112 0.1000000015
70385  -51.709  38.444  19.126 0.2000000030
73770  -51.198  44.517  21.609 0.4000000060
74672  -51.177  46.170  24.076 0.3000000119
74675  -51.133  45.964  23.180 0.3000000119
74247  -51.172  45.150  22.165 0.5000000000
74665  -51.099  45.933  25.367 0.2000000030
73252  -51.164  43.400  19.254 0.5000000000
72709  -51.265  42.465  19.018 0.4000000060
74664  -50.614  46.413  25.749 0.2000000030
74669  -51.038  46.359  24.906 0.3000000119
72710  -51.457  42.337  18.198 0.4000000060
72135  -51.456  41.555  18.858 0.3000000119
74207  -48.373  45.439  29.977 0.1000000015
74216  -48.532  45.845  29.275 0.1000000015
74233  -49.647  46.112  27.817 0.2000000030
74658  -50.120  46.398  26.728 0.2000000030
72136  -51.688  41.424  18.012 0.3000000119
71545  -51.787  40.512  18.841 0.2000000030
74641  -49.175  46.011  28.537 0.1000000015
74649  -49.301  46.633  28.117 0.1000000015
71551  -52.003  40.424  17.782 0.3000000119
70960  -52.033  39.401  16.484 0.2000000030
70955  -52.024  39.396  17.450 0.2000000030
70410  -50.979  38.242  15.073 0.2000000030
70411  -51.416  38.719  15.363 0.2000000030
70403  -51.564  38.576  16.191 0.2000000030
70397  -51.686  38.463  17.103 0.2000000030
69898  -50.956  37.792  15.890 0.2000000030
69890  -51.175  37.589  16.792 0.2000000030
74678  -51.017  45.705  22.499 0.3000000119
74254  -50.863  45.196  21.560 0.5000000000
73769  -50.759  44.981  21.104 0.5000000000
74671  -50.514  46.721  24.264 0.2000000030
74674  -50.461  46.526  23.401 0.2000000030
74640  -48.683  46.481  28.786 0.1000000015
74657  -49.716  46.541  27.412 0.1000000015
71555  -52.087  40.366  16.811 0.3000000119
69904  -50.369  37.650  14.738 0.2000000030
69897  -50.581  37.710  15.396 0.2000000030
74668  -50.532  46.883  24.951 0.2000000030
69425  -49.802  36.758  14.719 0.2000000030
74246  -50.643  45.697  21.859 0.4000000060
68950  -47.642  34.846  11.740 0.4000000060
76863  -48.099  51.690  21.789 0.2000000030
77258  -48.225  52.548  21.260 0.2000000030
76867  -48.528  51.790  20.879 0.3000000119
76873  -48.913  51.542  20.125 0.5000000000
68966  -42.259  36.900  10.864 0.4000000060
77256  -47.852  52.464  22.131 0.2000000030
77654  -47.687  53.114  22.203 0.2000000030
68981  -41.934  36.538  9.979 0.4000000060
69447  -41.175  38.048  11.379 0.3000000119
88970  -41.627  37.296  10.493 0.4000000060
88971  -42.709  36.114  8.519 0.4000000060
88973  -44.411  36.836  8.124 0.4000000060
69468  -41.424  36.630  8.642 0.3000000119
69973  -43.103  38.001  5.811 0.3000000119
70502  -44.351  38.603  5.038 0.3000000119
71060  -45.969  39.620  4.855 0.3000000119
71074  -46.171  40.145  4.760 0.3000000119
70515  -45.339  39.509  4.546 0.3000000119
71073  -45.569  40.296  4.325 0.3000000119
70514  -44.611  39.253  4.502 0.3000000119
72259  -46.259  41.662  4.218 0.3000000119
69458  -40.594  37.747  10.390 0.3000000119
69459  -40.972  37.333  9.979 0.3000000119
88975  -44.432  37.131  7.568 0.3000000119
70473  -45.281  38.037  8.078 0.3000000119
69942  -40.198  37.711  9.827 0.3000000119
69467  -40.376  37.104  8.720 0.3000000119
69476  -42.478  36.592  7.390 0.3000000119
69958  -43.694  36.983  7.128 0.3000000119
69959  -44.543  37.402  7.119 0.3000000119
70484  -45.316  37.968  7.318 0.3000000119
69956  -40.923  37.629  7.342 0.3000000119
69957  -41.531  37.207  7.103 0.3000000119
69480  -42.571  37.015  6.824 0.3000000119
69481  -42.933  36.909  6.952 0.3000000119
70485  -46.153  38.681  7.186 0.5000000000
71039  -46.612  39.429  6.699 0.5000000000
69963  -41.356  37.891  6.962 0.3000000119
69965  -42.936  37.328  6.484 0.3000000119
69967  -44.808  37.690  6.364 0.3000000119
70493  -45.608  38.215  6.269 0.3000000119
69964  -41.975  37.582  6.600 0.3000000119
69974  -44.077  37.990  5.671 0.3000000119
69975  -44.942  38.107  5.628 0.3000000119
70494  -46.228  38.914  6.081 0.3000000119
70503  -45.530  38.776  5.169 0.3000000119
71072  -44.797  39.877  4.056 0.2000000030
71087  -44.905  40.396  3.695 0.3000000119
71654  -45.808  41.144  4.136 0.3000000119
70483  -44.909  37.548  7.869 0.3000000119
72272  -46.063  42.327  3.819 0.3000000119
72271  -45.652  41.714  3.724 0.3000000119
71669  -45.192  40.999  3.545 0.3000000119
71071  -43.908  39.802  3.902 0.2000000030
71086  -44.266  40.242  3.419 0.2000000030
73921  -46.599  44.358  3.873 0.3000000119
70512  -42.235  39.763  4.478 0.2000000030
71668  -44.600  40.728  3.154 0.2000000030
75197  -47.105  47.723  4.375 0.4000000060
73436  -45.879  43.391  3.334 0.3000000119
73930  -46.625  44.846  3.855 0.3000000119
74763  -46.868  46.615  4.232 0.4000000060
72862  -46.091  42.962  3.687 0.3000000119
76128  -48.062  49.398  5.787 0.5000000000
76139  -47.514  49.218  5.364 0.5000000000
72861  -45.546  42.672  3.317 0.2000000030
75670  -47.447  48.462  4.949 0.4000000060
76138  -46.936  49.556  4.876 0.4000000060
73929  -46.207  44.825  3.453 0.3000000119
74373  -46.612  45.581  3.930 0.3000000119
75682  -46.907  48.777  4.397 0.3000000119
75196  -46.494  47.454  3.963 0.3000000119
76933  -48.222  51.164  7.940 0.6999999881
77336  -48.087  51.676  7.627 0.6999999881
76941  -47.895  50.909  7.237 0.6999999881
76940  -47.521  51.360  7.036 0.6999999881
76950  -47.475  50.932  6.467 0.6000000238
76958  -47.315  50.554  5.965 0.6999999881
76580  -47.248  50.040  5.608 0.6000000238
76957  -46.786  51.088  5.702 0.6000000238
71684  -44.785  41.145  3.021 0.2000000030
72283  -44.872  41.860  2.887 0.2000000030
74762  -46.225  46.639  3.813 0.3000000119
78079  -48.941  54.231  9.258 0.6999999881
77713  -49.087  53.336  9.643 0.6999999881
78078  -48.673  54.559  8.734 0.6999999881
78086  -48.932  54.185  8.590 0.6999999881
77721  -48.951  53.452  8.576 0.6999999881
77720  -48.644  53.288  7.791 0.6999999881
77326  -48.303  52.827  7.564 0.6999999881
78085  -48.640  54.300  7.953 0.6999999881
77729  -48.063  53.438  7.365 0.6999999881
77344  -46.921  52.103  6.683 0.6999999881
71683  -44.287  41.231  2.682 0.2000000030
73444  -45.412  43.644  2.892 0.2000000030
76587  -46.312  50.378  4.598 0.4000000060
73445  -45.976  44.021  3.134 0.3000000119
78409  -48.774  54.737  12.879 0.6000000238
77691  -49.458  53.337  11.510 0.8000000119
77704  -49.393  53.353  10.599 0.8000000119
78446  -48.535  54.839  9.244 0.6999999881
78445  -48.197  55.173  8.691 0.6999999881
77728  -47.480  53.075  7.046 0.6999999881
76949  -46.833  51.491  6.233 0.6999999881
77351  -46.310  52.068  6.020 0.6999999881
76579  -46.716  50.451  5.136 0.6000000238
74385  -45.519  45.603  3.208 0.3000000119
75681  -46.378  48.521  3.913 0.3000000119
76150  -46.412  49.536  4.204 0.3000000119
78058  -49.248  54.145  11.192 0.6999999881
79156  -45.835  57.452  11.291 0.6999999881
79157  -46.268  56.922  11.053 0.6999999881
78788  -46.701  56.563  10.609 0.6999999881
78808  -47.586  55.887  9.229 0.6999999881
78071  -49.122  54.171  10.221 0.6999999881
79161  -46.199  57.467  10.571 0.6999999881
78795  -46.947  56.506  9.646 0.6999999881
78807  -47.059  56.474  8.831 0.6999999881
78820  -47.484  55.784  8.406 0.6999999881
78453  -47.781  55.087  7.787 0.6999999881
78095  -47.918  54.328  7.375 0.6999999881
71096  -43.202  40.916  2.584 0.2000000030
78819  -46.833  56.281  8.118 0.6999999881
78464  -47.374  54.695  7.265 0.6999999881
78094  -47.324  53.927  6.964 0.6999999881
78452  -47.094  55.221  7.443 0.6999999881
78102  -46.570  53.889  6.375 0.6999999881
77735  -46.973  53.120  6.710 0.6999999881
71682  -43.468  41.365  2.211 0.2000000030
72865  -45.014  42.886  2.706 0.2000000030
73941  -45.518  44.635  2.946 0.2000000030
77749  -45.992  52.962  5.468 0.6000000238
72864  -44.421  42.713  2.113 0.2000000030
73940  -45.017  44.358  2.609 0.2000000030
77359  -45.946  52.008  5.399 0.5000000000
74777  -44.913  46.366  3.262 0.3000000119
74778  -45.561  46.599  3.537 0.2000000030
75215  -45.779  47.739  3.690 0.4000000060
78412  -48.703  54.723  11.840 0.6000000238
78408  -48.213  55.348  12.456 0.6000000238
78436  -48.640  54.837  9.951 0.6999999881
78796  -47.402  55.841  10.133 0.6999999881
79160  -46.038  57.905  10.781 0.6999999881
79168  -46.360  57.210  9.886 0.6999999881
79179  -46.518  57.089  9.140 0.6999999881
78829  -46.503  55.857  7.440 0.6999999881
78463  -46.596  54.872  6.845 0.6999999881
78110  -45.986  53.834  5.611 0.6000000238
71095  -42.539  40.966  2.628 0.2000000030
72282  -43.948  41.818  2.114 0.2000000030
73443  -44.812  43.625  2.352 0.2000000030
77358  -45.561  51.911  4.891 0.4000000060
76149  -45.840  49.534  3.737 0.4000000060
78779  -47.760  55.706  12.844 0.6000000238
78421  -48.726  54.830  10.868 0.6000000238
78766  -46.627  56.814  14.877 0.5000000000
78772  -46.152  56.462  14.006 0.6000000238
78778  -47.040  55.859  13.191 0.6000000238
78411  -48.122  55.326  11.505 0.6999999881
79505  -45.778  58.384  14.807 0.5000000000
79145  -45.861  57.382  14.548 0.6000000238
78777  -45.854  56.167  12.895 0.6999999881
78785  -47.519  55.741  12.167 0.6999999881
79149  -45.453  57.178  13.989 0.6000000238
78784  -46.479  56.300  11.777 0.6999999881
78789  -47.357  55.806  11.136 0.6999999881
79508  -45.390  58.219  13.738 0.5000000000
79148  -45.181  57.454  13.391 0.6999999881
78776  -45.060  56.727  12.822 0.6999999881
78420  -48.062  55.332  10.542 0.6999999881
80156  -45.921  59.929  15.895 0.5000000000
79839  -45.763  59.484  15.151 0.5000000000
79842  -45.653  59.396  14.005 0.5000000000
79514  -45.284  58.058  12.472 0.6000000238
79518  -46.051  58.108  10.446 0.6999999881
79527  -46.142  57.986  9.997 0.6999999881
78840  -45.956  55.698  6.834 0.6000000238
76964  -45.666  51.204  4.458 0.3000000119
72281  -43.509  41.659  1.944 0.2000000030
76586  -45.818  50.389  4.027 0.3000000119
74384  -44.704  45.331  2.799 0.2000000030
75694  -45.712  48.800  3.585 0.3000000119
80761  -44.571  62.786  18.573 0.4000000060
80762  -44.756  62.305  18.524 0.4000000060
80764  -44.917  62.149  17.528 0.4000000060
80463  -45.248  61.218  16.399 0.4000000060
80465  -45.222  61.245  15.397 0.5000000000
80152  -45.683  60.536  16.148 0.5000000000
80155  -45.531  60.462  15.142 0.5000000000
79841  -45.665  59.969  14.363 0.6000000238
79844  -45.760  59.252  13.010 0.6000000238
80163  -45.975  60.054  13.131 0.6000000238
79847  -45.481  59.258  12.111 0.6000000238
79511  -45.405  58.604  12.724 0.6999999881
79515  -45.459  58.410  11.769 0.6000000238
79541  -46.107  57.793  9.328 0.6999999881
79191  -46.438  56.947  8.451 0.6999999881
78473  -45.967  54.557  6.058 0.6999999881
78119  -45.835  53.650  4.981 0.5000000000
73939  -44.399  44.533  2.390 0.3000000119
75693  -45.114  48.613  3.397 0.4000000060
76594  -45.286  50.420  3.511 0.4000000060
76158  -45.269  49.547  3.366 0.3000000119
81092  -44.865  62.873  16.658 0.4000000060
80766  -44.916  62.045  16.557 0.5000000000
79838  -45.610  60.136  14.713 0.5000000000
79850  -45.572  59.182  11.193 0.6000000238
79517  -45.858  58.445  10.845 0.6000000238
79554  -46.228  57.668  8.555 0.6999999881
77366  -45.110  52.320  4.261 0.4000000060
77748  -45.601  52.964  4.791 0.3000000119
76973  -45.205  51.302  3.828 0.4000000060
75231  -44.500  46.989  3.220 0.3000000119
75214  -44.915  47.479  3.449 0.4000000060
76573  -48.265  49.914  6.348 0.6000000238
76868  -48.673  51.195  20.771 0.3000000119
75082  -49.812  47.091  26.910 0.2000000030
73207  -50.773  43.221  27.729 0.1000000015
73209  -50.632  42.686  26.863 0.1000000015
72656  -50.662  42.450  26.602 0.1000000015
72657  -50.788  42.494  26.179 0.1000000015
72652  -50.610  42.391  26.892 0.1000000015
72067  -50.726  41.332  28.043 0.1000000015
74243  -51.376  45.181  22.976 0.3000000119
74227  -50.060  45.051  28.433 0.1000000015
74636  -48.129  46.415  29.511 0.1000000015
74217  -49.278  45.271  29.110 0.1000000015
88969  -41.531  37.657  10.685 0.3000000119
69475  -41.286  36.804  7.605 0.3000000119
69473  -40.025  37.248  8.061 0.3000000119
69950  -39.808  37.548  8.994 0.3000000119
69954  -39.906  37.727  8.156 0.3000000119
69966  -43.893  37.427  6.373 0.3000000119
77327  -48.566  52.320  7.990 0.6999999881
77335  -47.714  52.208  7.293 0.6999999881
77345  -47.328  51.607  6.917 0.6999999881
74372  -46.071  45.857  3.506 0.3000000119
77740  -46.381  53.015  6.173 0.6999999881
78783  -45.529  56.742  12.058 0.6999999881
79152  -45.041  57.512  12.694 0.6999999881
71681  -42.784  41.307  2.136 0.2000000030
81088  -44.791  62.935  17.538 0.4000000060
80159  -45.737  60.166  13.774 0.5000000000
80158  -45.554  60.612  14.147 0.5000000000
67869  -44.447  32.645  14.569 0.1000000015
67882  -44.737  33.191  13.456 0.1000000015
67883  -45.386  33.085  12.879 0.1000000015
68451  -46.162  34.005  12.877 0.1000000015
68440  -48.061  34.661  13.456 0.1000000015
68932  -49.172  35.771  14.727 0.1000000015
68439  -47.882  34.695  13.034 0.1000000015
67868  -44.517  33.007  14.639 0.1000000015
67327  -42.434  31.247  16.543 0.1000000015
67328  -43.217  31.690  16.386 0.1000000015
67336  -43.989  31.934  15.759 0.1000000015
66807  -43.160  31.058  15.596 0.1000000015
68933  -49.664  35.803  15.154 0.1000000015
68461  -46.517  34.568  12.116 0.1000000015
67322  -43.298  31.975  17.186 0.1000000015
67867  -44.072  32.627  15.720 0.1000000015
68919  -50.049  35.808  15.581 0.1000000015
68920  -50.707  35.635  16.146 0.1000000015
67321  -42.427  31.575  17.331 0.1000000015
69413  -50.879  36.487  16.514 0.1000000015
69426  -50.167  37.004  15.128 0.1000000015
68450  -45.131  33.968  13.172 0.1000000015
67895  -44.350  34.069  13.590 0.2000000030
67881  -44.458  33.412  13.915 0.2000000030
68449  -44.532  33.950  13.424 0.2000000030
69412  -50.420  36.872  15.657 0.1000000015
68448  -44.361  33.960  13.606 0.2000000030
69411  -50.082  36.636  15.309 0.1000000015
68462  -47.391  34.593  12.090 0.1000000015
68460  -45.304  34.564  12.443 0.3000000119
68435  -44.112  33.095  16.051 0.1000000015
68436  -45.166  33.338  14.770 0.1000000015
67880  -44.421  33.990  13.787 0.1000000015
67861  -43.632  32.992  17.153 0.1000000015
68424  -43.908  33.146  16.524 0.1000000015
68425  -44.403  33.180  16.690 0.1000000015
68447  -44.610  34.411  13.668 0.2000000030
67894  -44.324  34.334  13.499 0.2000000030
68949  -47.075  34.697  11.760 0.4000000060
68416  -45.371  33.820  17.481 0.1000000015
68426  -46.084  33.574  15.910 0.1000000015
68437  -46.343  34.748  14.227 0.1000000015
78773  -47.200  56.174  14.315 0.4000000060
78403  -47.501  55.776  13.836 0.4000000060
79141  -46.122  57.437  15.390 0.4000000060
78761  -46.690  56.736  15.754 0.4000000060
78397  -47.735  55.727  14.258 0.4000000060
78404  -48.058  55.477  13.521 0.5000000000
78767  -47.321  56.396  15.237 0.4000000060
78774  -47.746  55.992  14.805 0.5000000000
79502  -45.852  58.289  15.829 0.4000000060
79137  -46.039  57.104  16.382 0.4000000060
79498  -45.687  58.102  16.837 0.4000000060
78398  -48.286  55.464  14.710 0.5000000000
79836  -45.867  59.140  16.292 0.4000000060
79828  -45.452  58.916  17.989 0.4000000060
79833  -45.688  59.072  17.203 0.4000000060
79138  -46.531  56.602  16.991 0.4000000060
79495  -45.579  58.068  17.771 0.4000000060
80150  -45.802  59.706  17.213 0.4000000060
79133  -46.065  56.944  17.560 0.4000000060
79832  -45.630  59.540  17.577 0.4000000060
80153  -45.940  59.816  16.704 0.4000000060
80149  -45.625  60.297  17.264 0.4000000060
80167  -45.662  59.917  12.317 0.4000000060
79526  -45.948  58.603  10.137 0.6000000238
79540  -45.873  58.501  9.493 0.6000000238
79493  -45.362  58.143  18.610 0.3000000119
79130  -45.806  57.273  18.399 0.3000000119
79492  -45.240  58.603  19.102 0.3000000119
79824  -45.310  58.957  18.605 0.4000000060
79823  -45.283  59.438  19.098 0.4000000060
80146  -45.284  60.411  18.301 0.4000000060
79827  -45.420  59.606  18.146 0.4000000060
80461  -45.174  61.251  17.419 0.4000000060
80166  -45.537  60.585  12.423 0.4000000060
80162  -45.701  60.739  13.232 0.4000000060
79862  -45.658  59.213  10.354 0.4000000060
79875  -45.620  59.174  9.611 0.4000000060
79127  -45.084  57.365  19.742 0.2000000030
78743  -45.155  56.938  20.247 0.2000000030
79489  -45.084  58.434  19.821 0.2000000030
79490  -45.141  57.958  19.258 0.2000000030
79128  -45.550  57.283  19.142 0.3000000119
79820  -45.183  59.484  20.161 0.2000000030
80143  -45.190  60.480  19.368 0.3000000119
80171  -45.414  59.800  11.498 0.4000000060
80184  -45.324  59.821  10.622 0.3000000119
80507  -45.040  60.143  10.146 0.3000000119
78738  -45.285  56.748  20.920 0.2000000030
79124  -44.862  57.545  20.487 0.2000000030
79486  -44.851  58.501  20.797 0.2000000030
79817  -44.957  59.424  21.141 0.2000000030
80140  -45.004  60.556  20.494 0.3000000119
80459  -45.035  61.360  18.457 0.3000000119
80471  -45.325  61.430  13.415 0.4000000060
80468  -45.271  61.364  14.399 0.4000000060
80183  -45.240  60.244  10.997 0.3000000119
78739  -46.098  55.998  21.274 0.3000000119
78031  -47.861  54.096  19.039 0.4000000060
79482  -44.370  58.552  22.366 0.2000000030
79121  -44.254  57.991  22.013 0.2000000030
78378  -47.217  55.121  19.782 0.3000000119
79483  -44.585  58.555  21.620 0.2000000030
79814  -44.693  59.316  21.948 0.2000000030
80137  -44.821  60.114  21.589 0.2000000030
80139  -44.730  61.103  20.513 0.2000000030
80457  -44.902  61.502  19.531 0.4000000060
80772  -44.904  62.013  14.663 0.4000000060
80769  -44.852  61.970  15.595 0.4000000060
78734  -45.360  56.407  22.038 0.3000000119
78740  -46.657  55.565  21.095 0.3000000119
78375  -47.023  55.157  20.853 0.3000000119
78029  -47.698  54.146  20.027 0.3000000119
79119  -44.768  56.927  22.293 0.2000000030
79813  -44.469  59.389  22.645 0.2000000030
80131  -43.952  60.546  23.687 0.2000000030
80133  -44.270  60.515  22.370 0.2000000030
80134  -44.689  59.848  22.195 0.2000000030
80445  -43.788  61.438  22.160 0.2000000030
80453  -44.839  61.256  20.224 0.3000000119
80456  -44.628  61.957  19.532 0.3000000119
80759  -44.685  62.070  19.198 0.3000000119
81100  -44.731  62.678  14.816 0.4000000060
78026  -47.788  54.044  21.008 0.3000000119
77659  -48.057  53.326  20.668 0.3000000119
78372  -46.791  55.322  21.836 0.3000000119
77661  -48.059  53.243  19.699 0.3000000119
77662  -48.375  52.885  19.209 0.4000000060
80744  -43.962  62.130  23.889 0.2000000030
80443  -43.892  61.509  23.117 0.2000000030
80136  -44.517  60.855  21.070 0.2000000030
80749  -43.496  62.067  22.356 0.2000000030
80752  -43.406  61.866  21.536 0.2000000030
80448  -43.965  61.335  21.319 0.2000000030
80452  -44.377  61.718  20.195 0.2000000030
80751  -43.103  62.479  20.929 0.2000000030
80447  -43.628  61.946  20.660 0.2000000030
80756  -43.999  62.596  19.782 0.3000000119
81082  -44.012  63.252  19.202 0.3000000119
80758  -44.450  62.508  19.183 0.3000000119
81084  -44.309  63.277  18.432 0.3000000119
81085  -44.635  62.987  18.137 0.3000000119
81091  -44.602  63.544  16.763 0.3000000119
81095  -44.562  63.497  15.861 0.3000000119
81104  -44.820  62.593  14.224 0.4000000060
81096  -44.768  62.772  15.728 0.4000000060
80776  -44.887  62.335  13.619 0.3000000119
78368  -45.968  55.653  22.649 0.3000000119
78025  -47.398  54.603  21.395 0.3000000119
77260  -48.421  52.555  20.370 0.2000000030
77263  -48.472  52.634  19.710 0.4000000060
80739  -43.724  62.451  24.772 0.2000000030
80740  -44.008  61.869  24.446 0.2000000030
80747  -43.607  62.468  23.083 0.2000000030
81069  -43.045  63.382  22.336 0.2000000030
81075  -42.944  63.189  21.413 0.2000000030
81076  -43.140  62.437  21.743 0.2000000030
81438  -43.617  63.852  19.357 0.2000000030
81437  -43.184  64.341  19.655 0.2000000030
81079  -43.171  63.236  20.400 0.3000000119
81080  -43.603  63.234  19.781 0.3000000119
81441  -43.335  64.456  18.840 0.2000000030
81446  -43.958  63.948  17.746 0.3000000119
81445  -43.446  64.525  17.963 0.3000000119
81449  -43.536  64.516  17.078 0.2000000030
81087  -44.441  63.469  17.578 0.3000000119
81450  -44.129  64.051  16.905 0.3000000119
81454  -44.189  64.061  16.064 0.3000000119
77264  -48.821  52.326  19.294 0.4000000060
81405  -42.647  64.091  23.986 0.2000000030
81055  -42.681  63.945  24.349 0.2000000030
81056  -43.126  63.520  24.204 0.2000000030
80743  -43.620  62.863  23.735 0.2000000030
81062  -43.195  63.388  23.191 0.2000000030
80746  -43.491  62.935  23.218 0.2000000030
81419  -42.780  63.985  22.589 0.2000000030
81426  -42.775  64.103  21.650 0.2000000030
81788  -42.899  65.037  19.190 0.2000000030
81431  -43.068  64.085  20.586 0.2000000030
81432  -43.354  63.765  19.941 0.2000000030
81792  -42.947  65.095  18.290 0.2000000030
76872  -48.690  52.047  20.352 0.2000000030
81742  -41.935  64.978  24.690 0.2000000030
81749  -41.890  65.160  23.929 0.2000000030
81411  -42.300  64.542  23.600 0.2000000030
81412  -42.756  64.019  23.401 0.2000000030
81780  -42.837  64.949  20.080 0.2000000030
81791  -42.351  65.566  18.697 0.2000000030
81795  -42.395  65.544  17.825 0.2000000030
81772  -42.674  64.846  20.955 0.2000000030
81796  -42.914  65.140  17.280 0.2000000030
81453  -43.688  64.524  16.254 0.2000000030
81457  -43.791  64.483  15.582 0.3000000119
82125  -41.193  66.470  19.100 0.2000000030
82110  -42.210  66.227  21.081 0.2000000030
81779  -42.442  65.593  20.524 0.2000000030
81787  -42.436  65.617  19.632 0.2000000030
82132  -41.534  66.049  18.084 0.2000000030
81771  -42.319  65.460  21.360 0.2000000030
82087  -41.443  66.072  23.974 0.2000000030
82451  -41.134  67.275  19.894 0.2000000030
82435  -41.721  67.466  21.627 0.2000000030
82444  -42.041  66.981  20.914 0.2000000030
82443  -41.618  67.587  20.769 0.2000000030
82116  -41.620  66.648  19.734 0.2000000030
82452  -41.770  67.029  20.256 0.2000000030
81799  -43.192  65.065  16.461 0.2000000030
83092  -41.016  68.749  21.407 0.2000000030
82775  -41.114  68.184  20.643 0.2000000030
82783  -40.738  67.938  20.018 0.2000000030
82766  -41.406  68.161  21.480 0.2000000030
77261  -48.691  52.230  19.977 0.3000000119
67860  -43.685  32.670  16.713 0.1000000015
79122  -44.696  57.468  21.580 0.2000000030
79118  -44.395  57.514  22.786 0.2000000030
78028  -47.412  54.595  20.611 0.3000000119
81070  -43.232  62.738  22.323 0.2000000030
80451  -43.892  62.203  20.182 0.3000000119
81442  -43.818  63.899  18.596 0.3000000119
82126  -41.844  66.074  19.246 0.2000000030
82117  -42.111  66.357  20.169 0.2000000030
75075  -48.591  47.494  28.600 0.1000000015
75527  -48.109  48.366  28.717 0.1000000015
75528  -48.626  48.117  28.255 0.1000000015
75533  -48.836  48.393  27.621 0.1000000015
70953  -40.500  39.953  17.942 0.1000000015
70954  -41.036  39.981  17.225 0.1000000015
70959  -41.993  39.498  16.213 0.1000000015
70401  -41.865  39.051  16.537 0.1000000015
70395  -40.759  39.055  17.677 0.1000000015
69895  -42.770  39.027  15.285 0.1000000015
69902  -42.799  38.750  14.258 0.1000000015
70958  -41.533  39.925  16.337 0.1000000015
70409  -42.375  39.456  15.534 0.1000000015
70402  -42.369  39.224  16.077 0.1000000015
71549  -40.358  40.943  18.386 0.1000000015
69894  -42.266  39.248  14.861 0.1000000015
69417  -42.351  38.570  13.541 0.1000000015
68936  -42.600  37.889  12.259 0.1000000015
78018  -46.909  53.929  23.083 0.2000000030
77656  -47.719  53.659  22.139 0.2000000030
71550  -40.954  40.958  17.609 0.1000000015
71554  -41.262  40.961  16.708 0.1000000015
72134  -40.132  42.001  18.898 0.1000000015
70965  -42.059  39.744  15.789 0.1000000015
70408  -41.882  39.498  15.032 0.1000000015
69901  -42.067  39.117  14.323 0.1000000015
72708  -40.468  43.153  18.355 0.1000000015
72146  -41.391  41.932  16.184 0.1000000015
71559  -41.379  41.023  15.797 0.1000000015
70964  -41.450  40.205  15.426 0.1000000015
73283  -39.994  43.911  17.402 0.1000000015
72715  -41.359  42.506  16.506 0.1000000015
71565  -40.663  41.022  14.947 0.1000000015
70970  -40.847  39.899  14.777 0.1000000015
70416  -41.220  39.352  14.278 0.1000000015
69430  -42.059  38.360  12.689 0.1000000015
69908  -41.066  38.869  13.200 0.1000000015
68944  -42.508  37.910  11.588 0.3000000119
68955  -42.221  37.978  11.176 0.3000000119
88968  -42.004  37.556  10.808 0.3000000119
78369  -46.781  54.841  22.970 0.2000000030
78021  -47.372  54.316  22.311 0.2000000030
78022  -47.772  54.051  21.721 0.2000000030
73281  -37.668  44.356  17.782 0.1000000015
73282  -38.890  44.399  17.672 0.1000000015
73297  -40.346  43.921  16.206 0.1000000015
72160  -40.802  42.123  14.672 0.1000000015
70969  -40.157  40.355  14.276 0.1000000015
70415  -40.344  39.523  13.965 0.1000000015
78359  -45.516  54.154  24.251 0.1000000015
78364  -45.890  54.603  23.656 0.1000000015
78365  -46.467  54.261  23.298 0.1000000015
73279  -35.457  44.216  17.872 0.1000000015
73280  -36.513  44.252  17.796 0.1000000015
73261  -33.181  43.862  18.784 0.1000000015
73296  -39.171  44.231  16.496 0.1000000015
73327  -40.288  43.256  14.593 0.1000000015
71572  -39.605  40.845  13.800 0.2000000030
70978  -39.742  40.028  13.666 0.1000000015
70977  -39.123  40.201  13.255 0.2000000030
70423  -39.582  39.272  13.087 0.2000000030
88972  -39.764  38.586  12.341 0.2000000030
70450  -39.594  38.112  11.518 0.2000000030
78367  -45.285  56.066  22.796 0.2000000030
78735  -45.968  56.007  21.994 0.2000000030
73294  -36.849  44.301  16.676 0.1000000015
73295  -38.013  44.351  16.622 0.1000000015
73305  -34.953  44.151  15.990 0.2000000030
73306  -36.017  44.049  15.571 0.2000000030
73307  -37.223  44.280  15.505 0.2000000030
73309  -39.350  43.944  15.480 0.1000000015
72158  -39.308  42.070  14.100 0.1000000015
72727  -36.654  43.800  14.720 0.2000000030
72736  -37.517  43.495  14.173 0.2000000030
72157  -38.865  42.407  14.033 0.2000000030
70976  -38.474  40.503  12.922 0.2000000030
70428  -38.309  39.237  12.089 0.2000000030
70436  -38.719  38.563  11.763 0.2000000030
69928  -39.766  37.712  11.071 0.2000000030
70449  -38.663  38.396  10.729 0.2000000030
69941  -39.777  37.681  10.341 0.2000000030
78363  -44.909  55.630  23.578 0.1000000015
78362  -44.203  55.947  24.071 0.1000000015
78731  -44.825  56.507  22.857 0.1000000015
73323  -35.910  43.410  14.705 0.2000000030
72735  -36.468  43.086  14.088 0.2000000030
72754  -37.897  42.746  13.747 0.2000000030
72165  -38.332  41.988  13.315 0.2000000030
71570  -38.488  41.140  12.976 0.2000000030
71577  -38.250  41.078  12.532 0.2000000030
70983  -38.199  40.154  12.233 0.2000000030
70990  -38.243  39.689  11.316 0.2000000030
70435  -38.336  39.075  11.583 0.2000000030
69949  -39.426  37.740  9.438 0.2000000030
78730  -44.224  56.559  23.636 0.1000000015
79480  -44.021  58.541  23.220 0.1000000015
72734  -35.500  42.954  14.076 0.2000000030
72176  -37.538  42.239  12.784 0.2000000030
72164  -37.726  42.316  13.144 0.2000000030
72752  -36.115  42.682  13.294 0.2000000030
72753  -37.270  42.616  13.385 0.2000000030
72177  -37.892  41.764  12.281 0.2000000030
71587  -37.977  40.979  11.607 0.2000000030
72190  -37.677  41.859  11.573 0.2000000030
70465  -38.692  38.389  9.564 0.2000000030
71600  -38.022  40.600  10.605 0.2000000030
70464  -38.265  38.797  10.097 0.2000000030
71609  -38.203  40.351  9.788 0.2000000030
71021  -38.676  39.430  8.816 0.2000000030
70472  -39.583  38.247  8.177 0.2000000030
70479  -39.527  39.029  7.910 0.2000000030
70480  -39.997  38.661  7.607 0.2000000030
70481  -40.625  38.533  7.263 0.2000000030
69972  -42.372  38.052  6.068 0.2000000030
79796  -42.346  59.519  27.620 0.1000000015
79799  -42.375  59.271  25.822 0.1000000015
80120  -42.497  60.547  27.381 0.1000000015
80429  -42.304  61.630  28.268 0.1000000015
80727  -42.170  62.359  28.735 0.1000000015
81033  -41.702  63.312  29.514 0.1000000015
81031  -41.160  63.289  30.692 0.1000000015
81374  -40.412  64.474  31.030 0.1000000015
79116  -43.278  57.488  23.975 0.1000000015
79476  -42.536  58.733  24.798 0.1000000015
80122  -42.694  60.546  26.263 0.1000000015
80432  -42.760  61.410  26.766 0.1000000015
81034  -42.059  62.842  29.099 0.1000000015
81379  -41.044  64.028  29.891 0.1000000015
81378  -40.552  64.610  30.093 0.1000000015
81708  -40.016  65.218  30.971 0.1000000015
79478  -43.316  58.798  23.950 0.1000000015
79807  -43.108  59.759  24.906 0.1000000015
79804  -42.709  59.700  25.543 0.1000000015
79808  -43.463  59.728  24.212 0.1000000015
71610  -38.573  40.282  9.120 0.2000000030
71029  -39.071  39.653  7.974 0.2000000030
71038  -40.662  39.049  6.954 0.2000000030
70492  -41.821  38.646  6.180 0.2000000030
80431  -42.570  61.598  27.549 0.1000000015
80730  -42.474  62.460  27.958 0.1000000015
81037  -42.137  63.310  28.565 0.1000000015
81383  -41.361  64.374  29.002 0.1000000015
81382  -40.833  64.660  29.477 0.1000000015
80124  -43.174  60.729  25.472 0.1000000015
80434  -43.032  61.431  26.035 0.1000000015
80732  -42.720  62.460  26.870 0.1000000015
80128  -43.575  60.598  24.715 0.1000000015
72215  -38.616  41.035  8.701 0.1000000015
72208  -38.406  41.030  9.279 0.1000000015
71620  -38.836  40.441  8.344 0.1000000015
71036  -39.499  39.848  6.943 0.1000000015
71037  -40.272  39.272  6.943 0.1000000015
70490  -40.904  38.838  6.916 0.2000000030
70491  -41.267  38.738  6.585 0.2000000030
70500  -42.132  38.998  5.483 0.2000000030
70501  -43.238  38.711  5.122 0.2000000030
80736  -43.152  62.399  25.864 0.1000000015
80125  -43.571  61.089  25.138 0.1000000015
72214  -38.171  41.850  8.705 0.1000000015
71629  -39.113  40.792  7.408 0.1000000015
71048  -40.647  39.352  6.456 0.1000000015
71049  -40.950  39.359  6.258 0.1000000015
81046  -43.018  63.089  25.789 0.1000000015
80735  -42.848  63.029  26.192 0.1000000015
81045  -42.589  63.563  25.683 0.1000000015
80440  -44.029  61.346  24.143 0.1000000015
81050  -43.144  63.202  25.235 0.1000000015
81397  -42.198  64.302  25.172 0.1000000015
81733  -41.956  65.009  25.458 0.1000000015
82392  -40.900  66.792  27.213 0.1000000015
81732  -41.678  65.746  25.692 0.1000000015
82079  -41.273  66.280  25.065 0.1000000015
82070  -40.918  66.846  26.377 0.1000000015
82720  -40.304  67.771  27.178 0.1000000015
82719  -39.984  68.212  27.555 0.1000000015
82407  -41.025  66.784  25.318 0.1000000015
82406  -40.722  67.260  25.679 0.1000000015
71059  -40.740  39.566  6.039 0.1000000015
70513  -43.545  39.321  4.482 0.1000000015
83035  -38.868  68.792  29.148 0.1000000015
83034  -38.298  69.001  29.444 0.1000000015
83041  -38.468  69.313  28.433 0.1000000015
83046  -38.808  69.279  27.729 0.1000000015
83042  -39.168  68.798  28.445 0.1000000015
81049  -42.656  63.804  24.837 0.1000000015
81404  -42.294  64.380  24.360 0.1000000015
82730  -40.193  68.014  26.217 0.1000000015
83056  -39.760  68.954  26.184 0.1000000015
82088  -41.755  65.608  23.450 0.1000000015
82414  -41.011  67.125  24.613 0.1000000015
82413  -40.777  67.707  25.001 0.1000000015
82737  -40.479  68.163  25.319 0.1000000015
83064  -40.302  69.010  24.965 0.1000000015
81425  -42.451  64.495  22.166 0.1000000015
81762  -42.189  65.224  22.244 0.1000000015
82421  -41.192  67.058  23.585 0.1000000015
82744  -41.018  67.601  23.958 0.1000000015
82743  -40.722  68.152  24.354 0.1000000015
83404  -39.908  69.481  24.381 0.1000000015
70499  -41.039  39.634  5.792 0.1000000015
83033  -37.650  69.544  29.416 0.1000000015
83345  -36.020  70.201  30.160 0.1000000015
83358  -36.208  70.378  29.250 0.1000000015
83359  -37.023  70.099  29.332 0.1000000015
83369  -37.301  70.038  28.378 0.1000000015
83040  -37.933  69.567  28.763 0.1000000015
83370  -37.902  69.829  28.076 0.1000000015
83380  -38.228  69.792  27.357 0.1000000015
83047  -39.348  68.815  27.308 0.1000000015
83381  -38.804  69.543  27.046 0.1000000015
83393  -39.154  69.649  26.337 0.1000000015
83403  -39.603  69.760  25.269 0.1000000015
83411  -38.868  70.241  24.722 0.1000000015
83753  -38.267  70.450  24.702 0.1000000015
82096  -41.740  66.020  22.815 0.1000000015
82095  -41.431  66.547  23.218 0.1000000015
82429  -41.828  66.480  22.236 0.1000000015
82428  -41.481  67.031  22.566 0.1000000015
82751  -40.958  67.936  23.250 0.1000000015
83071  -40.265  68.874  23.988 0.1000000015
83760  -38.512  70.573  23.975 0.1000000015
82436  -41.964  66.745  21.721 0.1000000015
71047  -39.924  39.845  6.134 0.1000000015
70498  -40.506  40.028  5.466 0.1000000015
71058  -40.315  39.938  5.645 0.1000000015
71070  -42.833  39.924  3.771 0.1000000015
83368  -36.420  70.295  28.347 0.1000000015
83379  -37.431  70.101  27.333 0.1000000015
83391  -37.649  70.167  26.328 0.1000000015
83392  -38.449  70.031  26.438 0.1000000015
83402  -38.568  70.167  25.500 0.1000000015
83401  -38.052  70.198  25.820 0.1000000015
83767  -38.015  71.125  23.672 0.1000000015
83078  -40.983  68.350  22.676 0.1000000015
83413  -39.884  69.435  23.522 0.1000000015
83761  -38.971  70.466  23.355 0.1000000015
83420  -40.051  69.479  22.598 0.1000000015
83419  -39.494  70.021  23.043 0.1000000015
71046  -39.743  40.782  5.860 0.1000000015
71069  -39.990  40.477  5.286 0.1000000015
70511  -41.144  40.247  4.908 0.1000000015
70510  -40.178  40.487  5.054 0.1000000015
70524  -41.115  41.108  3.999 0.1000000015
70525  -41.899  40.372  3.709 0.1000000015
71085  -43.277  40.339  3.122 0.1000000015
78839  -45.654  56.172  6.112 0.3000000119
78483  -45.827  54.607  5.335 0.4000000060
71083  -41.535  41.027  3.331 0.1000000015
71084  -42.246  40.560  3.162 0.1000000015
71667  -43.874  40.763  2.851 0.1000000015
79217  -45.429  56.761  5.714 0.3000000119
78472  -45.741  55.332  5.574 0.2000000030
78847  -45.503  56.286  5.089 0.3000000119
78482  -45.673  55.150  4.679 0.3000000119
78109  -45.815  54.263  4.941 0.3000000119
78854  -45.426  55.916  4.498 0.3000000119
78118  -45.641  54.098  4.309 0.3000000119
77757  -45.277  53.356  4.143 0.3000000119
78117  -45.319  54.477  3.722 0.3000000119
78127  -45.259  53.897  3.764 0.3000000119
73454  -44.208  43.666  1.894 0.2000000030
77365  -44.794  52.173  3.556 0.3000000119
74399  -44.220  45.832  2.715 0.2000000030
75213  -44.390  47.553  3.230 0.3000000119
83367  -35.591  70.530  28.257 0.1000000015
83378  -36.532  70.266  27.248 0.1000000015
83390  -36.919  70.230  26.502 0.1000000015
83752  -37.545  70.560  25.077 0.1000000015
83759  -37.926  70.846  24.275 0.1000000015
84081  -37.321  71.455  23.932 0.1000000015
83086  -41.077  68.599  22.175 0.1000000015
83769  -39.090  70.547  22.564 0.1000000015
83768  -38.464  71.000  23.023 0.1000000015
81465  -43.939  64.988  12.748 0.1000000015
71057  -39.809  40.495  5.471 0.1000000015
80799  -44.321  62.461  10.892 0.1000000015
80800  -44.675  61.641  10.827 0.2000000030
80506  -44.873  60.688  9.811 0.2000000030
80198  -45.197  59.928  9.692 0.2000000030
79885  -45.565  59.048  8.913 0.4000000060
80815  -44.538  61.395  9.967 0.1000000015
80207  -45.353  59.725  8.905 0.2000000030
80824  -44.494  61.242  9.396 0.1000000015
80197  -44.938  60.518  9.286 0.2000000030
80206  -45.036  60.389  8.814 0.3000000119
80219  -45.386  59.511  8.469 0.4000000060
79565  -46.284  57.473  8.060 0.4000000060
78828  -46.020  56.580  6.882 0.4000000060
80517  -44.586  61.045  8.846 0.1000000015
80529  -44.773  60.762  8.312 0.2000000030
79896  -45.581  59.111  8.142 0.4000000060
79201  -46.089  57.416  6.977 0.3000000119
70523  -40.155  41.059  4.416 0.1000000015
80218  -45.023  60.151  7.860 0.3000000119
79895  -45.265  59.217  7.371 0.3000000119
79572  -45.871  57.858  6.741 0.4000000060
80226  -44.875  59.789  7.089 0.2000000030
79563  -45.385  58.784  6.953 0.3000000119
79210  -45.617  57.293  6.254 0.3000000119
79903  -44.760  59.289  6.566 0.3000000119
79209  -45.128  57.769  5.931 0.3000000119
78846  -45.109  56.878  4.778 0.3000000119
75230  -43.955  47.266  2.937 0.2000000030
76593  -44.829  50.375  3.061 0.3000000119
76157  -44.699  49.514  2.986 0.3000000119
84086  -37.796  71.535  23.038 0.1000000015
83428  -40.200  69.504  21.865 0.1000000015
83427  -39.691  70.022  22.058 0.1000000015
83102  -40.785  68.763  20.816 0.1000000015
83437  -40.066  69.634  21.227 0.1000000015
83776  -39.221  70.518  21.801 0.1000000015
83775  -38.655  71.020  21.980 0.1000000015
84087  -38.146  71.432  22.415 0.1000000015
82140  -42.961  65.714  16.119 0.1000000015
81802  -43.393  65.092  15.583 0.1000000015
81803  -43.685  64.703  15.009 0.1000000015
81103  -44.579  63.267  13.836 0.2000000030
80775  -44.587  62.998  13.213 0.2000000030
80474  -45.256  61.307  12.503 0.3000000119
80170  -45.286  60.394  11.637 0.3000000119
81107  -44.435  63.541  12.781 0.1000000015
80783  -44.501  62.735  11.771 0.2000000030
80784  -44.813  61.900  11.697 0.2000000030
81477  -43.935  64.742  12.241 0.1000000015
81478  -44.164  64.164  12.085 0.1000000015
81115  -44.320  63.488  11.930 0.2000000030
80491  -45.046  60.865  10.748 0.2000000030
81498  -44.074  63.989  11.498 0.1000000015
80814  -44.073  62.039  10.089 0.1000000015
79553  -45.939  58.409  8.678 0.4000000060
79202  -46.276  56.968  7.660 0.4000000060
81134  -44.015  63.541  10.947 0.1000000015
69986  -40.530  41.595  3.528 0.1000000015
71697  -42.962  41.497  1.813 0.1000000015
79911  -44.650  58.767  6.091 0.3000000119
79579  -44.572  58.233  5.589 0.3000000119
79216  -45.080  57.297  5.354 0.3000000119
72288  -43.795  42.382  1.647 0.2000000030
78481  -45.260  55.670  4.034 0.3000000119
72871  -43.944  43.007  1.569 0.2000000030
76972  -44.695  51.417  3.131 0.3000000119
74398  -43.941  45.342  2.467 0.2000000030
76592  -44.340  50.406  2.722 0.3000000119
84080  -36.664  71.913  24.253 0.1000000015
84374  -36.790  72.233  23.648 0.1000000015
84382  -37.193  72.163  22.897 0.1000000015
84092  -37.692  71.886  22.225 0.1000000015
83436  -39.562  70.145  21.189 0.1000000015
82450  -40.573  67.567  19.474 0.1000000015
82782  -40.320  68.245  19.639 0.1000000015
83448  -39.864  69.660  20.441 0.1000000015
83785  -39.059  70.670  21.135 0.1000000015
84093  -38.054  71.493  21.716 0.1000000015
82135  -42.221  65.915  16.869 0.1000000015
82468  -41.431  66.420  17.177 0.1000000015
82139  -42.578  66.465  15.900 0.1000000015
82145  -43.041  65.858  15.209 0.1000000015
81807  -43.479  65.256  14.617 0.1000000015
81461  -44.233  64.087  14.148 0.2000000030
80780  -44.888  62.089  12.605 0.2000000030
81808  -43.899  64.682  14.329 0.1000000015
80779  -44.564  62.858  12.646 0.2000000030
80478  -45.107  61.111  11.643 0.3000000119
82149  -43.152  65.952  14.223 0.1000000015
81811  -43.749  65.213  13.511 0.1000000015
81466  -44.225  64.371  13.109 0.1000000015
82154  -43.123  66.009  13.202 0.1000000015
81826  -43.456  65.342  12.296 0.1000000015
81497  -43.596  64.652  11.186 0.1000000015
81133  -43.531  64.052  10.671 0.1000000015
81149  -43.685  62.804  10.147 0.1000000015
81158  -43.633  62.335  9.605 0.1000000015
80823  -43.864  61.813  9.025 0.1000000015
80834  -43.888  61.707  8.272 0.1000000015
80516  -44.162  61.478  8.464 0.1000000015
80217  -44.425  60.720  7.331 0.2000000030
71094  -41.587  41.265  2.600 0.1000000015
80528  -44.191  61.284  7.781 0.1000000015
80537  -44.068  60.946  7.117 0.1000000015
69994  -40.247  41.536  3.286 0.1000000015
70535  -40.650  41.461  2.955 0.1000000015
80225  -44.229  60.360  6.664 0.3000000119
71680  -42.063  41.364  1.995 0.1000000015
72287  -43.150  41.815  1.464 0.1000000015
79902  -44.271  59.738  6.234 0.3000000119
78853  -45.032  56.468  4.319 0.3000000119
79587  -44.542  57.762  5.034 0.3000000119
78489  -45.037  55.167  3.437 0.3000000119
72870  -43.355  42.777  1.165 0.2000000030
73950  -43.713  44.460  1.955 0.2000000030
77755  -44.647  53.679  3.045 0.3000000119
74793  -43.827  46.331  2.617 0.2000000030
75692  -44.248  48.453  3.017 0.3000000119
74792  -43.325  46.078  2.258 0.1000000015
75702  -43.432  48.108  2.704 0.3000000119
76156  -44.099  49.635  2.662 0.3000000119
84381  -36.741  72.845  23.118 0.1000000015
84388  -37.203  72.313  21.918 0.1000000015
82460  -40.670  66.978  18.905 0.1000000015
82459  -40.261  67.542  18.763 0.1000000015
83111  -39.962  69.035  19.541 0.1000000015
83447  -39.397  70.174  20.402 0.1000000015
83784  -38.416  71.133  21.078 0.1000000015
82131  -40.898  66.509  18.408 0.1000000015
82466  -40.132  67.663  18.114 0.1000000015
82790  -39.943  68.185  18.713 0.1000000015
82471  -40.976  67.391  16.810 0.1000000015
82472  -41.590  66.969  16.480 0.1000000015
82144  -42.715  66.598  14.938 0.1000000015
82478  -42.317  67.259  14.750 0.1000000015
82148  -42.639  66.608  13.983 0.1000000015
81843  -43.228  65.304  11.529 0.1000000015
81496  -43.121  64.943  10.768 0.1000000015
81509  -43.295  64.265  10.550 0.1000000015
81148  -43.173  63.722  10.116 0.1000000015
81157  -43.197  62.847  9.140 0.1000000015
80822  -43.304  62.369  8.618 0.1000000015
80833  -43.232  62.193  7.902 0.1000000015
70545  -40.614  41.169  2.109 0.1000000015
80224  -43.538  60.782  6.321 0.2000000030
80234  -43.976  59.948  6.085 0.2000000030
71696  -42.456  41.490  1.440 0.1000000015
79910  -43.984  59.253  5.733 0.2000000030
79578  -44.017  58.586  5.343 0.3000000119
79233  -44.476  56.768  4.050 0.3000000119
72286  -42.616  41.672  1.206 0.1000000015
72292  -42.814  42.353  0.835 0.1000000015
73453  -43.556  43.635  1.487 0.1000000015
79586  -43.829  58.109  4.810 0.3000000119
78861  -44.534  56.227  3.560 0.3000000119
78126  -44.926  54.239  3.296 0.3000000119
74397  -43.151  45.291  1.935 0.1000000015
77767  -44.307  53.413  2.704 0.3000000119
84102  -37.403  71.793  21.253 0.1000000015
83455  -39.622  69.672  19.826 0.1000000015
84103  -37.938  71.437  21.249 0.1000000015
82796  -40.262  68.107  17.570 0.1000000015
83110  -39.537  69.350  19.231 0.1000000015
83795  -38.910  70.685  20.289 0.1000000015
83783  -37.934  71.338  20.849 0.1000000015
82797  -40.703  67.627  17.035 0.1000000015
82475  -42.224  67.160  15.612 0.1000000015
82809  -41.891  67.839  14.684 0.1000000015
82153  -42.358  66.464  13.017 0.1000000015
82482  -42.091  67.253  13.846 0.1000000015
81825  -42.959  65.656  11.804 0.1000000015
81842  -42.784  65.467  10.975 0.1000000015
81508  -42.838  64.606  10.352 0.1000000015
81147  -42.628  64.138  9.763 0.1000000015
81168  -43.005  62.665  8.434 0.1000000015
80527  -43.477  61.685  7.401 0.1000000015
79921  -43.718  58.758  5.228 0.2000000030
79223  -43.929  57.506  4.376 0.2000000030
78873  -44.463  55.533  3.037 0.3000000119
73467  -42.954  43.583  1.016 0.1000000015
73949  -43.053  44.421  1.436 0.1000000015
78125  -44.452  54.262  2.801 0.3000000119
75229  -43.117  47.145  2.311 0.1000000015
76983  -44.077  51.470  2.549 0.3000000119
76166  -43.326  49.290  2.449 0.2000000030
76602  -43.664  50.457  2.383 0.3000000119
84387  -36.870  72.673  22.303 0.1000000015
83794  -38.305  71.079  20.226 0.1000000015
83120  -39.712  68.803  18.542 0.1000000015
83454  -39.224  69.986  19.490 0.1000000015
83127  -39.919  69.092  17.609 0.1000000015
82801  -41.712  67.476  15.983 0.1000000015
82800  -41.109  67.978  16.427 0.1000000015
82805  -41.819  67.686  15.482 0.1000000015
82489  -41.862  67.028  13.116 0.1000000015
82152  -41.885  66.652  12.533 0.1000000015
82169  -42.321  66.056  11.978 0.1000000015
81156  -42.568  63.746  9.205 0.1000000015
80843  -43.103  61.887  7.216 0.1000000015
80536  -43.326  61.339  6.765 0.1000000015
80233  -43.282  60.320  5.855 0.2000000030
79909  -43.339  59.618  5.511 0.2000000030
79232  -43.797  57.067  3.847 0.2000000030
78860  -43.962  56.571  3.371 0.2000000030
78497  -44.111  55.094  2.536 0.2000000030
77377  -44.127  52.555  2.540 0.3000000119
84732  -36.357  73.108  22.217 0.1000000015
84101  -36.993  71.984  20.798 0.1000000015
83808  -38.721  70.608  19.405 0.1000000015
83119  -39.364  69.381  18.596 0.1000000015
83126  -39.289  69.473  18.052 0.1000000015
82799  -40.483  68.547  17.004 0.1000000015
83131  -41.035  68.454  15.939 0.1000000015
82804  -41.383  68.151  15.429 0.1000000015
83137  -40.887  68.575  15.417 0.1000000015
82481  -41.746  67.572  13.426 0.1000000015
82808  -41.346  68.210  14.616 0.1000000015
79231  -43.212  57.286  3.699 0.2000000030
78496  -43.379  55.555  2.186 0.2000000030
79585  -43.199  58.362  4.664 0.2000000030
79245  -43.662  56.698  3.315 0.2000000030
78507  -43.617  54.824  2.090 0.2000000030
77766  -43.740  53.357  2.257 0.2000000030
78136  -43.950  54.200  2.370 0.3000000119
77376  -43.518  52.417  2.130 0.2000000030
76982  -43.229  51.412  1.993 0.1000000015
84395  -36.589  72.498  21.296 0.1000000015
83793  -37.710  71.350  20.321 0.1000000015
83468  -38.998  69.927  18.593 0.1000000015
78135  -43.360  54.172  1.973 0.2000000030
76601  -42.824  50.419  1.961 0.1000000015
76165  -42.259  49.468  2.054 0.1000000015
78871  -42.821  56.381  2.301 0.1000000015
78882  -42.769  55.696  1.829 0.1000000015
78134  -42.679  54.232  1.617 0.1000000015
77375  -42.708  52.325  1.731 0.1000000015
76981  -42.427  51.322  1.490 0.1000000015
78881  -42.107  56.172  1.814 0.1000000015
79251  -41.601  56.801  2.159 0.1000000015
69955  -40.330  37.805  7.701 0.2000000030
79811  -44.011  59.578  23.402 0.1000000015
81099  -44.506  63.414  14.904 0.2000000030
80437  -43.869  61.482  24.838 0.1000000015
81458  -44.123  64.133  15.108 0.2000000030
81418  -42.372  64.546  22.841 0.1000000015
81763  -42.436  64.806  21.638 0.1000000015
81741  -41.629  65.578  24.872 0.1000000015
81755  -42.046  65.190  23.137 0.1000000015
82102  -42.059  66.043  21.893 0.1000000015
82136  -42.820  65.468  16.650 0.1000000015
82774  -40.683  68.457  20.311 0.1000000015
70396  -41.356  39.095  17.096 0.1000000015
69888  -42.335  38.251  16.525 0.1000000015
72140  -40.952  42.027  18.051 0.1000000015
72133  -39.170  41.884  19.451 0.1000000015
72720  -41.083  43.554  16.170 0.1000000015
72152  -41.334  42.007  15.296 0.1000000015
72721  -41.541  43.012  15.794 0.1000000015
71564  -40.089  40.936  14.298 0.1000000015
73298  -41.086  43.846  15.627 0.1000000015
73310  -40.315  43.782  15.195 0.1000000015
73328  -40.884  43.021  14.514 0.1000000015
72159  -39.937  41.525  14.252 0.1000000015
73278  -34.468  44.236  17.980 0.1000000015
73326  -39.415  43.452  14.724 0.1000000015
72167  -39.586  41.259  13.933 0.2000000030
70429  -38.931  38.841  12.587 0.2000000030
70422  -38.609  39.620  12.821 0.2000000030
73292  -34.749  44.289  17.025 0.2000000030
73293  -35.748  44.238  16.811 0.2000000030
73308  -38.331  44.221  15.593 0.1000000015
73325  -38.513  43.850  14.709 0.2000000030
71571  -38.920  41.033  13.243 0.2000000030
70448  -38.318  38.831  10.400 0.2000000030
71005  -38.184  39.372  10.409 0.2000000030
72768  -36.731  42.472  12.577 0.2000000030
71020  -38.285  39.410  9.569 0.2000000030
70471  -39.153  38.518  8.615 0.2000000030
79800  -42.324  59.430  26.464 0.1000000015
79803  -42.428  59.160  25.570 0.1000000015
80119  -42.419  61.114  27.912 0.1000000015
80724  -42.021  62.355  29.438 0.1000000015
81375  -40.804  64.047  30.561 0.1000000015
81030  -40.790  63.822  31.019 0.1000000015
79115  -42.566  58.371  24.537 0.1000000015
79477  -42.873  59.089  24.653 0.1000000015
79474  -42.788  59.359  25.072 0.1000000015
81036  -41.785  63.776  28.931 0.1000000015
81711  -40.117  65.341  30.252 0.1000000015
80733  -42.978  61.921  26.419 0.1000000015
80436  -43.506  61.592  25.416 0.1000000015
81724  -41.702  65.840  26.560 0.1000000015
82391  -40.651  67.078  27.706 0.1000000015
82064  -41.135  66.551  26.866 0.1000000015
82398  -40.729  67.120  26.760 0.1000000015
82071  -41.220  66.492  25.935 0.1000000015
82712  -39.860  68.120  28.418 0.1000000015
82729  -39.854  68.333  26.882 0.1000000015
83057  -40.169  68.698  25.662 0.1000000015
83063  -40.027  69.191  25.567 0.1000000015
82750  -40.615  68.458  23.650 0.1000000015
83344  -35.302  70.147  30.540 0.1000000015
83412  -39.326  70.034  24.060 0.1000000015
82759  -41.309  67.959  22.297 0.1000000015
83077  -40.567  68.810  22.998 0.1000000015
79571  -45.310  58.308  6.424 0.3000000119
77756  -44.862  53.213  3.515 0.3000000119
83085  -40.645  69.135  22.076 0.1000000015
79564  -46.035  58.216  7.512 0.4000000060
77378  -44.548  52.585  2.995 0.3000000119
76971  -44.488  50.922  2.863 0.3000000119
83091  -40.545  69.179  21.310 0.1000000015
76984  -44.378  52.028  2.777 0.3000000119
83101  -40.388  69.060  20.448 0.1000000015
82467  -40.616  66.977  17.606 0.1000000015
81812  -44.061  64.615  13.749 0.2000000030
82170  -42.863  65.933  12.428 0.1000000015
78498  -44.658  54.880  2.964 0.3000000119
80546  -43.186  60.985  6.156 0.1000000015
79597  -43.631  57.613  4.302 0.2000000030
79920  -43.114  59.127  4.969 0.2000000030
78872  -43.778  56.162  2.898 0.2000000030
83483  -39.938  69.373  17.025 0.1000000015
78506  -43.066  54.975  1.760 0.2000000030
77765  -43.041  53.318  1.898 0.1000000015
78870  -42.275  56.623  2.151 0.1000000015
78014  -45.828  53.846  24.161 0.1000000015
78015  -46.353  53.656  23.752 0.1000000015
77255  -47.562  52.705  22.544 0.1000000015
78010  -45.387  54.416  25.517 0.1000000015
78354  -44.892  55.409  25.761 0.1000000015
77657  -47.946  53.337  21.607 0.1000000015
77653  -47.357  53.318  22.672 0.1000000015
77650  -46.888  52.995  23.463 0.1000000015
72081  -51.272  41.265  24.977 0.1000000015
72089  -51.783  40.807  24.185 0.1000000015
71493  -51.753  40.169  25.251 0.1000000015
72088  -51.256  41.577  23.948 0.1000000015
72082  -51.741  40.563  24.688 0.1000000015
72092  -51.742  40.992  23.398 0.1000000015
71495  -52.217  40.076  24.439 0.1000000015
70904  -52.272  39.512  25.010 0.1000000015
70343  -52.798  38.241  24.875 0.1000000015
70905  -52.659  39.117  24.401 0.1000000015
70345  -53.054  38.112  23.983 0.1000000015
71496  -52.602  39.741  23.825 0.1000000015
70912  -52.906  39.086  23.474 0.1000000015
70353  -53.096  38.249  22.923 0.1000000015
70922  -52.807  39.208  22.511 0.1000000015
69839  -53.054  37.273  23.308 0.1000000015
71522  -52.409  39.697  21.957 0.1000000015
70929  -52.137  39.601  21.283 0.1000000015
69845  -52.815  37.392  22.356 0.1000000015
69852  -52.478  37.615  21.247 0.1000000015
69367  -52.067  36.373  20.925 0.1000000015
69860  -52.327  37.088  20.282 0.1000000015
69867  -52.000  37.666  19.729 0.1000000015
69868  -51.878  36.841  19.600 0.1000000015
69874  -51.482  37.177  18.914 0.1000000015
71499  -52.657  39.883  23.136 0.1000000015
70930  -52.554  38.972  21.690 0.1000000015
70361  -52.780  38.308  22.024 0.1000000015
70368  -52.285  38.564  20.951 0.1000000015
70938  -51.922  39.454  20.407 0.1000000015
69851  -52.386  38.036  20.899 0.1000000015
70377  -51.984  38.569  20.036 0.1000000015
69859  -52.288  37.925  20.515 0.1000000015
70369  -52.533  38.367  21.485 0.1000000015
72207  -37.940  41.462  9.808 0.1000000015
73304  -34.093  44.279  16.368 0.1000000015
73322  -35.012  43.621  14.892 0.1000000015
72189  -37.332  42.292  12.016 0.1000000015
80244  -43.021  59.818  5.428 0.1000000015
79609  -42.939  57.378  3.619 0.1000000015
79931  -42.925  58.485  4.561 0.1000000015
80545  -42.445  61.334  5.895 0.1000000015
80243  -42.373  60.243  5.332 0.1000000015
79608  -42.409  57.548  3.445 0.1000000015
79244  -43.090  56.942  3.204 0.1000000015
80557  -42.259  60.895  5.530 0.1000000015
80556  -41.609  61.220  5.319 0.1000000015
79930  -42.388  58.674  4.383 0.1000000015
79595  -41.955  58.168  3.883 0.1000000015
80242  -41.239  60.344  5.081 0.1000000015
79918  -40.814  59.677  4.691 0.1000000015
80241  -40.403  60.432  4.668 0.1000000015
79596  -43.024  57.842  4.135 0.1000000015
79919  -41.888  59.504  4.732 0.1000000015
67855  -43.734  33.158  17.424 0.1000000015
68438  -47.159  35.653  14.367 0.1000000015
68960  -47.209  34.820  11.388 0.5000000000
68986  -47.103  36.199  9.652 0.6000000238
69474  -40.542  36.936  7.909 0.3000000119
69944  -47.059  36.874  9.508 0.6000000238
69985  -40.074  41.606  3.725 0.1000000015
70482  -41.040  38.332  7.049 0.2000000030
70991  -38.436  38.960  11.236 0.2000000030
71006  -38.375  39.112  10.898 0.2000000030
71061  -46.559  40.056  5.240 0.4000000060
71656  -47.030  40.801  4.962 0.4000000060
72141  -41.291  41.922  17.057 0.1000000015
72166  -39.267  41.441  13.764 0.2000000030
72178  -49.906  41.559  12.090 0.8000000119
72191  -49.803  41.549  11.886 0.8000000119
72223  -47.832  41.055  7.322 0.5000000000
72258  -45.901  41.488  4.038 0.3000000119
72707  -39.654  43.133  19.366 0.1000000015
72714  -40.908  43.025  16.951 0.1000000015
72728  -37.221  44.065  14.719 0.2000000030
72729  -41.348  42.782  14.774 0.1000000015
72737  -38.556  42.960  14.132 0.2000000030
72738  -39.450  42.779  14.333 0.1000000015
72739  -40.257  42.511  14.427 0.1000000015
72740  -40.900  42.654  14.541 0.1000000015
73311  -41.180  43.588  14.832 0.1000000015
73324  -37.755  44.182  14.836 0.2000000030
73437  -46.329  43.719  3.688 0.3000000119
74383  -44.346  45.049  2.591 0.2000000030
74794  -44.356  46.341  2.949 0.2000000030
75636  -49.263  48.212  7.406 0.8999999762
76100  -48.907  48.876  7.642 0.8999999762
76518  -48.903  50.734  9.831 1.0000000000
76917  -49.387  51.716  10.076 0.8999999762
76965  -46.157  51.142  5.048 0.4000000060
77334  -47.238  52.636  6.969 0.6999999881
77768  -44.602  53.226  3.030 0.3000000119
78371  -46.246  55.775  21.951 0.2000000030
78435  -48.096  55.334  9.633 0.6999999881
78462  -45.863  55.268  6.324 0.6999999881
78490  -45.461  54.927  3.988 0.3000000119
78771  -45.410  56.654  13.527 0.6999999881
78782  -45.002  57.063  12.261 0.6999999881
78830  -47.169  55.657  7.830 0.6999999881
79114  -42.366  58.581  24.894 0.1000000015
79155  -45.268  57.561  12.010 0.6000000238
79224  -44.496  57.255  4.547 0.3000000119
79252  -42.034  56.715  2.109 0.1000000015
79473  -42.491  58.954  25.173 0.1000000015
79507  -45.266  57.905  13.447 0.6000000238
79510  -45.226  57.996  13.108 0.6999999881
80127  -43.164  60.178  25.175 0.1000000015
80232  -42.603  60.719  5.624 0.1000000015
80492  -45.067  60.343  10.472 0.2000000030
80755  -43.519  62.598  20.215 0.3000000119
81063  -43.366  62.991  22.833 0.2000000030
81748  -41.708  65.447  24.361 0.2000000030
82063  -40.919  66.846  26.671 0.1000000015
82399  -40.918  66.829  26.943 0.1000000015
82814  -41.770  67.897  14.008 0.1000000015
84396  -37.068  72.235  21.505 0.1000000015
88974  -39.391  38.814  12.717 0.2000000030
