#!ascii label  , from subject TEMPLATE vox2ras=TkReg
284
52155  -24.472  8.658  -24.487 0.0000000000
48385  -20.246  3.818  -22.454 0.0000000000
48398  -25.619  3.421  -23.022 0.0000000000
45503  -21.761  -0.636  -22.033 0.0000000000
60453  -25.083  20.490  -21.580 0.0000000000
58438  -26.638  17.573  -22.008 0.0000000000
55771  -21.919  13.513  -25.153 0.0000000000
42988  -21.134  -4.551  -19.780 0.0000000000
46886  -21.023  1.237  -22.238 0.0000000000
46147  -19.804  -0.210  -20.578 0.0000000000
59748  -25.659  19.407  -21.908 0.0000000000
58435  -23.722  17.138  -23.063 0.0000000000
51385  -21.535  8.206  -24.340 0.0000000000
53678  -20.284  10.628  -23.882 0.0000000000
53689  -23.540  10.569  -24.953 0.0000000000
55775  -24.978  13.114  -23.940 0.0000000000
53665  -26.101  10.348  -23.174 0.0000000000
52131  -27.377  8.394  -22.864 0.0000000000
50606  -19.791  6.565  -22.471 0.0000000000
50617  -22.364  6.609  -24.285 0.0000000000
50620  -25.223  6.181  -24.015 0.0000000000
48395  -23.438  3.402  -23.605 0.0000000000
46904  -24.026  1.500  -22.924 0.0000000000
44814  -24.305  -1.148  -21.027 0.0000000000
57105  -21.000  16.258  -23.838 0.0000000000
57120  -24.554  15.534  -23.587 0.0000000000
57107  -26.668  15.461  -22.051 0.0000000000
44800  -19.507  -1.507  -19.980 0.0000000000
44178  -21.229  -2.757  -21.131 0.0000000000
46165  -19.662  0.844  -20.738 0.0000000000
46146  -19.398  0.338  -20.276 0.0000000000
59086  -24.406  18.066  -22.319 0.0000000000
58434  -23.060  17.026  -23.104 0.0000000000
52153  -22.649  8.729  -24.728 0.0000000000
52937  -22.199  9.650  -24.787 0.0000000000
52939  -24.139  9.608  -24.581 0.0000000000
53679  -24.767  10.519  -24.203 0.0000000000
52929  -24.993  9.426  -24.190 0.0000000000
52915  -26.727  9.347  -23.102 0.0000000000
52129  -25.664  8.782  -23.896 0.0000000000
49875  -20.245  5.521  -22.736 0.0000000000
50616  -21.452  6.521  -23.792 0.0000000000
49139  -21.272  4.957  -23.556 0.0000000000
49886  -22.635  5.351  -24.100 0.0000000000
49140  -21.760  4.293  -23.728 0.0000000000
46186  -21.669  0.091  -22.254 0.0000000000
46902  -22.451  1.281  -22.933 0.0000000000
45524  -22.828  -0.080  -22.471 0.0000000000
45526  -24.090  0.304  -22.464 0.0000000000
44825  -23.369  -1.236  -21.671 0.0000000000
60446  -24.542  20.765  -21.334 0.0000000000
61165  -24.477  21.629  -21.133 0.0000000000
61168  -25.128  21.614  -21.658 0.0000000000
61848  -25.125  22.533  -21.989 0.0000000000
61170  -26.363  21.662  -22.046 0.0000000000
59088  -26.081  18.429  -22.184 0.0000000000
55075  -21.578  12.523  -24.963 0.0000000000
55762  -20.648  13.446  -24.115 0.0000000000
57126  -21.191  14.854  -24.643 0.0000000000
57788  -22.991  16.034  -24.682 0.0000000000
56461  -23.209  14.563  -25.030 0.0000000000
55751  -25.972  13.430  -22.943 0.0000000000
56439  -25.446  14.555  -23.197 0.0000000000
56441  -27.217  14.408  -21.827 0.0000000000
49889  -25.456  5.100  -23.705 0.0000000000
50607  -26.632  5.819  -23.143 0.0000000000
43582  -19.638  -3.594  -19.414 0.0000000000
43583  -20.388  -3.634  -20.021 0.0000000000
44177  -20.412  -2.310  -20.802 0.0000000000
43584  -21.466  -3.990  -20.193 0.0000000000
48370  -19.811  3.250  -21.824 0.0000000000
48386  -20.625  3.109  -22.662 0.0000000000
47626  -20.058  2.127  -21.617 0.0000000000
46184  -20.486  0.531  -21.496 0.0000000000
45502  -21.034  -0.739  -21.650 0.0000000000
60452  -24.832  20.076  -21.504 0.0000000000
60454  -25.901  20.715  -21.830 0.0000000000
59747  -25.081  19.269  -22.273 0.0000000000
59087  -25.204  18.253  -22.256 0.0000000000
58437  -25.588  17.359  -22.362 0.0000000000
52143  -20.422  8.628  -23.771 0.0000000000
52936  -21.261  9.648  -24.500 0.0000000000
53687  -21.701  10.595  -24.814 0.0000000000
55076  -22.469  12.533  -25.257 0.0000000000
55773  -23.765  13.536  -24.862 0.0000000000
55078  -24.319  12.438  -24.464 0.0000000000
55068  -25.040  12.293  -23.828 0.0000000000
54363  -26.315  11.341  -22.824 0.0000000000
53666  -26.893  10.352  -22.611 0.0000000000
42980  -22.485  -5.079  -18.804 0.0000000000
42989  -22.152  -4.656  -19.392 0.0000000000
51375  -21.125  7.651  -23.917 0.0000000000
51376  -21.750  7.123  -24.169 0.0000000000
50628  -23.237  7.128  -24.516 0.0000000000
51377  -25.300  7.230  -24.140 0.0000000000
50619  -24.279  6.089  -24.228 0.0000000000
49888  -24.592  5.184  -23.973 0.0000000000
48396  -24.322  3.479  -23.519 0.0000000000
47655  -22.285  2.692  -23.321 0.0000000000
47657  -23.863  2.700  -23.291 0.0000000000
47658  -24.652  2.771  -23.122 0.0000000000
46211  -25.114  1.231  -22.395 0.0000000000
45507  -25.013  0.127  -21.692 0.0000000000
60455  -27.027  20.559  -21.736 0.0000000000
57764  -22.901  16.908  -23.620 0.0000000000
58450  -24.057  16.852  -23.359 0.0000000000
57766  -25.043  16.366  -22.795 0.0000000000
56452  -24.774  14.556  -23.858 0.0000000000
57106  -25.722  15.447  -22.572 0.0000000000
57767  -26.139  16.470  -22.270 0.0000000000
51378  -25.914  6.960  -23.771 0.0000000000
51364  -27.314  7.329  -23.025 0.0000000000
45479  -19.184  -0.617  -19.685 0.0000000000
45480  -19.630  -0.703  -20.289 0.0000000000
44812  -20.421  -1.480  -21.029 0.0000000000
44187  -21.521  -2.149  -21.432 0.0000000000
43585  -22.435  -3.897  -19.979 0.0000000000
44179  -22.201  -2.834  -21.156 0.0000000000
44189  -23.039  -1.853  -21.392 0.0000000000
59084  -23.013  17.165  -22.865 0.0000000000
52154  -23.566  8.720  -24.693 0.0000000000
52940  -24.547  9.229  -24.425 0.0000000000
52144  -25.349  8.205  -24.144 0.0000000000
49130  -19.911  4.474  -22.249 0.0000000000
49131  -20.728  4.427  -23.050 0.0000000000
49132  -21.137  3.700  -23.232 0.0000000000
46207  -22.158  0.499  -22.595 0.0000000000
45523  -22.200  -0.189  -22.316 0.0000000000
45505  -23.468  -0.555  -22.125 0.0000000000
45504  -22.671  -0.735  -22.149 0.0000000000
61169  -25.630  21.826  -21.973 0.0000000000
59089  -26.830  18.467  -21.983 0.0000000000
58417  -26.938  17.891  -21.873 0.0000000000
55074  -20.877  12.505  -24.394 0.0000000000
55770  -21.180  13.463  -24.706 0.0000000000
56458  -20.950  14.306  -24.446 0.0000000000
56460  -22.259  14.522  -25.120 0.0000000000
55752  -26.858  13.387  -22.243 0.0000000000
49144  -25.577  4.176  -23.378 0.0000000000
49890  -26.186  4.949  -23.190 0.0000000000
49145  -26.105  3.924  -23.005 0.0000000000
42987  -20.291  -4.427  -19.536 0.0000000000
43596  -20.865  -3.221  -20.622 0.0000000000
47610  -19.524  2.290  -21.064 0.0000000000
48371  -20.223  2.632  -22.080 0.0000000000
46871  -19.832  1.344  -21.107 0.0000000000
46166  -20.172  0.250  -21.078 0.0000000000
46167  -20.652  -0.255  -21.431 0.0000000000
45491  -20.541  -0.742  -21.218 0.0000000000
58436  -24.667  17.061  -23.079 0.0000000000
52151  -21.097  8.675  -24.293 0.0000000000
53688  -22.615  10.574  -25.054 0.0000000000
54385  -22.078  11.544  -25.108 0.0000000000
54386  -23.024  11.534  -25.197 0.0000000000
55077  -23.431  12.523  -25.111 0.0000000000
54387  -23.875  11.508  -24.853 0.0000000000
53680  -25.381  10.383  -23.749 0.0000000000
54377  -24.986  11.290  -23.953 0.0000000000
54378  -25.583  11.328  -23.423 0.0000000000
55054  -25.787  12.315  -23.157 0.0000000000
42343  -21.904  -5.572  -18.854 0.0000000000
42344  -22.759  -5.396  -18.467 0.0000000000
51374  -20.033  7.738  -23.107 0.0000000000
50615  -20.601  6.595  -23.251 0.0000000000
50627  -22.695  7.348  -24.491 0.0000000000
50629  -24.042  6.931  -24.480 0.0000000000
50618  -23.373  6.213  -24.334 0.0000000000
49141  -22.983  4.285  -23.947 0.0000000000
49887  -23.646  5.227  -24.118 0.0000000000
49142  -23.985  4.288  -23.875 0.0000000000
47641  -21.240  2.119  -22.715 0.0000000000
48387  -21.619  3.019  -23.266 0.0000000000
46903  -23.199  1.523  -23.045 0.0000000000
47643  -22.673  1.802  -23.091 0.0000000000
46917  -23.571  2.041  -23.079 0.0000000000
46918  -24.185  2.184  -23.014 0.0000000000
46905  -24.854  1.902  -22.775 0.0000000000
45506  -24.411  -0.221  -21.861 0.0000000000
46187  -24.857  0.312  -22.004 0.0000000000
45492  -24.749  -0.597  -21.178 0.0000000000
45493  -25.335  -0.141  -20.929 0.0000000000
59749  -26.545  19.438  -21.871 0.0000000000
53677  -19.791  10.545  -23.259 0.0000000000
57104  -20.653  15.493  -23.612 0.0000000000
57762  -21.402  16.385  -23.389 0.0000000000
57763  -22.213  16.793  -23.585 0.0000000000
57779  -22.295  16.764  -24.173 0.0000000000
57119  -23.997  15.915  -23.999 0.0000000000
57780  -23.381  16.573  -24.071 0.0000000000
57781  -24.344  16.453  -23.371 0.0000000000
57765  -24.638  16.668  -23.048 0.0000000000
57782  -24.727  15.972  -23.209 0.0000000000
55774  -24.546  13.542  -24.268 0.0000000000
55763  -25.129  13.733  -23.855 0.0000000000
56440  -26.306  14.446  -22.468 0.0000000000
50630  -24.724  6.805  -24.303 0.0000000000
51363  -26.676  6.687  -23.315 0.0000000000
44162  -19.547  -2.552  -19.724 0.0000000000
44799  -19.076  -1.531  -19.352 0.0000000000
44186  -20.839  -2.074  -21.268 0.0000000000
44822  -20.953  -1.462  -21.445 0.0000000000
44180  -23.319  -2.590  -20.769 0.0000000000
46870  -19.371  1.428  -20.563 0.0000000000
59746  -24.348  19.115  -21.983 0.0000000000
59085  -23.722  18.124  -22.555 0.0000000000
52152  -21.800  8.765  -24.582 0.0000000000
52938  -23.137  9.629  -24.885 0.0000000000
53690  -24.239  10.603  -24.586 0.0000000000
52928  -24.526  10.039  -24.368 0.0000000000
52914  -25.868  9.393  -23.598 0.0000000000
52130  -26.295  8.081  -23.492 0.0000000000
49874  -19.509  5.471  -21.946 0.0000000000
49884  -20.989  5.590  -23.401 0.0000000000
49885  -21.730  5.546  -23.854 0.0000000000
48394  -22.496  3.331  -23.566 0.0000000000
46206  -21.467  0.657  -22.338 0.0000000000
46901  -21.709  1.292  -22.690 0.0000000000
46208  -22.978  0.631  -22.818 0.0000000000
46209  -23.748  0.758  -22.792 0.0000000000
45525  -23.589  0.089  -22.494 0.0000000000
44826  -23.882  -0.809  -21.683 0.0000000000
61164  -24.108  21.224  -21.022 0.0000000000
55749  -20.417  13.449  -23.467 0.0000000000
56451  -20.586  14.381  -23.886 0.0000000000
57117  -20.896  15.134  -24.347 0.0000000000
57127  -21.619  15.441  -24.815 0.0000000000
57786  -21.696  16.327  -24.493 0.0000000000
57128  -22.653  15.456  -24.955 0.0000000000
57129  -23.490  15.517  -24.546 0.0000000000
57130  -24.122  15.215  -24.079 0.0000000000
55764  -25.400  13.121  -23.537 0.0000000000
55750  -25.469  13.812  -23.461 0.0000000000
50621  -26.046  5.947  -23.553 0.0000000000
44176  -19.876  -2.137  -20.290 0.0000000000
44163  -20.181  -2.786  -20.317 0.0000000000
43597  -21.833  -3.438  -20.703 0.0000000000
47627  -20.564  2.052  -22.167 0.0000000000
46885  -20.421  1.114  -21.630 0.0000000000
46185  -20.912  0.231  -21.831 0.0000000000
61163  -23.966  20.936  -21.033 0.0000000000
52935  -20.571  9.965  -24.208 0.0000000000
53686  -20.900  10.651  -24.415 0.0000000000
54384  -21.256  11.559  -24.667 0.0000000000
55772  -22.856  13.552  -25.255 0.0000000000
55079  -24.719  12.852  -24.130 0.0000000000
54388  -24.484  11.370  -24.384 0.0000000000
55067  -24.691  11.848  -24.147 0.0000000000
55055  -26.544  12.365  -22.526 0.0000000000
54364  -27.117  11.350  -22.211 0.0000000000
48388  -25.852  3.217  -22.788 0.0000000000
42360  -21.550  -4.990  -19.375 0.0000000000
51386  -22.114  7.776  -24.452 0.0000000000
51387  -23.032  7.912  -24.611 0.0000000000
51388  -23.858  7.816  -24.625 0.0000000000
51389  -24.658  7.604  -24.433 0.0000000000
49143  -24.855  4.274  -23.678 0.0000000000
48397  -25.053  3.514  -23.311 0.0000000000
47642  -22.112  2.067  -23.083 0.0000000000
47656  -22.978  2.385  -23.251 0.0000000000
47659  -25.192  3.001  -23.016 0.0000000000
47644  -25.060  2.595  -22.902 0.0000000000
46906  -25.581  1.663  -22.290 0.0000000000
46210  -24.577  0.770  -22.453 0.0000000000
46188  -25.369  0.728  -21.833 0.0000000000
58433  -22.356  16.726  -23.074 0.0000000000
56462  -23.977  14.502  -24.462 0.0000000000
56438  -25.242  14.180  -23.632 0.0000000000
56453  -24.974  15.047  -23.462 0.0000000000
57121  -25.076  15.495  -23.140 0.0000000000
58439  -27.057  17.259  -21.756 0.0000000000
52145  -25.731  7.623  -23.893 0.0000000000
44811  -19.945  -1.486  -20.540 0.0000000000
45490  -20.072  -0.732  -20.772 0.0000000000
44823  -21.660  -1.443  -21.692 0.0000000000
43598  -22.770  -3.308  -20.462 0.0000000000
44188  -22.371  -2.085  -21.435 0.0000000000
44824  -22.472  -1.377  -21.789 0.0000000000
46916  -23.237  1.974  -23.108 0.0000000000
47645  -25.572  2.670  -22.703 0.0000000000
56459  -21.477  14.380  -24.855 0.0000000000
57118  -21.026  16.018  -24.324 0.0000000000
57778  -21.493  16.609  -24.017 0.0000000000
57787  -22.405  16.209  -24.648 0.0000000000
58451  -24.310  16.830  -23.217 0.0000000000
