#!ascii label  , from subject TEMPLATE vox2ras=TkReg
813
45480  -19.630  -0.703  -20.289 0.5555555820
45490  -20.072  -0.732  -20.772 0.6666666865
46167  -20.652  -0.255  -21.431 0.7777777910
46185  -20.912  0.231  -21.831 0.7777777910
46886  -21.023  1.237  -22.238 0.8888888955
46903  -23.199  1.523  -23.045 0.8888888955
44799  -19.076  -1.531  -19.352 0.5555555820
46165  -19.662  0.844  -20.738 0.6666666865
46871  -19.832  1.344  -21.107 0.8888888955
46186  -21.669  0.091  -22.254 0.8888888955
46901  -21.709  1.292  -22.690 0.8888888955
47656  -22.978  2.385  -23.251 1.0000000000
46917  -23.571  2.041  -23.079 0.8888888955
47657  -23.863  2.700  -23.291 1.0000000000
46870  -19.371  1.428  -20.563 0.7777777910
48371  -20.223  2.632  -22.080 1.0000000000
48385  -20.246  3.818  -22.454 1.0000000000
48386  -20.625  3.109  -22.662 1.0000000000
49140  -21.760  4.293  -23.728 1.0000000000
48394  -22.496  3.331  -23.566 1.0000000000
49141  -22.983  4.285  -23.947 1.0000000000
49142  -23.985  4.288  -23.875 1.0000000000
49886  -22.635  5.351  -24.100 1.0000000000
49887  -23.646  5.227  -24.118 1.0000000000
49888  -24.592  5.184  -23.973 1.0000000000
50619  -24.279  6.089  -24.228 1.0000000000
50620  -25.223  6.181  -24.015 0.7777777910
49130  -19.911  4.474  -22.249 0.8888888955
49139  -21.272  4.957  -23.556 1.0000000000
49885  -21.730  5.546  -23.854 1.0000000000
50618  -23.373  6.213  -24.334 1.0000000000
50630  -24.724  6.805  -24.303 1.0000000000
51378  -25.914  6.960  -23.771 0.8888888955
51377  -25.300  7.230  -24.140 1.0000000000
51363  -26.676  6.687  -23.315 0.7777777910
50606  -19.791  6.565  -22.471 0.5555555820
51375  -21.125  7.651  -23.917 0.7777777910
50615  -20.601  6.595  -23.251 0.8888888955
50617  -22.364  6.609  -24.285 1.0000000000
51376  -21.750  7.123  -24.169 0.8888888955
50627  -22.695  7.348  -24.491 1.0000000000
50628  -23.237  7.128  -24.516 1.0000000000
51389  -24.658  7.604  -24.433 1.0000000000
52144  -25.349  8.205  -24.144 0.8888888955
52129  -25.664  8.782  -23.896 0.8888888955
52915  -26.727  9.347  -23.102 0.7777777910
52131  -27.377  8.394  -22.864 0.6666666865
52128  -19.470  8.381  -22.643 0.4444444478
51374  -20.033  7.738  -23.107 0.7777777910
52927  -20.638  9.295  -24.166 0.6666666865
52152  -21.800  8.765  -24.582 0.7777777910
52153  -22.649  8.729  -24.728 0.8888888955
51388  -23.858  7.816  -24.625 1.0000000000
52154  -23.566  8.720  -24.693 1.0000000000
52940  -24.547  9.229  -24.425 1.0000000000
52929  -24.993  9.426  -24.190 0.8888888955
52914  -25.868  9.393  -23.598 0.7777777910
52916  -27.527  9.418  -22.481 0.5555555820
53666  -26.893  10.352  -22.611 0.7777777910
52935  -20.571  9.965  -24.208 0.6666666865
52926  -20.069  9.651  -23.694 0.6666666865
52936  -21.261  9.648  -24.500 0.7777777910
53687  -21.701  10.595  -24.814 0.7777777910
52937  -22.199  9.650  -24.787 0.8888888955
52938  -23.137  9.629  -24.885 0.8888888955
53688  -22.615  10.574  -25.054 1.0000000000
53689  -23.540  10.569  -24.953 1.0000000000
52928  -24.526  10.039  -24.368 1.0000000000
53680  -25.381  10.383  -23.749 0.8888888955
53665  -26.101  10.348  -23.174 0.8888888955
54377  -24.986  11.290  -23.953 0.8888888955
54378  -25.583  11.328  -23.423 0.7777777910
54363  -26.315  11.341  -22.824 0.7777777910
53667  -27.820  10.427  -22.361 0.6666666865
53678  -20.284  10.628  -23.882 0.6666666865
53677  -19.791  10.545  -23.259 0.5555555820
53686  -20.900  10.651  -24.415 0.7777777910
54386  -23.024  11.534  -25.197 1.0000000000
54388  -24.484  11.370  -24.384 1.0000000000
53679  -24.767  10.519  -24.203 0.8888888955
55054  -25.787  12.315  -23.157 0.7777777910
55055  -26.544  12.365  -22.526 0.7777777910
54364  -27.117  11.350  -22.211 0.6666666865
55056  -27.493  12.375  -22.170 0.5555555820
54365  -28.120  11.404  -22.180 0.5555555820
54376  -20.577  11.539  -24.096 0.7777777910
55074  -20.877  12.505  -24.394 0.6666666865
54384  -21.256  11.559  -24.667 0.8888888955
55076  -22.469  12.533  -25.257 1.0000000000
55077  -23.431  12.523  -25.111 1.0000000000
55079  -24.719  12.852  -24.130 0.8888888955
55067  -24.691  11.848  -24.147 0.8888888955
55775  -24.978  13.114  -23.940 0.8888888955
55068  -25.040  12.293  -23.828 0.8888888955
55751  -25.972  13.430  -22.943 0.7777777910
55752  -26.858  13.387  -22.243 0.7777777910
56439  -25.446  14.555  -23.197 0.7777777910
55753  -27.882  13.384  -21.954 0.5555555820
56441  -27.217  14.408  -21.827 0.6666666865
55035  -19.855  12.664  -22.903 0.4444444478
55066  -20.316  12.455  -23.670 0.5555555820
55770  -21.180  13.463  -24.706 0.7777777910
55075  -21.578  12.523  -24.963 0.8888888955
55772  -22.856  13.552  -25.255 1.0000000000
55773  -23.765  13.536  -24.862 0.8888888955
55774  -24.546  13.542  -24.268 0.8888888955
55763  -25.129  13.733  -23.855 0.8888888955
55750  -25.469  13.812  -23.461 0.8888888955
56440  -26.306  14.446  -22.468 0.6666666865
57105  -21.000  16.258  -23.838 0.6666666865
57117  -20.896  15.134  -24.347 0.6666666865
57128  -22.653  15.456  -24.955 0.7777777910
56461  -23.209  14.563  -25.030 0.8888888955
57129  -23.490  15.517  -24.546 0.7777777910
57130  -24.122  15.215  -24.079 0.7777777910
56462  -23.977  14.502  -24.462 0.8888888955
57120  -24.554  15.534  -23.587 0.7777777910
56452  -24.774  14.556  -23.858 0.8888888955
57121  -25.076  15.495  -23.140 0.7777777910
56453  -24.974  15.047  -23.462 0.7777777910
57766  -25.043  16.366  -22.795 0.6666666865
57106  -25.722  15.447  -22.572 0.6666666865
57767  -26.139  16.470  -22.270 0.6666666865
57107  -26.668  15.461  -22.051 0.5555555820
57768  -27.202  16.621  -21.845 0.5555555820
59743  -22.626  16.240  -22.485 0.3333333433
59082  -21.962  16.015  -22.736 0.3333333433
57763  -22.213  16.793  -23.585 0.5555555820
57779  -22.295  16.764  -24.173 0.6666666865
58434  -23.060  17.026  -23.104 0.5555555820
57780  -23.381  16.573  -24.071 0.7777777910
58450  -24.057  16.852  -23.359 0.6666666865
57781  -24.344  16.453  -23.371 0.6666666865
57765  -24.638  16.668  -23.048 0.6666666865
58437  -25.588  17.359  -22.362 0.6666666865
58438  -26.638  17.573  -22.008 0.6666666865
58439  -27.057  17.259  -21.756 0.5555555820
58418  -27.393  17.634  -21.514 0.5555555820
59084  -23.013  17.165  -22.865 0.4444444478
59744  -22.693  17.008  -22.129 0.4444444478
58435  -23.722  17.138  -23.063 0.6666666865
58436  -24.667  17.061  -23.079 0.6666666865
59088  -26.081  18.429  -22.184 0.6666666865
59089  -26.830  18.467  -21.983 0.6666666865
58417  -26.938  17.891  -21.873 0.6666666865
59745  -24.043  18.816  -21.884 0.4444444478
59086  -24.406  18.066  -22.319 0.6666666865
47627  -20.564  2.052  -22.167 1.0000000000
48387  -21.619  3.019  -23.266 1.0000000000
48395  -23.438  3.402  -23.605 1.0000000000
52142  -19.786  8.857  -23.157 0.5555555820
54375  -20.076  11.422  -23.462 0.5555555820
55735  -20.283  13.423  -23.152 0.5555555820
55764  -25.400  13.121  -23.537 0.8888888955
55734  -20.448  13.125  -22.509 0.2222222239
57119  -23.997  15.915  -23.999 0.7777777910
57108  -27.645  15.428  -21.800 0.4444444478
59085  -23.722  18.124  -22.555 0.6666666865
59746  -24.348  19.115  -21.983 0.6666666865
52925  -19.565  9.717  -22.951 0.4444444478
59073  -27.892  18.412  -21.219 0.5555555820
88675  -22.856  16.750  -22.055 0.2222222239
59072  -27.322  18.418  -21.607 0.5555555820
44162  -19.547  -2.552  -19.724 0.5555555820
44177  -20.412  -2.310  -20.802 0.5555555820
44811  -19.945  -1.486  -20.540 0.6666666865
45491  -20.541  -0.742  -21.218 0.5555555820
44823  -21.660  -1.443  -21.692 0.5555555820
45524  -22.828  -0.080  -22.471 0.7777777910
46208  -22.978  0.631  -22.818 0.8888888955
45502  -21.034  -0.739  -21.650 0.6666666865
45503  -21.761  -0.636  -22.033 0.6666666865
46207  -22.158  0.499  -22.595 0.8888888955
46904  -24.026  1.500  -22.924 0.7777777910
46918  -24.185  2.184  -23.014 0.7777777910
47658  -24.652  2.771  -23.122 0.8888888955
44788  -18.729  -1.600  -18.681 0.4444444478
46131  -18.886  0.351  -19.362 0.5555555820
48396  -24.322  3.479  -23.519 1.0000000000
47586  -18.820  2.373  -19.710 0.2222222239
47609  -19.073  2.332  -20.401 0.6666666865
49889  -25.456  5.100  -23.705 0.8888888955
50621  -26.046  5.947  -23.553 0.6666666865
49099  -19.040  3.811  -20.697 0.5555555820
51364  -27.314  7.329  -23.025 0.6666666865
49874  -19.509  5.471  -21.946 0.4444444478
51365  -27.948  7.595  -22.462 0.5555555820
52132  -28.142  8.532  -22.250 0.5555555820
51362  -19.348  7.579  -22.200 0.2222222239
52141  -19.369  9.065  -22.625 0.4444444478
53637  -19.445  10.644  -21.551 0.3333333433
55053  -20.002  12.722  -23.114 0.4444444478
55057  -28.469  12.358  -21.995 0.4444444478
55733  -20.298  12.743  -22.422 0.3333333433
56442  -28.405  14.519  -21.718 0.4444444478
59742  -22.135  15.772  -22.273 0.3333333433
58431  -21.769  15.817  -22.589 0.3333333433
57761  -20.965  15.725  -22.998 0.4444444478
57747  -27.944  17.046  -21.578 0.4444444478
59074  -28.411  18.546  -21.092 0.2222222239
88695  -23.545  18.493  -21.623 0.3333333433
59747  -25.081  19.269  -22.273 0.6666666865
59087  -25.204  18.253  -22.256 0.6666666865
59748  -25.659  19.407  -21.908 0.6666666865
59749  -26.545  19.438  -21.871 0.6666666865
59734  -27.171  18.985  -21.812 0.6666666865
59735  -27.788  19.073  -21.458 0.4444444478
59725  -27.953  18.938  -21.256 0.3333333433
45479  -19.184  -0.617  -19.685 0.5555555820
44800  -19.507  -1.507  -19.980 0.5555555820
44812  -20.421  -1.480  -21.029 0.6666666865
46147  -19.804  -0.210  -20.578 0.6666666865
46166  -20.172  0.250  -21.078 0.7777777910
46184  -20.486  0.531  -21.496 0.8888888955
47641  -21.240  2.119  -22.715 1.0000000000
46206  -21.467  0.657  -22.338 0.8888888955
47643  -22.673  1.802  -23.091 1.0000000000
46902  -22.451  1.281  -22.933 0.8888888955
45463  -18.797  -0.666  -18.940 0.4444444478
46146  -19.398  0.338  -20.276 0.6666666865
46885  -20.421  1.114  -21.630 0.8888888955
47642  -22.112  2.067  -23.083 1.0000000000
47655  -22.285  2.692  -23.321 1.0000000000
46851  -18.947  1.373  -19.907 0.5555555820
47626  -20.058  2.127  -21.617 1.0000000000
47610  -19.524  2.290  -21.064 0.8888888955
48370  -19.811  3.250  -21.824 0.8888888955
49132  -21.137  3.700  -23.232 1.0000000000
49131  -20.728  4.427  -23.050 1.0000000000
49143  -24.855  4.274  -23.678 0.8888888955
49875  -20.245  5.521  -22.736 1.0000000000
49119  -19.243  4.364  -21.282 0.6666666865
49884  -20.989  5.590  -23.401 1.0000000000
50616  -21.452  6.521  -23.792 1.0000000000
50629  -24.042  6.931  -24.480 1.0000000000
52145  -25.731  7.623  -23.893 0.8888888955
52130  -26.295  8.081  -23.492 0.7777777910
52143  -20.422  8.628  -23.771 0.6666666865
51385  -21.535  8.206  -24.340 0.8888888955
51386  -22.114  7.776  -24.452 0.8888888955
51387  -23.032  7.912  -24.611 1.0000000000
52155  -24.472  8.658  -24.487 1.0000000000
52127  -19.070  8.688  -21.989 0.3333333433
52151  -21.097  8.675  -24.293 0.7777777910
52939  -24.139  9.608  -24.581 1.0000000000
53690  -24.239  10.603  -24.586 1.0000000000
53664  -19.465  10.500  -22.592 0.4444444478
54385  -22.078  11.544  -25.108 0.8888888955
54387  -23.875  11.508  -24.853 1.0000000000
55078  -24.319  12.438  -24.464 0.8888888955
55065  -19.905  12.022  -23.141 0.5555555820
56438  -25.242  14.180  -23.632 0.8888888955
55749  -20.417  13.449  -23.467 0.5555555820
55762  -20.648  13.446  -24.115 0.5555555820
55771  -21.919  13.513  -25.153 1.0000000000
56460  -22.259  14.522  -25.120 0.7777777910
56458  -20.950  14.306  -24.446 0.7777777910
57104  -20.653  15.493  -23.612 0.5555555820
57762  -21.402  16.385  -23.389 0.4444444478
57127  -21.619  15.441  -24.815 0.6666666865
57786  -21.696  16.327  -24.493 0.6666666865
57126  -21.191  14.854  -24.643 0.7777777910
56451  -20.586  14.381  -23.886 0.7777777910
56437  -20.559  14.293  -23.258 0.6666666865
57788  -22.991  16.034  -24.682 0.7777777910
57782  -24.727  15.972  -23.209 0.6666666865
58432  -21.808  16.263  -22.845 0.4444444478
58433  -22.356  16.726  -23.074 0.5555555820
57764  -22.901  16.908  -23.620 0.6666666865
54362  -19.692  11.329  -22.878 0.4444444478
56421  -20.754  14.109  -22.901 0.3333333433
52913  -19.227  9.681  -22.300 0.4444444478
58419  -28.336  18.086  -21.272 0.3333333433
44176  -19.876  -2.137  -20.290 0.5555555820
45525  -23.589  0.089  -22.494 0.6666666865
44161  -18.993  -2.244  -19.087 0.4444444478
44150  -19.156  -2.923  -19.122 0.5555555820
48397  -25.053  3.514  -23.311 0.7777777910
50607  -26.632  5.819  -23.143 0.6666666865
48350  -19.244  3.229  -20.908 0.7777777910
50604  -18.887  6.901  -21.068 0.1111111119
51361  -18.969  7.640  -21.308 0.1111111119
53649  -19.282  10.377  -22.033 0.4444444478
54346  -19.616  11.291  -22.213 0.3333333433
55052  -19.834  12.088  -22.681 0.3333333433
57084  -20.914  14.909  -22.683 0.3333333433
60447  -27.272  19.590  -21.709 0.6666666865
43599  -23.310  -3.168  -20.240 0.4444444478
44151  -24.571  -3.116  -19.054 0.2222222239
43596  -20.865  -3.221  -20.622 0.4444444478
43584  -21.466  -3.990  -20.193 0.4444444478
44178  -21.229  -2.757  -21.131 0.4444444478
44179  -22.201  -2.834  -21.156 0.4444444478
44180  -23.319  -2.590  -20.769 0.4444444478
44801  -24.644  -1.777  -20.223 0.2222222239
44187  -21.521  -2.149  -21.432 0.4444444478
44188  -22.371  -2.085  -21.435 0.4444444478
44189  -23.039  -1.853  -21.392 0.4444444478
44167  -25.858  -1.458  -19.183 0.1111111119
44825  -23.369  -1.236  -21.671 0.4444444478
44814  -24.305  -1.148  -21.027 0.3333333433
44824  -22.472  -1.377  -21.789 0.4444444478
44813  -23.625  -1.791  -21.111 0.3333333433
44802  -25.167  -1.028  -20.090 0.2222222239
44826  -23.882  -0.809  -21.683 0.3333333433
45504  -22.671  -0.735  -22.149 0.4444444478
45507  -25.013  0.127  -21.692 0.2222222239
46168  -25.805  0.569  -21.122 0.1111111119
46169  -26.339  1.007  -20.704 0.1111111119
46187  -24.857  0.312  -22.004 0.3333333433
46188  -25.369  0.728  -21.833 0.3333333433
46905  -24.854  1.902  -22.775 0.5555555820
47644  -25.060  2.595  -22.902 0.6666666865
47646  -26.142  2.270  -22.138 0.4444444478
47659  -25.192  3.001  -23.016 0.6666666865
48372  -27.008  3.825  -21.894 0.3333333433
48398  -25.619  3.421  -23.022 0.6666666865
49133  -26.638  4.453  -22.555 0.5555555820
49144  -25.577  4.176  -23.378 0.6666666865
49876  -26.689  5.284  -22.800 0.5555555820
49863  -27.014  5.298  -22.326 0.5555555820
49120  -27.055  4.691  -21.927 0.4444444478
50594  -27.380  6.039  -22.302 0.3333333433
49890  -26.186  4.949  -23.190 0.5555555820
51351  -27.743  6.754  -22.484 0.4444444478
60455  -27.027  20.559  -21.736 0.5555555820
43585  -22.435  -3.897  -19.979 0.4444444478
43587  -24.058  -3.227  -19.451 0.2222222239
45493  -25.335  -0.141  -20.929 0.2222222239
46906  -25.581  1.663  -22.290 0.4444444478
46887  -25.877  1.336  -21.840 0.3333333433
46211  -25.114  1.231  -22.395 0.4444444478
48388  -25.852  3.217  -22.788 0.6666666865
48389  -26.287  3.300  -22.485 0.4444444478
50595  -28.098  6.130  -22.033 0.3333333433
51352  -28.356  6.914  -22.214 0.4444444478
52917  -28.453  9.520  -22.312 0.4444444478
60453  -25.083  20.490  -21.580 0.5555555820
44822  -20.953  -1.462  -21.445 0.4444444478
47628  -26.814  2.769  -21.488 0.2222222239
42360  -21.550  -4.990  -19.375 0.4444444478
42989  -22.152  -4.656  -19.392 0.4444444478
42990  -22.907  -4.176  -19.274 0.4444444478
43573  -24.204  -3.740  -18.734 0.2222222239
43554  -24.947  -4.042  -17.970 0.1111111119
43583  -20.388  -3.634  -20.021 0.4444444478
42988  -21.134  -4.551  -19.780 0.4444444478
44152  -25.146  -2.713  -18.913 0.1111111119
44166  -25.215  -1.993  -19.474 0.1111111119
43574  -25.077  -3.376  -18.431 0.1111111119
45481  -25.672  -0.466  -20.079 0.1111111119
45482  -26.299  0.077  -19.890 0.1111111119
46148  -27.079  1.303  -19.736 0.1111111119
46872  -26.974  2.084  -20.618 0.1111111119
47611  -27.084  2.709  -20.850 0.2222222239
49121  -27.281  4.490  -21.207 0.1111111119
48373  -27.179  3.527  -21.101 0.2222222239
49864  -27.393  5.447  -21.505 0.2222222239
52133  -29.050  8.646  -22.161 0.3333333433
52918  -29.348  9.589  -22.145 0.3333333433
53668  -28.749  10.482  -22.211 0.3333333433
57085  -20.746  14.992  -23.001 0.4444444478
55754  -28.883  13.276  -21.762 0.4444444478
57088  -28.038  16.147  -21.750 0.3333333433
60452  -24.832  20.076  -21.504 0.5555555820
60454  -25.901  20.715  -21.830 0.5555555820
44163  -20.181  -2.786  -20.317 0.4444444478
45523  -22.200  -0.189  -22.316 0.5555555820
45505  -23.468  -0.555  -22.125 0.5555555820
46209  -23.748  0.758  -22.792 0.6666666865
51349  -26.959  6.200  -23.080 0.5555555820
51350  -27.277  6.458  -22.907 0.4444444478
44186  -20.839  -2.074  -21.268 0.4444444478
45526  -24.090  0.304  -22.464 0.3333333433
43598  -22.770  -3.308  -20.462 0.4444444478
44164  -23.712  -3.065  -20.008 0.4444444478
43586  -23.360  -3.578  -19.623 0.3333333433
43597  -21.833  -3.438  -20.703 0.4444444478
44181  -24.090  -2.026  -20.637 0.4444444478
44165  -24.363  -2.582  -19.826 0.2222222239
44153  -25.991  -2.289  -18.558 0.1111111119
45492  -24.749  -0.597  -21.178 0.3333333433
45506  -24.411  -0.221  -21.861 0.3333333433
44815  -24.901  -0.757  -20.818 0.2222222239
46189  -25.979  1.029  -21.428 0.1111111119
45494  -25.937  0.367  -20.655 0.1111111119
46888  -26.338  1.713  -21.490 0.1111111119
46210  -24.577  0.770  -22.453 0.3333333433
47645  -25.572  2.670  -22.703 0.4444444478
46907  -26.017  1.709  -21.988 0.4444444478
49145  -26.105  3.924  -23.005 0.5555555820
50593  -27.032  5.847  -22.790 0.5555555820
51366  -28.806  7.614  -22.159 0.4444444478
43572  -23.484  -4.095  -18.909 0.4444444478
42982  -23.835  -4.354  -18.487 0.2222222239
42987  -20.291  -4.427  -19.536 0.4444444478
43582  -19.638  -3.594  -19.414 0.4444444478
44803  -25.970  -0.787  -19.504 0.1111111119
39239  -23.713  -10.265  -15.610 0.1111111119
40456  -20.931  -8.644  -17.952 0.3333333433
39858  -22.249  -9.513  -16.602 0.2222222239
39859  -23.312  -9.375  -16.083 0.1111111119
41704  -18.892  -6.520  -18.319 0.3333333433
40476  -19.236  -7.730  -18.321 0.3333333433
40455  -20.089  -8.669  -18.135 0.3333333433
41082  -21.186  -7.476  -18.338 0.3333333433
41060  -21.824  -7.644  -17.991 0.3333333433
39878  -22.085  -8.710  -17.171 0.2222222239
41061  -22.370  -7.658  -17.543 0.2222222239
40436  -22.806  -8.344  -16.838 0.2222222239
40437  -23.940  -8.414  -16.357 0.1111111119
42978  -18.435  -4.787  -17.971 0.2222222239
42340  -19.086  -5.572  -18.553 0.2222222239
42339  -18.489  -5.800  -18.073 0.2222222239
41705  -19.661  -6.512  -18.616 0.3333333433
41081  -20.184  -7.302  -18.480 0.3333333433
40479  -21.109  -8.125  -18.137 0.3333333433
41038  -22.899  -7.636  -17.123 0.1111111119
42979  -19.028  -4.506  -18.598 0.2222222239
42341  -19.963  -5.795  -18.876 0.3333333433
42986  -19.608  -4.387  -19.087 0.3333333433
42358  -20.191  -5.119  -19.170 0.3333333433
42342  -20.842  -5.838  -19.045 0.3333333433
41708  -22.135  -6.426  -18.334 0.3333333433
42316  -22.714  -6.047  -18.136 0.3333333433
41685  -23.391  -6.571  -17.413 0.1111111119
43571  -19.103  -3.606  -18.815 0.2222222239
42343  -21.904  -5.572  -18.854 0.3333333433
42980  -22.485  -5.079  -18.804 0.3333333433
41686  -24.037  -6.040  -17.337 0.1111111119
44149  -18.735  -2.619  -18.495 0.3333333433
42981  -23.173  -4.780  -18.598 0.3333333433
54366  -29.059  11.410  -22.033 0.3333333433
41706  -20.548  -6.590  -18.704 0.3333333433
41083  -21.958  -7.117  -18.158 0.3333333433
41684  -22.586  -6.835  -17.816 0.3333333433
42357  -19.565  -5.070  -18.858 0.3333333433
42960  -23.553  -5.057  -18.223 0.3333333433
39238  -22.793  -10.499  -15.824 0.1111111119
38585  -23.296  -10.906  -15.609 0.1111111119
40454  -19.039  -8.387  -18.129 0.3333333433
39876  -20.570  -9.376  -17.695 0.3333333433
39877  -21.439  -9.217  -17.338 0.3333333433
38569  -24.015  -11.211  -15.414 0.1111111119
39221  -24.411  -10.291  -15.435 0.1111111119
41079  -18.815  -7.369  -18.177 0.3333333433
39860  -24.469  -9.384  -15.647 0.1111111119
41039  -23.544  -7.412  -16.923 0.1111111119
41666  -24.169  -6.765  -16.964 0.1111111119
43570  -18.616  -3.645  -18.144 0.2222222239
42317  -23.509  -5.526  -17.984 0.1111111119
42961  -23.939  -4.878  -18.089 0.1111111119
44769  -18.445  -1.688  -17.947 0.1111111119
55058  -29.394  12.291  -21.799 0.2222222239
45442  -18.578  -0.880  -18.289 0.2222222239
53669  -29.655  10.509  -22.040 0.2222222239
40478  -20.547  -8.032  -18.258 0.3333333433
40477  -19.749  -7.900  -18.318 0.3333333433
41080  -19.410  -7.227  -18.412 0.3333333433
40457  -21.679  -8.240  -17.769 0.3333333433
40458  -22.243  -8.242  -17.335 0.2222222239
41062  -22.937  -7.200  -17.323 0.2222222239
41707  -21.439  -6.513  -18.596 0.3333333433
42344  -22.759  -5.396  -18.467 0.3333333433
41665  -23.699  -6.900  -17.073 0.1111111119
44133  -18.419  -2.671  -17.614 0.2222222239
42359  -20.983  -5.144  -19.406 0.3333333433
39220  -22.129  -11.092  -15.800 0.1111111119
39857  -21.492  -10.002  -16.827 0.2222222239
39875  -19.650  -9.406  -17.774 0.3333333433
39874  -18.706  -9.377  -17.495 0.2222222239
39249  -20.225  -10.153  -17.342 0.3333333433
39250  -20.960  -9.947  -17.230 0.3333333433
41683  -18.179  -6.623  -17.694 0.2222222239
41059  -18.421  -7.688  -17.772 0.2222222239
51367  -29.587  7.873  -22.002 0.1111111119
51368  -30.413  7.900  -21.834 0.1111111119
52919  -30.224  9.634  -21.983 0.1111111119
52920  -31.064  9.653  -21.809 0.1111111119
53670  -30.555  10.524  -21.858 0.1111111119
54367  -29.958  11.398  -21.850 0.1111111119
56424  -28.713  15.211  -21.599 0.1111111119
57109  -28.342  15.437  -21.652 0.2222222239
57748  -28.545  16.998  -21.972 0.1111111119
56425  -29.219  15.025  -21.513 0.1111111119
57749  -29.752  16.910  -21.968 0.1111111119
61163  -23.966  20.936  -21.033 0.4444444478
58406  -28.911  18.537  -20.815 0.1111111119
60448  -27.877  19.960  -21.574 0.3333333433
59736  -28.484  19.548  -21.288 0.1111111119
59062  -28.733  18.959  -20.948 0.1111111119
59727  -28.896  19.305  -20.947 0.1111111119
61168  -25.128  21.614  -21.658 0.4444444478
61169  -25.630  21.826  -21.973 0.4444444478
61170  -26.363  21.662  -22.046 0.4444444478
61171  -27.353  21.677  -22.003 0.4444444478
60456  -28.053  20.849  -21.693 0.2222222239
60457  -29.022  20.969  -21.607 0.2222222239
60449  -28.705  20.225  -21.487 0.2222222239
63126  -29.021  24.891  -23.418 0.1111111119
62530  -29.232  23.929  -22.876 0.1111111119
60458  -30.026  20.819  -21.911 0.1111111119
61164  -24.108  21.224  -21.022 0.4444444478
61165  -24.477  21.629  -21.133 0.4444444478
61849  -25.748  22.531  -22.359 0.4444444478
61850  -26.641  22.576  -22.494 0.4444444478
62527  -25.948  23.876  -23.090 0.3333333433
61851  -27.717  22.582  -22.385 0.3333333433
62522  -28.175  23.110  -22.585 0.1111111119
61852  -28.805  22.626  -22.164 0.1111111119
61173  -29.444  21.768  -21.858 0.1111111119
61853  -29.712  22.461  -22.227 0.1111111119
61155  -23.883  22.176  -20.400 0.2222222239
61848  -25.125  22.533  -21.989 0.3333333433
62520  -25.864  23.264  -22.725 0.3333333433
62528  -26.867  23.778  -23.076 0.2222222239
61857  -27.564  23.267  -22.766 0.2222222239
62523  -28.726  23.340  -22.535 0.1111111119
63124  -27.048  24.596  -23.406 0.1111111119
63125  -28.090  24.701  -23.322 0.1111111119
61847  -24.810  22.471  -21.339 0.3333333433
62518  -24.909  23.375  -21.718 0.3333333433
62519  -25.160  23.424  -22.460 0.3333333433
62526  -25.409  23.871  -22.872 0.3333333433
63123  -26.054  24.552  -23.500 0.2222222239
63700  -27.167  25.387  -23.750 0.1111111119
63712  -28.195  26.135  -24.118 0.1111111119
63110  -25.038  23.229  -20.240 0.1111111119
63111  -25.107  23.814  -20.636 0.1111111119
63114  -24.875  24.145  -21.353 0.2222222239
63117  -24.896  24.354  -22.165 0.3333333433
63691  -24.877  25.326  -22.334 0.2222222239
63121  -24.951  24.787  -22.718 0.3333333433
63697  -24.863  25.417  -23.007 0.2222222239
64242  -25.340  26.445  -23.615 0.1111111119
63698  -25.289  25.456  -23.685 0.1111111119
63709  -25.686  25.982  -24.037 0.1111111119
63711  -27.272  26.105  -24.144 0.1111111119
63701  -28.103  25.471  -23.755 0.1111111119
63130  -29.632  24.874  -24.086 0.1111111119
63686  -25.306  24.833  -20.952 0.1111111119
64792  -25.282  26.556  -21.427 0.1111111119
64233  -25.064  26.038  -21.797 0.1111111119
64235  -24.941  26.171  -22.493 0.1111111119
64800  -25.299  27.417  -22.850 0.1111111119
64806  -25.567  27.389  -23.363 0.1111111119
64249  -25.825  26.740  -23.984 0.1111111119
64224  -25.676  25.282  -20.644 0.1111111119
64225  -26.178  25.669  -20.211 0.1111111119
64793  -25.563  27.159  -21.049 0.1111111119
64796  -25.207  26.995  -21.852 0.1111111119
64797  -25.354  27.509  -21.457 0.1111111119
65352  -25.246  27.626  -22.414 0.1111111119
64230  -26.082  26.668  -20.429 0.1111111119
64226  -26.880  26.642  -19.727 0.1111111119
64794  -26.150  27.420  -20.415 0.1111111119
52134  -29.908  8.737  -22.026 0.1111111119
52135  -30.745  8.800  -21.865 0.1111111119
55755  -29.779  13.078  -21.561 0.1111111119
60446  -24.542  20.765  -21.334 0.4444444478
60450  -29.433  20.367  -21.547 0.1111111119
59063  -29.738  19.068  -20.947 0.1111111119
61858  -29.375  23.072  -22.457 0.1111111119
61859  -30.135  22.807  -22.915 0.1111111119
64241  -24.956  26.240  -23.173 0.1111111119
64229  -25.430  25.946  -20.986 0.1111111119
65346  -25.194  27.416  -22.160 0.1111111119
65357  -25.889  28.450  -23.382 0.1111111119
65341  -25.963  28.224  -20.733 0.1111111119
64231  -26.436  27.060  -20.142 0.1111111119
51353  -31.971  7.719  -21.377 0.1111111119
51369  -31.328  8.000  -21.634 0.1111111119
58420  -29.478  17.759  -21.244 0.1111111119
60445  -24.327  20.258  -21.282 0.4444444478
61856  -27.053  23.093  -22.748 0.2222222239
63683  -25.827  24.622  -20.269 0.1111111119
63684  -26.278  25.098  -20.032 0.1111111119
64219  -26.904  25.657  -19.535 0.1111111119
50611  -31.581  7.212  -21.401 0.1111111119
50608  -29.360  7.260  -21.978 0.1111111119
50609  -29.915  7.094  -21.799 0.1111111119
52119  -32.102  8.597  -21.462 0.1111111119
52921  -31.793  9.538  -21.625 0.1111111119
53671  -31.554  10.530  -21.623 0.1111111119
54368  -30.829  11.411  -21.675 0.1111111119
55059  -30.251  12.229  -21.619 0.1111111119
56444  -30.266  13.684  -21.350 0.1111111119
56426  -30.115  14.677  -21.391 0.1111111119
57073  -30.637  16.621  -21.915 0.1111111119
59733  -24.069  19.900  -21.919 0.4444444478
57734  -30.586  17.301  -22.012 0.1111111119
58421  -29.906  18.022  -21.086 0.1111111119
59075  -29.994  19.430  -21.160 0.1111111119
59751  -30.491  19.973  -22.131 0.1111111119
61174  -30.281  21.735  -22.484 0.1111111119
61156  -24.160  21.928  -20.758 0.2222222239
61844  -24.486  22.381  -20.756 0.2222222239
62508  -24.731  23.001  -20.044 0.1111111119
62515  -24.676  23.189  -20.977 0.2222222239
62535  -30.124  23.760  -24.291 0.1111111119
63131  -30.169  24.482  -24.750 0.1111111119
62502  -25.157  23.173  -19.498 0.1111111119
63677  -25.986  24.030  -19.657 0.1111111119
63713  -29.267  25.939  -24.214 0.1111111119
63096  -26.431  23.899  -18.935 0.1111111119
63678  -26.533  24.802  -19.510 0.1111111119
64815  -26.715  27.707  -24.283 0.1111111119
64816  -27.517  27.695  -24.442 0.1111111119
64817  -28.427  27.594  -24.387 0.1111111119
64218  -26.474  25.315  -19.860 0.1111111119
65348  -25.820  28.919  -21.335 0.1111111119
65914  -26.036  29.440  -22.763 0.1111111119
65334  -26.382  27.851  -20.239 0.1111111119
57089  -28.940  15.929  -21.640 0.2222222239
56443  -29.417  14.038  -21.527 0.1111111119
57090  -29.939  15.919  -21.130 0.1111111119
59737  -29.428  19.748  -21.229 0.1111111119
61172  -28.393  21.766  -21.855 0.2222222239
62534  -29.623  24.191  -23.634 0.1111111119
63702  -28.898  25.545  -23.800 0.1111111119
62531  -29.979  23.503  -23.513 0.1111111119
60459  -30.976  20.715  -22.850 0.1111111119
59750  -29.960  20.125  -21.609 0.1111111119
62521  -26.467  23.325  -22.831 0.3333333433
62529  -27.966  23.815  -22.939 0.1111111119
63122  -25.233  24.552  -23.204 0.2222222239
63699  -26.227  25.315  -23.828 0.1111111119
64252  -28.320  26.830  -24.355 0.1111111119
63104  -24.998  23.101  -19.837 0.1111111119
62509  -24.869  23.136  -20.518 0.1111111119
63688  -25.039  25.123  -21.624 0.1111111119
63118  -25.065  24.206  -22.722 0.3333333433
64805  -25.232  26.870  -23.139 0.1111111119
63710  -26.399  26.040  -24.127 0.1111111119
64251  -27.390  26.891  -24.313 0.1111111119
64250  -26.551  26.855  -24.198 0.1111111119
63105  -25.394  23.575  -19.960 0.1111111119
64799  -25.131  26.959  -22.604 0.1111111119
65353  -25.471  28.252  -22.667 0.1111111119
64814  -26.078  27.625  -23.894 0.1111111119
65340  -25.468  27.763  -21.210 0.1111111119
65347  -25.354  28.031  -21.734 0.1111111119
65906  -25.740  29.141  -21.952 0.1111111119
50610  -30.879  6.947  -21.524 0.1111111119
52136  -31.428  8.910  -21.718 0.1111111119
61177  -30.975  21.797  -23.457 0.1111111119
59738  -30.218  19.638  -21.511 0.1111111119
61862  -30.562  22.771  -23.920 0.1111111119
65368  -26.286  28.533  -23.998 0.1111111119
66499  -26.121  30.285  -21.726 0.1111111119
49098  -18.817  4.333  -20.394 0.2222222239
50592  -18.900  5.898  -21.050 0.2222222239
46832  -18.734  1.406  -19.092 0.3333333433
49118  -18.876  4.870  -20.946 0.3333333433
60437  -23.864  19.896  -21.228 0.2222222239
61137  -23.589  21.460  -19.383 0.1111111119
61154  -23.652  21.485  -20.545 0.2222222239
57730  -21.568  14.950  -22.043 0.2222222239
57069  -20.902  14.395  -22.672 0.1111111119
48349  -18.915  3.251  -20.282 0.2222222239
57056  -21.342  14.481  -21.973 0.1111111119
88672  -22.796  16.206  -21.912 0.1111111119
58390  -22.484  16.226  -21.646 0.1111111119
88676  -23.572  19.757  -20.815 0.1111111119
60418  -23.336  22.060  -18.648 0.1111111119
61138  -23.875  22.053  -19.062 0.1111111119
88682  -23.369  18.158  -21.560 0.1111111119
88697  -23.949  19.214  -21.533 0.1111111119
52116  -18.998  8.757  -21.047 0.1111111119
52900  -19.086  9.687  -21.613 0.3333333433
60444  -24.089  20.171  -21.187 0.3333333433
61153  -23.555  21.078  -20.477 0.3333333433
61144  -23.441  21.374  -19.999 0.1111111119
88699  -23.883  19.417  -21.174 0.1111111119
88686  -22.978  20.453  -19.680 0.1111111119
60405  -23.104  20.874  -18.928 0.1111111119
58391  -23.089  17.429  -21.719 0.1111111119
88680  -22.917  20.186  -19.888 0.1111111119
88696  -23.832  18.931  -21.086 0.1111111119
59045  -24.146  19.957  -20.219 0.1111111119
59703  -24.006  20.849  -19.043 0.1111111119
88693  -23.578  18.095  -21.079 0.1111111119
39235  -19.855  -10.886  -16.895 0.1111111119
39236  -20.892  -10.772  -16.625 0.1111111119
39233  -17.932  -10.476  -16.782 0.1111111119
39247  -18.592  -10.158  -17.112 0.1111111119
40453  -18.298  -8.448  -17.476 0.1111111119
41058  -17.946  -7.606  -17.226 0.1111111119
46107  -18.655  0.260  -18.305 0.1111111119
49845  -18.694  5.285  -20.051 0.1111111119
49861  -18.801  5.361  -20.732 0.1111111119
55034  -20.082  12.364  -22.282 0.2222222239
55013  -20.591  12.593  -22.044 0.2222222239
50591  -18.861  6.291  -20.651 0.1111111119
50605  -19.127  6.478  -21.506 0.1111111119
38583  -20.255  -11.342  -16.464 0.1111111119
39237  -21.828  -10.497  -16.270 0.1111111119
39856  -18.185  -9.722  -17.037 0.1111111119
40435  -17.797  -8.473  -16.889 0.1111111119
41682  -17.591  -6.754  -16.878 0.1111111119
42315  -18.092  -5.537  -17.645 0.1111111119
46071  -18.811  0.040  -17.378 0.1111111119
46806  -18.834  1.589  -18.309 0.1111111119
48325  -18.797  3.356  -19.644 0.1111111119
54335  -19.969  11.630  -21.741 0.2222222239
55712  -20.944  13.107  -21.909 0.1111111119
38582  -19.506  -11.593  -16.357 0.1111111119
55012  -20.884  12.875  -22.007 0.2222222239
56420  -20.887  13.692  -22.485 0.1111111119
42959  -17.903  -4.797  -17.263 0.1111111119
43552  -18.205  -3.740  -17.301 0.1111111119
39248  -19.308  -10.187  -17.299 0.1111111119
39234  -18.845  -10.964  -16.858 0.1111111119
39855  -17.578  -9.451  -16.679 0.1111111119
39873  -18.114  -9.099  -17.112 0.1111111119
54336  -20.639  11.787  -21.674 0.1111111119
41037  -17.584  -7.679  -16.555 0.1111111119
45410  -18.571  -0.743  -17.593 0.1111111119
54994  -21.305  13.224  -21.945 0.1111111119
55695  -21.746  13.690  -21.943 0.1111111119
58401  -21.874  14.996  -22.050 0.1111111119
57058  -20.767  14.654  -21.100 0.1111111119
57676  -20.899  15.074  -20.014 0.1111111119
58375  -21.853  15.500  -21.178 0.1111111119
46916  -23.237  1.974  -23.108 1.0000000000
47629  -27.139  2.996  -20.951 0.2222222239
48399  -25.963  3.456  -22.853 0.5555555820
49862  -19.034  5.415  -21.257 0.2222222239
55014  -21.257  12.946  -21.876 0.1111111119
55033  -20.409  12.649  -22.258 0.3333333433
55710  -20.507  12.909  -22.340 0.2222222239
55711  -20.851  13.293  -22.265 0.1111111119
56384  -21.169  14.235  -22.099 0.1111111119
56385  -21.340  14.239  -21.911 0.1111111119
56400  -21.054  13.879  -22.147 0.1111111119
56402  -20.940  14.143  -22.630 0.1111111119
56459  -21.477  14.380  -24.855 0.7777777910
57057  -20.840  14.881  -21.492 0.1111111119
57067  -21.209  14.301  -22.217 0.1111111119
57068  -21.213  14.634  -22.402 0.1111111119
57118  -21.026  16.018  -24.324 0.6666666865
57677  -21.189  15.171  -20.097 0.1111111119
57701  -20.859  15.049  -21.192 0.1111111119
57715  -21.158  14.805  -21.521 0.1111111119
57716  -21.058  14.789  -21.122 0.1111111119
57743  -21.231  15.184  -22.501 0.2222222239
57744  -20.945  15.165  -22.716 0.3333333433
57750  -30.352  17.925  -21.651 0.1111111119
57760  -21.410  15.431  -22.529 0.2222222239
57778  -21.493  16.609  -24.017 0.6666666865
57787  -22.405  16.209  -24.648 0.6666666865
58362  -20.896  15.122  -20.412 0.1111111119
58383  -21.978  15.814  -21.036 0.1111111119
58405  -28.856  18.547  -21.005 0.1111111119
58414  -21.746  15.218  -22.341 0.3333333433
58451  -24.310  16.830  -23.217 0.6666666865
59038  -24.106  20.394  -19.777 0.1111111119
59057  -22.040  15.118  -22.190 0.3333333433
59061  -28.241  18.705  -21.079 0.2222222239
59069  -21.863  15.537  -22.426 0.3333333433
59083  -22.555  16.532  -22.705 0.3333333433
59691  -22.985  20.920  -19.712 0.1111111119
59692  -23.284  20.702  -18.883 0.1111111119
59693  -23.654  21.042  -18.507 0.1111111119
59702  -23.153  20.367  -19.978 0.1111111119
59709  -24.124  20.078  -20.302 0.1111111119
59726  -28.346  19.027  -21.147 0.3333333433
60406  -22.880  21.134  -18.163 0.1111111119
60407  -23.125  21.084  -17.893 0.1111111119
60408  -23.469  21.176  -18.060 0.1111111119
60416  -23.209  21.190  -19.258 0.1111111119
60417  -23.237  21.804  -18.989 0.1111111119
60419  -24.090  20.834  -18.289 0.1111111119
60424  -23.780  21.971  -18.945 0.1111111119
60425  -23.992  21.293  -19.133 0.1111111119
60443  -23.825  20.766  -20.995 0.3333333433
61121  -23.014  21.998  -18.374 0.1111111119
61122  -22.971  21.813  -17.887 0.1111111119
61123  -23.116  21.639  -17.866 0.1111111119
61124  -23.411  21.597  -17.934 0.1111111119
61129  -22.852  22.049  -18.625 0.1111111119
61130  -23.000  22.055  -18.467 0.1111111119
61131  -23.094  22.097  -18.170 0.1111111119
61132  -23.321  21.450  -17.998 0.1111111119
61136  -23.182  21.245  -19.693 0.1111111119
61145  -23.603  22.044  -19.879 0.1111111119
61152  -23.136  21.153  -19.808 0.1111111119
61162  -24.035  20.918  -20.964 0.3333333433
61806  -22.377  22.211  -18.335 0.1111111119
61807  -22.877  22.198  -18.384 0.1111111119
61808  -22.884  22.101  -17.826 0.1111111119
61809  -23.057  21.880  -17.729 0.1111111119
61818  -22.496  22.061  -18.382 0.1111111119
61819  -22.801  22.555  -18.306 0.1111111119
61820  -22.910  22.071  -18.127 0.1111111119
61821  -22.962  21.912  -17.918 0.1111111119
88673  -21.867  15.263  -22.151 0.1111111119
88674  -22.409  16.959  -21.964 0.1111111119
88677  -22.936  17.260  -21.671 0.1111111119
88678  -22.904  20.715  -19.565 0.1111111119
88679  -22.993  21.025  -19.682 0.1111111119
88681  -23.343  17.714  -21.367 0.1111111119
88683  -22.975  16.282  -22.174 0.1111111119
88684  -23.965  19.908  -20.785 0.1111111119
88685  -22.977  20.276  -20.033 0.1111111119
88687  -23.690  19.612  -21.043 0.1111111119
88688  -23.011  20.145  -20.162 0.1111111119
88689  -22.987  20.493  -19.918 0.1111111119
88690  -23.021  20.643  -20.022 0.1111111119
88691  -23.064  20.834  -19.906 0.3333333433
88692  -23.640  17.939  -20.912 0.1111111119
88694  -23.383  18.899  -21.711 0.1111111119
88698  -23.715  18.515  -21.082 0.1111111119
