#!ascii label  , from subject TEMPLATE vox2ras=TkReg
1251
8220  -36.539  -63.624  -30.014 0.1000000015
8711  -36.096  -63.253  -30.518 0.1000000015
8218  -34.582  -64.010  -29.791 0.1000000015
8710  -34.868  -63.106  -30.300 0.1000000015
9253  -34.209  -62.924  -30.297 0.1000000015
8724  -35.604  -62.528  -30.853 0.1000000015
8722  -33.314  -62.315  -31.111 0.1000000015
8744  -35.122  -61.777  -31.244 0.1000000015
9273  -34.545  -61.289  -31.631 0.1000000015
8743  -33.916  -61.870  -31.026 0.1000000015
9802  -35.433  -60.681  -32.266 0.1000000015
9801  -34.062  -60.863  -31.791 0.1000000015
9272  -33.400  -61.850  -31.664 0.1000000015
86656  -34.359  -60.427  -31.908 0.1000000015
86649  -34.605  -59.137  -33.422 0.1000000015
86652  -34.464  -59.420  -32.725 0.1000000015
86657  -33.986  -60.454  -31.843 0.1000000015
9254  -38.187  -62.622  -30.642 0.1000000015
8712  -37.021  -63.124  -30.387 0.1000000015
9262  -37.853  -62.393  -31.177 0.1000000015
9261  -37.052  -62.188  -31.430 0.1000000015
8725  -36.788  -62.630  -30.948 0.1000000015
9289  -36.964  -61.337  -32.924 0.1000000015
9274  -35.876  -61.032  -32.331 0.1000000015
86647  -35.422  -60.452  -32.365 0.1000000015
14037  -36.437  -54.573  -33.070 0.1000000015
13465  -36.334  -55.709  -33.692 0.1000000015
12872  -35.828  -56.684  -34.033 0.1000000015
12323  -35.882  -57.309  -34.012 0.1000000015
12332  -35.637  -57.689  -34.281 0.1000000015
11734  -35.400  -59.059  -34.142 0.1000000015
86653  -35.438  -59.881  -32.836 0.1000000015
86658  -34.363  -59.969  -32.136 0.1000000015
9780  -39.588  -61.803  -30.059 0.1000000015
10382  -39.550  -60.653  -30.965 0.2000000030
9791  -39.694  -61.156  -30.585 0.2000000030
9255  -38.720  -62.439  -30.350 0.1000000015
11049  -39.163  -60.030  -30.901 0.1000000015
9805  -39.555  -60.973  -31.691 0.1000000015
9790  -39.325  -61.610  -30.895 0.1000000015
10398  -39.460  -60.484  -31.655 0.1000000015
9794  -39.272  -61.301  -31.554 0.1000000015
18180  -39.549  -48.825  -30.486 0.1000000015
17584  -40.020  -48.653  -31.410 0.1000000015
10409  -39.270  -60.166  -32.145 0.1000000015
9291  -38.399  -61.259  -32.658 0.1000000015
9275  -37.192  -61.684  -32.070 0.1000000015
17583  -39.276  -48.499  -31.716 0.1000000015
16402  -38.971  -50.576  -31.688 0.1000000015
15210  -37.550  -52.633  -30.121 0.1000000015
14603  -37.626  -53.246  -30.269 0.1000000015
14611  -37.343  -53.611  -31.106 0.1000000015
9817  -38.673  -60.950  -33.021 0.1000000015
9831  -37.997  -61.100  -34.059 0.1000000015
86643  -36.634  -61.121  -33.299 0.1000000015
15845  -37.764  -52.152  -31.119 0.1000000015
14030  -37.281  -54.636  -31.868 0.1000000015
12868  -36.982  -56.096  -32.690 0.1000000015
12867  -36.538  -56.873  -32.669 0.1000000015
9318  -36.686  -61.146  -33.858 0.1000000015
86642  -36.377  -60.669  -33.495 0.1000000015
15221  -37.178  -52.957  -31.210 0.1000000015
14029  -36.624  -54.462  -32.214 0.1000000015
14038  -37.280  -54.726  -32.728 0.1000000015
11735  -36.157  -58.554  -33.903 0.1000000015
13466  -36.916  -55.709  -33.442 0.1000000015
12873  -36.548  -56.358  -33.352 0.1000000015
12324  -36.180  -57.526  -33.603 0.1000000015
12333  -36.074  -57.923  -34.036 0.1000000015
10433  -36.245  -59.651  -34.466 0.1000000015
11032  -39.565  -60.168  -29.963 0.1000000015
10367  -39.653  -60.633  -30.304 0.2000000030
9248  -39.872  -61.708  -29.315 0.1000000015
9772  -40.243  -61.187  -28.991 0.2000000030
9241  -39.870  -61.814  -28.458 0.2000000030
11031  -39.250  -59.743  -30.044 0.1000000015
11048  -38.858  -59.629  -30.530 0.1000000015
16974  -38.542  -48.968  -28.593 0.1000000015
18193  -39.550  -48.137  -30.967 0.1000000015
11682  -38.933  -59.480  -31.599 0.1000000015
11713  -39.123  -59.640  -32.380 0.1000000015
12319  -38.469  -59.173  -32.516 0.1000000015
17012  -39.764  -49.548  -31.643 0.1000000015
15835  -38.575  -51.611  -30.458 0.1000000015
15825  -38.288  -52.127  -29.367 0.1000000015
11082  -38.758  -59.642  -33.373 0.1000000015
14588  -38.033  -52.697  -28.873 0.1000000015
14009  -37.902  -53.779  -30.547 0.1000000015
14031  -37.869  -54.922  -31.417 0.1000000015
12863  -37.681  -55.867  -31.365 0.1000000015
12861  -36.765  -57.198  -32.053 0.1000000015
11726  -36.945  -59.059  -33.214 0.1000000015
10417  -37.860  -60.476  -34.645 0.1000000015
11736  -36.616  -58.879  -33.645 0.1000000015
86645  -36.234  -60.036  -34.025 0.1000000015
12270  -40.952  -57.530  -28.722 0.1000000015
11656  -40.731  -58.444  -28.804 0.1000000015
12269  -39.954  -57.958  -28.329 0.1000000015
11655  -39.992  -58.675  -28.911 0.1000000015
11013  -40.546  -58.996  -28.908 0.1000000015
11012  -40.106  -59.582  -29.271 0.2000000030
10997  -40.731  -59.789  -28.706 0.2000000030
10341  -40.633  -60.400  -28.601 0.2000000030
11669  -38.635  -59.365  -29.987 0.1000000015
12250  -38.745  -58.118  -27.829 0.1000000015
11653  -38.340  -58.760  -29.447 0.1000000015
11668  -38.040  -58.641  -30.358 0.1000000015
17002  -38.745  -49.366  -29.459 0.1000000015
18181  -40.096  -49.150  -30.405 0.1000000015
17013  -40.046  -50.113  -30.963 0.1000000015
11681  -38.551  -59.169  -31.163 0.1000000015
11680  -38.066  -58.383  -31.398 0.1000000015
17547  -38.622  -48.382  -28.326 0.1000000015
17548  -39.574  -48.450  -27.889 0.1000000015
18194  -40.295  -48.588  -30.761 0.1000000015
17585  -40.415  -49.265  -31.155 0.1000000015
15826  -38.870  -51.871  -29.249 0.1000000015
14597  -38.857  -52.997  -28.633 0.1000000015
14010  -38.486  -53.821  -30.337 0.1000000015
13441  -38.295  -55.392  -30.765 0.1000000015
12855  -37.845  -56.527  -30.857 0.1000000015
12294  -37.303  -57.482  -31.736 0.1000000015
11057  -37.974  -58.252  -31.983 0.1000000015
18153  -39.139  -47.432  -27.986 0.1000000015
14020  -38.196  -54.436  -30.873 0.1000000015
12853  -36.990  -57.337  -31.842 0.1000000015
11710  -37.321  -58.691  -32.624 0.1000000015
18753  -39.647  -46.240  -27.827 0.1000000015
18742  -39.355  -45.711  -27.773 0.1000000015
18741  -38.986  -45.918  -27.792 0.1000000015
19367  -39.651  -45.301  -27.835 0.1000000015
13413  -41.175  -55.400  -29.280 0.1000000015
13412  -40.132  -55.794  -29.035 0.1000000015
10998  -41.166  -59.256  -28.475 0.2000000030
12824  -38.620  -56.795  -28.341 0.1000000015
12805  -39.157  -57.510  -27.924 0.1000000015
10342  -40.930  -59.886  -28.419 0.2000000030
13430  -40.367  -55.083  -29.745 0.1000000015
13411  -39.240  -56.131  -28.844 0.1000000015
18754  -40.701  -46.303  -28.116 0.1000000015
18154  -40.139  -47.350  -27.864 0.1000000015
16375  -39.448  -49.849  -28.278 0.1000000015
16991  -38.955  -50.025  -29.034 0.1000000015
17565  -39.608  -50.283  -29.585 0.1000000015
18182  -40.293  -49.562  -30.445 0.1000000015
14013  -40.741  -54.525  -30.090 0.1000000015
13429  -39.214  -55.396  -29.859 0.1000000015
12284  -38.005  -58.008  -29.468 0.1000000015
16975  -38.999  -49.385  -28.315 0.1000000015
16404  -40.227  -51.058  -31.102 0.1000000015
16396  -39.689  -51.628  -30.881 0.1000000015
15212  -39.407  -52.661  -29.467 0.1000000015
13428  -38.471  -56.165  -30.046 0.1000000015
12842  -38.078  -56.955  -29.514 0.1000000015
19369  -41.314  -45.455  -28.545 0.1000000015
16395  -39.569  -51.398  -30.741 0.1000000015
15827  -39.337  -52.149  -29.368 0.1000000015
15222  -39.720  -52.630  -30.477 0.1000000015
13442  -38.923  -54.964  -30.570 0.1000000015
12295  -37.766  -57.610  -30.800 0.1000000015
19385  -41.109  -44.662  -28.722 0.1000000015
19384  -40.654  -44.522  -28.510 0.1000000015
20017  -40.203  -44.225  -28.238 0.1000000015
20000  -39.340  -44.486  -27.852 0.1000000015
13431  -40.976  -54.876  -29.759 0.1000000015
14000  -41.470  -54.374  -29.640 0.1000000015
12826  -41.015  -56.441  -28.800 0.1000000015
11641  -41.454  -58.306  -28.587 0.1000000015
14598  -41.651  -53.310  -29.953 0.1000000015
12271  -41.729  -57.020  -28.774 0.1000000015
15213  -41.402  -52.733  -30.641 0.1000000015
14607  -40.726  -53.642  -30.469 0.1000000015
18155  -41.007  -47.189  -28.040 0.1000000015
16376  -39.715  -50.022  -28.289 0.1000000015
16992  -40.003  -50.329  -28.617 0.1000000015
14613  -40.157  -53.224  -30.697 0.1000000015
14012  -39.969  -54.463  -30.393 0.1000000015
10999  -41.704  -58.682  -28.316 0.1000000015
10986  -41.950  -58.923  -27.821 0.2000000030
17586  -40.526  -49.691  -30.695 0.1000000015
14606  -39.583  -53.352  -30.440 0.1000000015
14011  -39.094  -54.220  -30.527 0.1000000015
20018  -40.923  -43.973  -28.782 0.1000000015
20650  -41.428  -43.183  -28.993 0.1000000015
20652  -41.231  -42.681  -29.006 0.1000000015
20016  -39.807  -44.079  -27.985 0.1000000015
15206  -42.267  -52.608  -29.593 0.1000000015
14599  -42.096  -53.731  -29.209 0.1000000015
15214  -41.958  -52.399  -30.396 0.1000000015
14001  -42.080  -54.414  -29.127 0.1000000015
12827  -42.074  -56.183  -28.889 0.1000000015
15205  -41.857  -52.779  -30.162 0.1000000015
13414  -42.075  -55.079  -29.056 0.1000000015
12252  -41.788  -57.653  -28.566 0.1000000015
15848  -41.152  -51.833  -31.298 0.1000000015
15838  -41.767  -52.166  -30.848 0.1000000015
18755  -41.607  -46.387  -28.407 0.1000000015
17549  -40.766  -48.419  -27.769 0.1000000015
16977  -41.059  -49.671  -28.087 0.1000000015
17587  -40.899  -49.608  -30.439 0.1000000015
17015  -41.327  -49.964  -31.010 0.1000000015
16405  -41.139  -50.728  -31.321 0.1000000015
15223  -40.434  -52.765  -30.876 0.1000000015
12806  -42.756  -56.369  -28.584 0.1000000015
17566  -40.264  -50.473  -29.358 0.1000000015
17014  -40.658  -50.172  -31.061 0.1000000015
11631  -42.472  -58.157  -27.396 0.1000000015
19386  -41.772  -44.755  -28.849 0.1000000015
20642  -42.370  -43.553  -28.832 0.1000000015
20019  -41.725  -43.942  -28.913 0.1000000015
20651  -42.054  -43.133  -29.051 0.1000000015
21807  -42.713  -41.551  -29.840 0.1000000015
21254  -41.835  -42.319  -29.610 0.1000000015
22353  -41.601  -40.449  -30.236 0.1000000015
15828  -42.723  -51.511  -29.268 0.1000000015
15839  -42.127  -51.583  -30.506 0.1000000015
16387  -42.770  -50.604  -29.323 0.1000000015
13989  -42.629  -54.467  -28.653 0.1000000015
16406  -41.840  -50.556  -30.786 0.1000000015
16398  -42.117  -50.472  -29.920 0.1000000015
19370  -42.306  -45.367  -28.749 0.1000000015
16968  -40.708  -49.304  -27.754 0.1000000015
17004  -41.266  -50.055  -29.726 0.1000000015
17005  -41.501  -49.941  -30.231 0.1000000015
13391  -42.841  -55.612  -28.686 0.1000000015
12253  -42.514  -57.167  -28.271 0.1000000015
20002  -42.412  -44.271  -28.797 0.1000000015
18156  -41.766  -47.455  -28.209 0.1000000015
17536  -41.080  -49.050  -27.712 0.1000000015
16993  -41.246  -50.248  -29.131 0.1000000015
21247  -42.885  -42.248  -28.619 0.1000000015
21246  -42.453  -42.927  -28.741 0.1000000015
21799  -43.028  -41.354  -28.103 0.1000000015
21252  -42.988  -41.870  -29.293 0.1000000015
21803  -43.240  -41.406  -28.936 0.1000000015
22895  -43.156  -39.594  -29.284 0.1000000015
22350  -43.251  -40.529  -28.613 0.1000000015
16994  -42.433  -49.912  -29.288 0.1000000015
15198  -42.764  -52.222  -28.698 0.1000000015
14591  -42.633  -53.282  -28.547 0.1000000015
17550  -41.856  -48.632  -28.041 0.1000000015
16978  -42.143  -49.489  -28.573 0.1000000015
16386  -42.067  -50.147  -29.495 0.1000000015
20643  -42.928  -43.459  -28.214 0.1000000015
20003  -43.074  -44.578  -28.503 0.1000000015
12254  -42.969  -56.924  -27.772 0.1000000015
21238  -42.954  -42.295  -27.623 0.1000000015
21789  -42.847  -41.240  -27.055 0.1000000015
22347  -42.924  -40.431  -27.704 0.1000000015
22337  -42.591  -40.293  -26.872 0.1000000015
22876  -42.170  -39.432  -26.636 0.1000000015
22890  -43.024  -39.651  -28.178 0.1000000015
15818  -42.928  -51.775  -28.735 0.1000000015
18756  -42.556  -46.490  -28.567 0.1000000015
18157  -42.742  -47.560  -28.514 0.1000000015
21776  -42.442  -40.793  -25.534 0.1000000015
87431  -41.908  -40.609  -25.032 0.1000000015
87448  -41.745  -39.981  -24.694 0.1000000015
16979  -43.160  -49.351  -28.872 0.1000000015
16995  -43.378  -50.083  -29.132 0.1000000015
15829  -43.085  -51.125  -28.935 0.1000000015
16388  -43.427  -50.717  -28.751 0.1000000015
17551  -42.942  -48.540  -28.584 0.1000000015
21225  -42.945  -42.322  -26.496 0.1000000015
20630  -43.223  -43.139  -27.229 0.1000000015
87424  -41.964  -40.882  -24.638 0.1000000015
87427  -41.458  -39.866  -23.343 0.1000000015
20644  -43.429  -44.158  -28.142 0.1000000015
19371  -43.306  -45.558  -28.633 0.1000000015
87443  -41.802  -40.478  -24.081 0.1000000015
18757  -43.552  -46.587  -28.627 0.1000000015
18158  -43.771  -47.591  -28.639 0.1000000015
20631  -43.670  -43.962  -27.487 0.1000000015
20004  -43.869  -44.755  -28.166 0.1000000015
22305  -40.973  -41.088  -22.646 0.1000000015
19372  -44.222  -45.709  -28.424 0.1000000015
21209  -43.147  -42.616  -25.242 0.1000000015
21777  -42.744  -41.992  -23.651 0.1000000015
21751  -42.317  -41.958  -22.022 0.1000000015
87419  -42.922  -42.235  -22.725 0.1000000015
87412  -43.281  -42.207  -22.407 0.1000000015
8709  -34.187  -63.257  -30.208 0.1000000015
8723  -34.431  -62.369  -30.631 0.1000000015
8745  -36.272  -62.045  -31.545 0.1000000015
9263  -38.767  -61.820  -31.372 0.1000000015
9276  -38.283  -61.617  -32.126 0.1000000015
9290  -37.908  -61.441  -33.069 0.1000000015
14041  -37.008  -55.035  -33.649 0.1000000015
12880  -35.407  -56.951  -34.519 0.1000000015
9795  -39.604  -61.033  -31.268 0.1000000015
9781  -39.915  -61.177  -29.825 0.2000000030
9804  -39.333  -61.100  -31.990 0.1000000015
17564  -39.146  -49.821  -29.740 0.1000000015
16394  -39.238  -51.160  -30.787 0.1000000015
14019  -37.578  -54.247  -31.218 0.1000000015
14018  -36.903  -54.070  -31.606 0.1000000015
13449  -37.435  -55.460  -32.042 0.1000000015
13457  -37.305  -55.517  -33.025 0.1000000015
13450  -37.813  -55.428  -31.378 0.1000000015
12862  -37.083  -56.419  -31.826 0.1000000015
12317  -36.668  -57.755  -32.701 0.1000000015
9847  -36.831  -60.961  -34.660 0.1000000015
11725  -36.484  -58.431  -33.263 0.1000000015
10446  -36.928  -59.597  -35.088 0.1000000015
11011  -39.293  -59.422  -29.635 0.1000000015
10351  -40.091  -60.526  -29.540 0.2000000030
11654  -39.174  -58.918  -29.201 0.1000000015
12296  -38.639  -59.034  -31.554 0.1000000015
11728  -38.316  -59.324  -33.091 0.1000000015
14604  -38.092  -53.420  -29.670 0.1000000015
11693  -37.170  -58.062  -32.479 0.1000000015
11099  -37.642  -59.462  -34.567 0.1000000015
12803  -38.069  -57.658  -27.975 0.1000000015
16403  -39.659  -50.605  -31.109 0.1000000015
14605  -38.816  -53.264  -29.488 0.1000000015
14021  -38.618  -54.578  -30.651 0.1000000015
12308  -37.409  -57.776  -32.109 0.1000000015
18752  -38.706  -46.603  -27.958 0.1000000015
12825  -39.879  -56.833  -28.426 0.1000000015
10333  -41.124  -60.096  -27.798 0.2000000030
12843  -38.660  -56.260  -29.235 0.1000000015
15847  -39.934  -52.042  -31.098 0.1000000015
11642  -42.053  -58.176  -28.222 0.1000000015
21250  -41.859  -42.714  -29.230 0.1000000015
21253  -41.407  -42.237  -29.392 0.1000000015
21806  -42.071  -41.319  -30.264 0.1000000015
16397  -41.661  -50.008  -29.519 0.1000000015
22887  -42.598  -39.610  -27.381 0.1000000015
11578  -45.664  -58.471  -17.932 0.5000000000
8142  -42.184  -63.392  -19.955 0.5000000000
8136  -42.479  -63.586  -19.567 0.5000000000
10939  -45.377  -59.088  -18.327 0.5000000000
10287  -45.044  -59.733  -18.644 0.5000000000
8657  -42.408  -62.756  -20.117 0.5000000000
12185  -46.597  -57.504  -17.897 0.5000000000
9202  -43.064  -61.624  -20.063 0.5000000000
11586  -45.954  -57.875  -18.025 0.5000000000
12193  -46.223  -57.350  -18.682 0.5000000000
11585  -45.373  -58.145  -18.593 0.4000000060
9210  -42.258  -61.537  -21.652 0.5000000000
9747  -42.225  -60.922  -22.539 0.5000000000
10955  -43.092  -59.275  -22.751 0.5000000000
10296  -43.009  -60.227  -22.211 0.5000000000
11604  -43.275  -58.533  -22.676 0.4000000060
11613  -43.379  -57.413  -23.330 0.4000000060
7649  -41.900  -65.322  -17.550 0.1000000015
11579  -46.267  -58.209  -17.260 0.5000000000
10935  -45.583  -59.095  -17.564 0.5000000000
10283  -45.277  -59.825  -18.000 0.5000000000
10282  -44.753  -60.370  -18.380 0.4000000060
9198  -43.297  -62.249  -19.518 0.5000000000
12186  -47.357  -57.171  -17.114 0.5000000000
12744  -47.922  -56.158  -17.060 0.5000000000
13270  -48.367  -55.628  -16.525 0.5000000000
12743  -47.577  -56.373  -17.730 0.5000000000
13273  -48.260  -55.336  -17.249 0.4000000060
12749  -47.854  -55.728  -17.691 0.3000000119
12194  -47.169  -56.872  -18.386 0.5000000000
11590  -44.861  -58.131  -19.482 0.6999999881
10942  -44.393  -59.129  -19.675 0.5000000000
12748  -47.559  -55.888  -18.347 0.3000000119
12200  -46.760  -56.876  -19.074 0.4000000060
12192  -45.594  -57.518  -19.251 0.5000000000
10289  -43.972  -59.912  -20.042 0.6000000238
9735  -43.655  -60.950  -19.798 0.6000000238
9206  -42.108  -62.050  -21.178 0.3000000119
12199  -46.290  -56.884  -19.680 0.4000000060
11589  -44.304  -58.429  -20.058 0.5000000000
10945  -43.910  -59.084  -20.343 0.6000000238
10293  -43.641  -59.731  -20.640 0.6000000238
9739  -43.179  -61.006  -20.599 0.5000000000
9743  -42.810  -60.979  -21.545 0.5000000000
12753  -47.038  -56.064  -19.350 0.4000000060
12198  -45.453  -57.330  -19.971 0.5000000000
12197  -44.682  -57.662  -20.309 0.5000000000
10949  -43.600  -59.065  -21.205 0.5000000000
10292  -43.334  -60.161  -21.239 0.5000000000
13284  -47.388  -54.810  -19.382 0.4000000060
12758  -46.708  -55.997  -20.054 0.4000000060
12205  -45.849  -56.821  -20.265 0.5000000000
11593  -44.055  -58.234  -20.733 0.4000000060
10948  -43.339  -59.522  -21.911 0.5000000000
12757  -46.266  -56.192  -20.602 0.5000000000
12203  -44.498  -57.368  -21.125 0.5000000000
11598  -43.942  -58.031  -21.626 0.4000000060
10956  -43.494  -58.726  -22.118 0.4000000060
12764  -45.996  -56.080  -21.287 0.5000000000
12208  -44.548  -57.034  -22.102 0.4000000060
11605  -43.638  -57.833  -22.577 0.4000000060
12763  -45.462  -56.196  -21.801 0.3000000119
12762  -44.959  -56.431  -22.358 0.4000000060
12768  -44.633  -56.439  -22.811 0.3000000119
12772  -44.211  -56.094  -23.509 0.3000000119
7183  -41.875  -65.661  -16.714 0.1000000015
7187  -41.619  -65.783  -17.118 0.1000000015
8119  -42.618  -64.682  -16.540 0.1000000015
8126  -42.551  -64.668  -17.085 0.1000000015
8127  -43.024  -64.039  -17.534 0.4000000060
8132  -42.445  -64.542  -18.073 0.4000000060
8133  -42.903  -63.877  -18.624 0.4000000060
8652  -43.188  -63.115  -19.196 0.5000000000
10936  -45.868  -59.112  -16.798 0.5000000000
9194  -43.677  -62.452  -18.741 0.5000000000
12741  -48.134  -56.208  -16.363 0.5000000000
9199  -43.742  -61.702  -19.159 0.6000000238
13271  -48.690  -54.920  -16.677 0.4000000060
13863  -49.039  -54.249  -16.987 0.2000000030
13274  -48.580  -54.637  -17.419 0.3000000119
13279  -48.045  -54.888  -18.064 0.3000000119
13278  -47.583  -55.285  -18.783 0.4000000060
13868  -48.917  -54.108  -17.670 0.3000000119
13872  -48.577  -54.052  -18.263 0.3000000119
14492  -49.232  -53.555  -18.051 0.3000000119
13285  -47.746  -54.623  -18.717 0.4000000060
13877  -48.345  -53.871  -18.690 0.3000000119
13289  -46.884  -55.353  -20.324 0.4000000060
13288  -46.539  -55.566  -20.859 0.4000000060
13876  -47.847  -53.904  -19.065 0.3000000119
13880  -47.343  -54.184  -20.089 0.3000000119
13887  -46.868  -54.565  -21.181 0.3000000119
13294  -46.254  -55.383  -21.503 0.3000000119
12769  -45.069  -55.989  -22.679 0.3000000119
13897  -46.569  -54.296  -21.787 0.2000000030
13298  -45.457  -55.191  -22.491 0.3000000119
12773  -44.694  -56.005  -23.072 0.3000000119
14531  -46.899  -53.551  -22.049 0.1000000015
13916  -45.670  -54.161  -22.807 0.2000000030
16348  -47.257  -50.034  -22.643 0.1000000015
8120  -42.922  -64.221  -16.405 0.1000000015
8648  -43.509  -63.192  -18.049 0.4000000060
10278  -45.435  -59.934  -17.146 0.4000000060
9727  -44.986  -60.412  -17.691 0.4000000060
9726  -44.527  -61.110  -17.824 0.4000000060
9195  -44.045  -61.781  -18.346 0.5000000000
11580  -47.029  -58.081  -16.580 0.5000000000
11571  -46.453  -58.624  -16.377 0.4000000060
13266  -48.734  -55.288  -15.725 0.4000000060
13265  -48.414  -55.836  -16.061 0.4000000060
12187  -47.843  -56.602  -16.693 0.5000000000
13858  -49.095  -54.376  -16.129 0.3000000119
14483  -49.364  -53.638  -16.585 0.3000000119
14489  -49.309  -53.721  -17.336 0.2000000030
15093  -49.366  -52.800  -16.107 0.1000000015
15101  -49.540  -52.888  -17.259 0.3000000119
15106  -49.394  -52.658  -18.378 0.3000000119
15716  -49.372  -51.848  -17.647 0.2000000030
15114  -49.021  -52.336  -19.259 0.2000000030
14494  -48.179  -53.541  -19.285 0.2000000030
14500  -47.517  -53.706  -20.216 0.2000000030
15122  -48.314  -52.650  -20.330 0.2000000030
14513  -47.405  -53.578  -20.771 0.2000000030
15123  -48.772  -51.981  -20.170 0.2000000030
15141  -48.309  -52.148  -21.152 0.1000000015
15140  -47.704  -52.892  -21.425 0.2000000030
15767  -48.842  -50.757  -20.974 0.1000000015
15157  -48.122  -51.603  -21.713 0.1000000015
15156  -47.645  -52.034  -22.261 0.1000000015
14549  -46.894  -52.638  -22.816 0.1000000015
15778  -47.728  -50.947  -21.767 0.1000000015
15166  -47.125  -51.962  -22.986 0.1000000015
16338  -47.450  -50.177  -22.045 0.1000000015
15790  -47.262  -50.680  -22.289 0.1000000015
16947  -47.659  -49.189  -22.932 0.1000000015
16948  -48.185  -48.570  -23.441 0.1000000015
8642  -43.448  -63.412  -16.896 0.3000000119
9181  -44.276  -62.332  -15.744 0.3000000119
8637  -43.912  -62.834  -16.279 0.3000000119
8643  -43.869  -62.630  -17.214 0.3000000119
9719  -44.719  -61.249  -16.124 0.3000000119
9187  -44.302  -61.978  -16.543 0.3000000119
9192  -44.179  -61.896  -17.482 0.5000000000
8649  -43.884  -62.416  -17.982 0.5000000000
10932  -46.052  -59.208  -16.051 0.4000000060
10275  -45.284  -60.326  -16.325 0.5000000000
9723  -44.908  -60.751  -17.020 0.4000000060
12737  -48.274  -56.149  -15.611 0.4000000060
12179  -47.449  -57.545  -16.002 0.4000000060
13261  -48.931  -55.118  -14.653 0.4000000060
13854  -49.162  -54.419  -15.137 0.4000000060
13851  -49.028  -54.304  -14.121 0.4000000060
14477  -49.228  -53.550  -14.594 0.3000000119
14480  -49.311  -53.622  -15.610 0.3000000119
15089  -49.307  -52.807  -15.092 0.3000000119
15694  -50.033  -51.306  -15.778 0.1000000015
15704  -49.451  -51.801  -16.551 0.1000000015
16268  -49.547  -51.116  -17.157 0.1000000015
15723  -49.231  -51.645  -18.572 0.2000000030
16275  -49.448  -50.913  -17.911 0.1000000015
15735  -49.089  -51.344  -19.449 0.2000000030
15142  -48.852  -51.494  -20.867 0.1000000015
16312  -48.675  -50.340  -20.298 0.1000000015
15779  -48.222  -50.615  -21.257 0.1000000015
16931  -48.722  -49.331  -21.295 0.1000000015
16339  -47.900  -49.837  -21.561 0.1000000015
16942  -48.512  -48.957  -22.399 0.1000000015
17514  -49.034  -48.298  -23.280 0.1000000015
17515  -49.228  -47.619  -23.645 0.1000000015
18133  -49.144  -47.117  -23.881 0.1000000015
19340  -48.921  -46.005  -23.765 0.1000000015
8631  -43.987  -63.012  -15.355 0.3000000119
9713  -45.094  -61.262  -15.018 0.3000000119
9720  -45.371  -60.540  -15.441 0.4000000060
12173  -47.863  -56.939  -15.289 0.3000000119
11563  -46.490  -58.784  -15.719 0.4000000060
10271  -46.021  -60.046  -14.964 0.3000000119
12733  -48.529  -55.582  -14.249 0.3000000119
12732  -48.192  -56.208  -14.676 0.3000000119
11564  -46.882  -58.701  -15.158 0.4000000060
10929  -46.257  -59.274  -15.252 0.4000000060
10926  -46.347  -59.539  -14.576 0.3000000119
14474  -49.251  -53.322  -13.510 0.3000000119
15085  -49.348  -52.710  -14.097 0.3000000119
15686  -49.505  -52.150  -14.666 0.3000000119
15693  -49.500  -51.990  -15.466 0.2000000030
15688  -50.577  -50.863  -15.325 0.1000000015
15705  -49.908  -50.919  -16.540 0.1000000015
16270  -50.483  -50.068  -16.469 0.1000000015
16269  -49.944  -50.246  -17.183 0.1000000015
16285  -49.272  -50.680  -18.736 0.2000000030
16276  -49.900  -50.146  -18.212 0.2000000030
16286  -49.621  -49.874  -18.917 0.2000000030
16298  -48.874  -50.268  -19.540 0.1000000015
16915  -48.695  -49.853  -19.840 0.1000000015
16325  -48.360  -50.089  -20.884 0.1000000015
17480  -49.107  -49.056  -20.171 0.1000000015
16926  -48.714  -49.573  -20.358 0.1000000015
17489  -49.218  -48.814  -20.705 0.1000000015
17499  -49.291  -48.511  -21.622 0.1000000015
17510  -49.366  -48.321  -22.483 0.1000000015
18129  -49.682  -47.048  -23.261 0.1000000015
18722  -49.387  -46.484  -23.569 0.1000000015
19326  -49.113  -45.119  -23.898 0.1000000015
19327  -49.480  -45.662  -23.395 0.1000000015
19956  -49.399  -44.360  -24.092 0.1000000015
8627  -43.729  -63.649  -14.398 0.2000000030
8630  -43.633  -63.608  -14.916 0.2000000030
9175  -44.702  -62.544  -14.162 0.2000000030
9180  -45.006  -61.987  -14.560 0.3000000119
9176  -45.398  -62.123  -13.482 0.2000000030
12172  -47.392  -57.853  -14.975 0.3000000119
12728  -48.481  -55.468  -13.774 0.3000000119
12164  -47.841  -56.978  -14.270 0.3000000119
11555  -47.009  -58.544  -14.364 0.3000000119
10930  -46.618  -59.049  -14.674 0.3000000119
13848  -48.996  -54.291  -13.049 0.3000000119
13254  -48.758  -54.992  -13.075 0.3000000119
10266  -46.365  -60.143  -14.020 0.2000000030
14470  -49.345  -53.488  -12.554 0.2000000030
14475  -49.469  -53.014  -12.901 0.3000000119
15081  -49.406  -52.820  -13.607 0.3000000119
15086  -49.581  -51.945  -14.042 0.3000000119
15687  -50.066  -51.386  -14.662 0.1000000015
16252  -50.227  -50.887  -14.027 0.2000000030
16253  -50.531  -50.238  -14.476 0.1000000015
16874  -51.170  -49.354  -15.217 0.1000000015
16889  -52.196  -48.199  -15.157 0.1000000015
16887  -51.184  -49.449  -16.404 0.1000000015
16888  -51.723  -48.560  -15.843 0.1000000015
18081  -52.258  -47.619  -16.182 0.1000000015
18072  -52.461  -47.242  -15.769 0.1000000015
18664  -53.498  -45.517  -16.137 0.1000000015
16897  -51.643  -48.633  -16.990 0.1000000015
17457  -52.040  -47.981  -16.521 0.1000000015
18662  -52.535  -46.658  -16.367 0.1000000015
18663  -53.077  -45.920  -16.497 0.1000000015
16896  -51.288  -49.330  -17.469 0.1000000015
16895  -50.602  -49.691  -17.838 0.1000000015
16906  -50.419  -49.513  -18.638 0.2000000030
16917  -49.920  -49.119  -19.271 0.1000000015
16916  -49.078  -49.370  -19.690 0.1000000015
17481  -49.594  -48.684  -20.009 0.1000000015
18126  -50.338  -47.025  -22.401 0.1000000015
17511  -49.664  -47.720  -22.899 0.1000000015
18716  -50.074  -46.272  -22.835 0.1000000015
9707  -46.607  -60.951  -12.171 0.2000000030
9708  -45.821  -61.552  -13.693 0.2000000030
9710  -45.552  -61.480  -14.223 0.3000000119
9714  -45.792  -60.787  -14.618 0.3000000119
10259  -46.636  -60.114  -11.693 0.2000000030
9706  -46.464  -61.172  -12.501 0.2000000030
9711  -46.062  -61.046  -13.849 0.2000000030
12727  -48.052  -55.913  -13.642 0.3000000119
12156  -47.473  -56.837  -13.256 0.3000000119
12163  -47.317  -57.747  -13.863 0.3000000119
13253  -48.290  -55.275  -12.711 0.3000000119
12155  -46.898  -57.568  -12.879 0.3000000119
11549  -46.691  -58.399  -13.498 0.3000000119
13843  -49.150  -54.136  -11.805 0.2000000030
13847  -48.717  -54.684  -12.525 0.3000000119
10927  -46.569  -59.211  -13.992 0.2000000030
14471  -49.739  -52.857  -12.360 0.2000000030
15082  -49.698  -52.416  -13.245 0.3000000119
15077  -50.074  -52.222  -12.315 0.3000000119
15680  -49.955  -51.335  -13.604 0.2000000030
15674  -50.082  -51.294  -12.705 0.2000000030
16245  -50.207  -50.574  -13.420 0.2000000030
16861  -51.165  -49.250  -14.098 0.1000000015
16908  -51.722  -48.674  -18.009 0.1000000015
17465  -51.941  -47.791  -17.574 0.1000000015
18088  -52.309  -47.007  -17.623 0.1000000015
16907  -51.232  -49.266  -18.379 0.1000000015
18094  -52.191  -47.075  -18.450 0.1000000015
16919  -51.524  -48.619  -18.799 0.1000000015
17473  -51.759  -47.896  -18.640 0.1000000015
16918  -50.943  -48.920  -19.165 0.1000000015
17483  -51.408  -47.993  -19.601 0.1000000015
17482  -50.484  -48.373  -19.815 0.1000000015
17491  -50.885  -47.755  -20.320 0.1000000015
17490  -49.999  -47.948  -20.780 0.1000000015
17500  -49.910  -47.815  -21.968 0.1000000015
10255  -46.540  -60.438  -10.352 0.3000000119
10915  -46.424  -59.344  -11.376 0.3000000119
10919  -46.427  -59.370  -12.241 0.3000000119
10262  -46.597  -60.513  -12.459 0.2000000030
10265  -46.626  -59.944  -13.134 0.2000000030
10264  -46.427  -60.703  -13.258 0.2000000030
11544  -46.298  -58.807  -12.078 0.3000000119
10922  -46.527  -59.173  -13.157 0.3000000119
12151  -47.444  -56.992  -12.164 0.3000000119
10267  -46.565  -59.635  -13.587 0.2000000030
13248  -48.161  -55.462  -11.724 0.3000000119
14464  -49.712  -53.353  -11.808 0.2000000030
14465  -50.373  -52.704  -11.488 0.2000000030
15071  -50.288  -51.732  -11.736 0.3000000119
16842  -50.247  -50.548  -12.918 0.2000000030
17492  -51.321  -47.539  -20.205 0.1000000015
18106  -50.695  -47.522  -20.823 0.1000000015
18118  -50.627  -47.332  -21.470 0.1000000015
10250  -46.107  -60.023  -9.622 0.1000000015
10907  -46.574  -59.201  -9.795 0.2000000030
10251  -46.576  -59.818  -10.255 0.3000000119
10911  -46.596  -59.204  -10.604 0.3000000119
11542  -46.684  -58.237  -11.191 0.3000000119
12145  -46.976  -57.709  -11.327 0.3000000119
13249  -48.966  -55.022  -11.097 0.3000000119
12721  -48.468  -55.815  -10.881 0.3000000119
12720  -47.779  -56.296  -11.451 0.3000000119
13250  -49.637  -54.390  -10.843 0.2000000030
13844  -50.222  -53.720  -11.062 0.2000000030
14466  -50.867  -52.519  -10.598 0.1000000015
15072  -50.472  -51.795  -10.880 0.2000000030
15659  -50.469  -50.767  -11.350 0.3000000119
11539  -47.044  -58.556  -10.153 0.3000000119
11540  -47.351  -57.945  -10.519 0.3000000119
12146  -47.365  -57.307  -10.972 0.3000000119
13244  -49.086  -55.551  -10.416 0.3000000119
12147  -48.083  -56.466  -10.631 0.3000000119
13831  -50.266  -54.262  -10.347 0.2000000030
13845  -50.996  -53.187  -10.883 0.1000000015
14454  -51.388  -52.895  -10.355 0.1000000015
15073  -50.862  -51.792  -10.031 0.1000000015
15667  -50.655  -50.991  -10.647 0.1000000015
11537  -47.629  -57.987  -9.597 0.3000000119
12133  -48.114  -57.540  -8.917 0.2000000030
12142  -47.783  -57.549  -10.151 0.3000000119
12143  -48.193  -56.933  -9.965 0.3000000119
12717  -49.305  -55.652  -9.877 0.2000000030
12716  -48.816  -56.187  -10.094 0.3000000119
13245  -49.765  -55.025  -10.115 0.2000000030
13822  -51.125  -54.357  -8.810 0.1000000015
13246  -50.555  -54.505  -9.713 0.1000000015
13832  -51.209  -53.817  -10.124 0.1000000015
13823  -51.885  -53.379  -9.033 0.1000000015
13833  -51.818  -52.990  -9.860 0.1000000015
14455  -51.547  -52.322  -9.946 0.1000000015
12140  -48.465  -57.171  -9.279 0.2000000030
12706  -49.000  -56.670  -9.277 0.2000000030
13235  -49.592  -55.495  -9.303 0.2000000030
13236  -50.266  -55.007  -9.105 0.1000000015
14447  -52.135  -52.218  -9.297 0.1000000015
15055  -52.027  -51.559  -9.447 0.1000000015
13817  -51.687  -53.697  -7.781 0.1000000015
14442  -52.213  -52.512  -8.036 0.1000000015
14448  -52.204  -51.892  -8.591 0.1000000015
10286  -44.456  -60.050  -19.219 0.4000000060
10943  -44.989  -59.084  -19.042 0.5000000000
9731  -44.179  -60.995  -18.792 0.5000000000
8656  -41.924  -63.096  -20.390 0.5000000000
8661  -42.184  -62.291  -20.749 0.3000000119
9209  -41.711  -61.968  -21.656 0.5000000000
9203  -43.432  -61.638  -19.627 0.5000000000
8141  -41.679  -63.833  -20.203 0.5000000000
9207  -42.543  -61.726  -20.841 0.4000000060
12213  -44.039  -56.951  -23.041 0.3000000119
13280  -48.506  -54.379  -17.839 0.3000000119
9734  -43.267  -61.171  -20.146 0.5000000000
12752  -46.613  -56.317  -19.936 0.4000000060
9740  -43.533  -60.355  -20.453 0.5000000000
13875  -47.487  -54.188  -19.496 0.3000000119
12204  -45.339  -56.814  -20.800 0.5000000000
12756  -45.771  -56.329  -21.117 0.5000000000
12209  -44.958  -56.853  -21.447 0.4000000060
13293  -45.824  -55.506  -22.010 0.4000000060
12180  -47.854  -56.793  -16.187 0.5000000000
13871  -48.077  -54.211  -18.482 0.4000000060
14495  -48.733  -53.464  -19.059 0.3000000119
13881  -47.612  -53.901  -19.601 0.3000000119
13295  -46.675  -55.243  -20.988 0.3000000119
14501  -47.918  -53.424  -19.856 0.2000000030
13886  -46.477  -54.681  -21.706 0.3000000119
13299  -45.933  -55.136  -22.085 0.3000000119
14530  -46.354  -53.794  -22.474 0.2000000030
13896  -46.125  -54.418  -22.274 0.3000000119
13895  -45.559  -54.522  -22.692 0.2000000030
15789  -47.045  -51.005  -22.968 0.1000000015
16941  -47.689  -49.561  -22.292 0.1000000015
10279  -45.662  -59.685  -16.422 0.4000000060
14502  -48.582  -52.779  -19.744 0.2000000030
14514  -47.940  -52.937  -20.711 0.2000000030
15766  -48.441  -51.267  -21.372 0.1000000015
15777  -47.398  -51.180  -22.308 0.1000000015
8636  -43.475  -63.523  -15.860 0.3000000119
9182  -44.631  -61.843  -15.383 0.3000000119
9188  -44.476  -61.854  -15.956 0.3000000119
9718  -44.498  -61.552  -16.541 0.3000000119
9722  -44.519  -61.430  -16.933 0.3000000119
10276  -45.727  -59.823  -15.735 0.4000000060
12738  -48.583  -55.694  -14.979 0.4000000060
11572  -47.033  -58.334  -15.827 0.4000000060
15749  -49.073  -51.037  -20.266 0.1000000015
16311  -48.685  -50.265  -19.964 0.1000000015
8628  -44.102  -63.202  -14.354 0.2000000030
9179  -44.398  -62.455  -14.913 0.2000000030
8115  -43.159  -64.162  -15.318 0.2000000030
13258  -48.793  -55.043  -13.760 0.3000000119
15695  -50.413  -50.677  -16.089 0.1000000015
16259  -50.774  -50.133  -15.663 0.1000000015
15706  -50.132  -50.437  -16.529 0.1000000015
16886  -50.670  -49.691  -17.073 0.1000000015
16299  -49.321  -49.612  -19.260 0.1000000015
8624  -44.633  -62.964  -13.488 0.2000000030
13257  -48.490  -55.337  -13.404 0.3000000119
17458  -52.292  -47.925  -15.759 0.1000000015
18071  -52.380  -47.015  -16.189 0.1000000015
18080  -52.262  -47.232  -16.675 0.1000000015
18656  -52.471  -46.863  -15.979 0.1000000015
18657  -52.760  -46.528  -15.740 0.1000000015
18672  -52.587  -46.484  -17.176 0.1000000015
19264  -53.499  -45.425  -16.545 0.1000000015
9705  -46.696  -60.765  -11.778 0.2000000030
9709  -46.149  -61.443  -13.138 0.2000000030
12724  -47.664  -56.024  -12.504 0.3000000119
13842  -48.494  -54.796  -11.940 0.3000000119
10256  -46.733  -60.088  -10.947 0.3000000119
9703  -46.766  -60.530  -11.365 0.3000000119
11545  -46.369  -58.389  -12.381 0.3000000119
11541  -46.328  -58.542  -11.847 0.3000000119
12150  -46.909  -57.649  -11.820 0.3000000119
15666  -50.351  -50.992  -11.898 0.2000000030
16238  -50.314  -50.476  -12.679 0.2000000030
16246  -50.598  -49.811  -13.332 0.2000000030
9698  -46.104  -60.997  -10.042 0.1000000015
11543  -47.138  -57.820  -10.877 0.3000000119
14467  -51.161  -52.451  -10.176 0.1000000015
12139  -48.036  -57.417  -9.581 0.3000000119
12707  -49.218  -56.002  -9.471 0.2000000030
12698  -49.181  -56.554  -8.363 0.2000000030
13230  -50.384  -54.904  -8.088 0.1000000015
8152  -40.627  -63.368  -21.459 0.3000000119
7672  -40.533  -64.550  -21.701 0.3000000119
6745  -37.660  -66.396  -22.740 0.2000000030
6744  -37.082  -66.802  -22.699 0.2000000030
7207  -39.494  -65.638  -22.360 0.3000000119
8665  -40.716  -62.568  -21.804 0.4000000060
7671  -40.070  -64.785  -22.301 0.3000000119
7206  -38.742  -65.991  -22.544 0.3000000119
8150  -39.830  -63.977  -22.580 0.4000000060
7211  -38.800  -65.250  -22.808 0.3000000119
7210  -37.914  -65.771  -22.989 0.2000000030
8664  -40.149  -62.918  -22.207 0.4000000060
7678  -39.557  -64.329  -22.741 0.4000000060
9214  -41.936  -61.503  -22.060 0.4000000060
8670  -40.588  -61.993  -22.575 0.4000000060
8157  -39.854  -63.459  -22.708 0.4000000060
7677  -39.048  -64.426  -23.239 0.3000000119
7676  -38.268  -64.835  -23.485 0.4000000060
8669  -40.073  -62.706  -23.062 0.4000000060
7692  -38.709  -64.342  -24.060 0.3000000119
9212  -40.790  -61.745  -23.295 0.4000000060
8668  -39.933  -63.137  -23.555 0.4000000060
8674  -40.290  -62.649  -23.939 0.4000000060
8164  -39.629  -63.746  -24.422 0.3000000119
10304  -42.675  -60.068  -23.056 0.4000000060
9746  -41.580  -61.219  -23.630 0.4000000060
8673  -40.094  -63.108  -24.150 0.4000000060
9745  -41.077  -61.627  -23.905 0.4000000060
9218  -40.615  -62.127  -24.144 0.4000000060
9749  -41.247  -61.441  -24.535 0.4000000060
9217  -40.403  -62.645  -24.320 0.3000000119
8170  -39.518  -63.922  -24.958 0.2000000030
10303  -42.264  -60.355  -23.850 0.4000000060
9224  -40.860  -61.808  -25.026 0.4000000060
8677  -39.777  -63.448  -25.426 0.2000000030
8676  -39.272  -63.744  -25.779 0.3000000119
11612  -43.039  -58.308  -23.385 0.3000000119
10965  -42.608  -59.331  -23.892 0.3000000119
10964  -42.377  -59.811  -24.307 0.3000000119
9230  -40.066  -62.518  -26.254 0.2000000030
8683  -39.710  -63.146  -26.181 0.2000000030
8681  -38.406  -63.557  -26.681 0.2000000030
9750  -41.833  -60.706  -24.787 0.4000000060
9755  -40.654  -61.847  -25.749 0.1000000015
10971  -42.597  -59.008  -24.525 0.3000000119
10970  -42.422  -59.382  -24.839 0.2000000030
9757  -41.701  -60.494  -25.479 0.2000000030
11619  -42.713  -58.759  -25.306 0.2000000030
10320  -41.653  -60.298  -25.919 0.1000000015
9233  -39.483  -62.664  -26.957 0.1000000015
12217  -43.106  -57.497  -24.149 0.3000000119
11616  -42.847  -58.423  -24.594 0.3000000119
12218  -43.498  -56.747  -23.794 0.1000000015
12221  -43.230  -57.536  -25.106 0.2000000030
10974  -42.431  -59.208  -25.738 0.1000000015
9763  -41.064  -60.728  -26.556 0.1000000015
9234  -39.901  -61.947  -27.374 0.1000000015
12222  -43.365  -56.830  -24.738 0.2000000030
11620  -43.093  -58.111  -25.578 0.1000000015
10327  -41.838  -59.955  -26.220 0.1000000015
10326  -41.509  -60.152  -26.717 0.1000000015
9762  -40.522  -61.245  -26.749 0.1000000015
9240  -39.355  -62.375  -27.928 0.1000000015
8696  -38.777  -62.832  -28.295 0.1000000015
11624  -43.154  -57.807  -26.248 0.1000000015
10978  -42.103  -59.382  -26.704 0.1000000015
10985  -41.670  -59.622  -27.454 0.1000000015
10332  -40.685  -60.672  -27.638 0.1000000015
9766  -40.276  -61.186  -27.968 0.1000000015
8695  -38.081  -63.166  -28.569 0.1000000015
11623  -42.747  -58.460  -26.276 0.1000000015
9247  -39.339  -62.344  -29.123 0.1000000015
16225  -50.729  -50.475  -11.364 0.2000000030
13307  -44.660  -55.427  -23.185 0.2000000030
13306  -44.232  -55.554  -23.518 0.1000000015
12776  -43.537  -56.120  -24.348 0.1000000015
12224  -43.443  -57.477  -25.909 0.1000000015
12778  -43.597  -56.265  -25.302 0.1000000015
12230  -43.360  -57.287  -26.560 0.1000000015
8151  -40.240  -63.622  -22.059 0.3000000119
7670  -39.406  -64.906  -22.658 0.3000000119
9213  -41.336  -61.576  -22.442 0.4000000060
8156  -39.655  -63.623  -23.374 0.4000000060
8155  -39.239  -64.026  -23.947 0.3000000119
9223  -40.468  -62.579  -25.024 0.2000000030
10312  -42.190  -60.064  -24.661 0.3000000119
8682  -39.109  -63.404  -26.458 0.2000000030
9756  -41.251  -60.985  -25.718 0.2000000030
11615  -42.635  -58.896  -24.813 0.2000000030
10321  -42.025  -59.946  -25.538 0.2000000030
8688  -38.978  -62.892  -27.397 0.1000000015
10325  -40.981  -60.568  -27.086 0.1000000015
13320  -43.804  -55.305  -23.927 0.1000000015
12225  -43.588  -56.931  -25.584 0.1000000015
8704  -38.568  -62.846  -29.295 0.1000000015
12229  -42.921  -57.611  -26.843 0.1000000015
7655  -41.146  -65.207  -19.497 0.3000000119
7194  -40.666  -65.604  -19.938 0.2000000030
7190  -40.227  -66.228  -19.643 0.3000000119
7200  -40.640  -65.456  -20.613 0.2000000030
8135  -42.249  -64.315  -19.088 0.4000000060
7656  -41.650  -64.757  -19.285 0.2000000030
7660  -41.389  -64.676  -19.823 0.3000000119
7193  -40.222  -66.020  -20.434 0.2000000030
7659  -41.046  -64.876  -20.271 0.2000000030
6729  -39.540  -66.661  -20.157 0.1000000015
6735  -39.797  -66.299  -20.954 0.2000000030
6734  -38.999  -66.721  -21.178 0.1000000015
8140  -41.051  -64.412  -20.681 0.3000000119
6728  -38.685  -67.453  -20.180 0.1000000015
7199  -40.356  -65.746  -21.245 0.2000000030
6733  -38.034  -67.547  -21.042 0.1000000015
6743  -39.059  -66.281  -22.021 0.1000000015
6262  -37.198  -68.050  -21.307 0.1000000015
6741  -37.462  -67.403  -21.800 0.1000000015
6732  -37.553  -67.655  -21.376 0.1000000015
7198  -39.721  -66.153  -21.679 0.2000000030
6261  -36.338  -68.095  -21.730 0.1000000015
8146  -41.045  -63.271  -21.025 0.2000000030
8145  -40.835  -64.019  -21.172 0.3000000119
7663  -40.506  -65.188  -21.731 0.2000000030
5771  -35.785  -68.401  -21.807 0.1000000015
7208  -40.176  -65.624  -21.980 0.3000000119
8660  -41.713  -62.708  -20.873 0.2000000030
6742  -38.174  -66.697  -22.197 0.1000000015
6270  -35.828  -67.908  -22.319 0.1000000015
6271  -36.691  -67.610  -22.116 0.1000000015
7209  -37.394  -66.220  -22.998 0.1000000015
6276  -35.590  -67.586  -22.948 0.1000000015
6283  -35.746  -67.142  -23.001 0.1000000015
7222  -36.892  -65.887  -23.595 0.1000000015
5775  -35.021  -68.584  -23.250 0.1000000015
6282  -35.456  -67.228  -23.429 0.1000000015
6750  -36.014  -66.609  -23.133 0.1000000015
6749  -35.411  -66.633  -23.815 0.1000000015
6277  -36.138  -67.250  -22.666 0.1000000015
7664  -40.802  -64.937  -21.105 0.3000000119
6269  -35.362  -68.123  -22.879 0.1000000015
6275  -35.264  -67.932  -23.497 0.1000000015
7221  -35.861  -65.936  -23.641 0.1000000015
7223  -37.624  -65.218  -24.068 0.2000000030
7696  -36.009  -65.406  -24.902 0.1000000015
7232  -35.339  -65.417  -25.548 0.1000000015
7703  -36.186  -65.096  -25.894 0.2000000030
7238  -34.593  -65.955  -25.826 0.1000000015
7234  -37.435  -65.294  -24.690 0.2000000030
7697  -37.013  -65.422  -25.124 0.2000000030
7704  -37.242  -64.802  -25.834 0.1000000015
7239  -35.137  -65.326  -26.330 0.1000000015
7691  -38.171  -64.692  -24.299 0.2000000030
7698  -37.846  -64.882  -25.045 0.1000000015
8175  -36.736  -64.517  -26.610 0.1000000015
7705  -37.891  -64.413  -25.785 0.1000000015
8176  -37.577  -64.190  -26.384 0.1000000015
8168  -38.468  -64.283  -25.508 0.1000000015
8163  -39.192  -64.140  -24.601 0.2000000030
8162  -38.621  -64.442  -24.820 0.2000000030
8169  -39.174  -64.082  -25.315 0.2000000030
8177  -38.340  -63.937  -26.205 0.1000000015
8184  -37.965  -63.727  -26.756 0.1000000015
7233  -37.156  -65.493  -24.411 0.1000000015
7690  -36.681  -65.534  -24.440 0.1000000015
7191  -40.786  -65.864  -19.170 0.1000000015
7638  -42.698  -64.702  -15.744 0.1000000015
9171  -46.203  -61.880  -11.608 0.1000000015
8107  -44.049  -63.760  -13.503 0.1000000015
8113  -43.793  -63.664  -14.106 0.1000000015
9177  -45.915  -61.953  -12.873 0.1000000015
9169  -45.902  -61.805  -10.626 0.2000000030
8103  -44.098  -64.308  -12.472 0.1000000015
9702  -46.692  -61.087  -11.028 0.2000000030
9173  -46.216  -61.720  -12.415 0.1000000015
9172  -45.714  -62.355  -12.376 0.1000000015
8625  -45.106  -62.802  -12.809 0.1000000015
8621  -44.657  -63.489  -12.696 0.1000000015
7653  -41.951  -64.915  -18.512 0.2000000030
8106  -43.672  -64.547  -13.203 0.1000000015
9170  -45.505  -62.475  -11.327 0.1000000015
7652  -41.358  -65.460  -18.487 0.1000000015
11530  -47.607  -58.031  -8.604 0.1000000015
11536  -46.862  -58.447  -9.134 0.1000000015
11535  -46.461  -58.594  -8.422 0.1000000015
10246  -45.539  -59.820  -8.491 0.1000000015
11523  -47.621  -58.156  -7.893 0.1000000015
11528  -46.649  -58.609  -7.779 0.1000000015
10237  -46.093  -59.770  -7.259 0.1000000015
11529  -47.070  -58.367  -8.200 0.1000000015
10899  -45.987  -58.973  -7.984 0.1000000015
9688  -45.452  -60.763  -7.825 0.1000000015
12127  -48.263  -57.725  -7.865 0.1000000015
12126  -47.821  -58.140  -7.419 0.1000000015
11522  -47.199  -58.406  -7.368 0.1000000015
10889  -46.516  -58.865  -7.296 0.1000000015
9685  -46.153  -60.911  -6.792 0.1000000015
12134  -48.770  -57.198  -8.599 0.1000000015
11515  -46.778  -58.133  -6.272 0.1000000015
10878  -46.852  -58.640  -6.988 0.1000000015
10877  -46.604  -58.909  -6.434 0.1000000015
12118  -47.697  -57.673  -6.680 0.1000000015
12119  -48.576  -57.122  -7.058 0.1000000015
12128  -48.971  -57.027  -7.767 0.1000000015
12699  -49.380  -56.027  -8.837 0.1000000015
16230  -50.610  -50.407  -11.796 0.1000000015
16239  -50.906  -49.860  -12.366 0.1000000015
16852  -51.219  -49.129  -13.030 0.1000000015
12120  -48.957  -56.717  -7.266 0.1000000015
12694  -49.511  -56.001  -8.137 0.1000000015
16834  -51.437  -49.379  -11.541 0.1000000015
16863  -52.483  -47.997  -13.327 0.1000000015
16862  -51.760  -48.521  -13.723 0.1000000015
11516  -47.033  -58.281  -6.714 0.1000000015
9694  -45.463  -60.786  -9.099 0.1000000015
10906  -46.112  -59.089  -8.983 0.1000000015
16843  -51.299  -49.219  -12.042 0.1000000015
13915  -45.006  -54.319  -23.214 0.1000000015
6719  -40.282  -67.053  -17.680 0.1000000015
6248  -39.652  -67.397  -18.465 0.1000000015
6721  -40.271  -66.733  -18.433 0.1000000015
6243  -39.742  -67.628  -17.399 0.1000000015
6722  -40.725  -66.545  -17.868 0.1000000015
6240  -39.822  -67.799  -16.387 0.1000000015
6720  -40.873  -66.675  -17.125 0.1000000015
6242  -39.237  -68.237  -17.012 0.1000000015
6715  -40.350  -67.241  -16.759 0.1000000015
6239  -39.337  -68.403  -15.970 0.1000000015
5238  -38.528  -70.145  -7.565 0.1000000015
5241  -38.467  -69.978  -8.698 0.1000000015
4756  -37.354  -71.004  -10.845 0.1000000015
4764  -37.189  -70.643  -11.543 0.1000000015
4769  -36.850  -70.464  -12.089 0.1000000015
7189  -40.825  -66.184  -18.437 0.1000000015
4768  -36.397  -70.735  -12.333 0.1000000015
5260  -37.059  -69.944  -12.579 0.1000000015
4772  -36.406  -70.703  -13.186 0.1000000015
5264  -36.593  -70.442  -13.882 0.1000000015
5274  -37.485  -70.048  -14.864 0.1000000015
5731  -38.848  -69.044  -15.491 0.1000000015
6236  -39.366  -68.454  -14.927 0.1000000015
6237  -39.924  -67.954  -15.389 0.1000000015
4771  -35.837  -71.194  -13.288 0.1000000015
5727  -38.793  -68.967  -14.390 0.1000000015
4746  -37.861  -70.596  -9.311 0.1000000015
4751  -37.873  -70.655  -10.220 0.1000000015
7186  -41.296  -65.983  -17.637 0.1000000015
4757  -37.715  -70.515  -10.711 0.1000000015
5249  -37.570  -70.313  -11.147 0.1000000015
7188  -40.383  -66.378  -18.975 0.1000000015
5270  -37.571  -69.887  -14.099 0.1000000015
5730  -38.138  -69.582  -14.916 0.1000000015
5726  -38.179  -69.378  -13.784 0.1000000015
5239  -39.110  -69.641  -7.920 0.1000000015
5702  -39.594  -69.095  -8.253 0.1000000015
5699  -39.649  -69.382  -7.512 0.1000000015
5245  -38.361  -70.149  -9.788 0.1000000015
7648  -41.494  -65.574  -17.882 0.1000000015
6716  -40.936  -66.834  -16.155 0.1000000015
5250  -38.100  -70.106  -10.674 0.1000000015
5256  -37.888  -69.563  -11.390 0.1000000015
5261  -37.449  -69.407  -12.252 0.1000000015
5266  -37.542  -69.630  -13.178 0.1000000015
5722  -38.015  -69.096  -12.798 0.1000000015
6233  -39.182  -68.223  -13.921 0.1000000015
5723  -38.507  -68.614  -13.391 0.1000000015
7182  -41.462  -66.189  -16.597 0.1000000015
5242  -39.017  -69.426  -8.664 0.1000000015
6204  -40.494  -68.324  -7.741 0.1000000015
5246  -38.832  -69.537  -9.440 0.1000000015
5706  -39.214  -68.936  -9.076 0.1000000015
6711  -40.362  -67.347  -15.781 0.1000000015
5251  -38.620  -69.615  -10.368 0.1000000015
6234  -39.863  -67.893  -14.393 0.1000000015
5257  -38.293  -69.575  -10.903 0.1000000015
5718  -37.848  -68.937  -11.825 0.1000000015
5703  -40.124  -68.598  -8.165 0.1000000015
6207  -39.703  -68.437  -8.743 0.1000000015
6712  -40.825  -66.863  -15.156 0.1000000015
5719  -38.245  -68.357  -12.296 0.1000000015
5714  -38.089  -69.156  -11.448 0.1000000015
7176  -41.402  -66.319  -15.493 0.1000000015
6709  -40.710  -66.952  -14.359 0.1000000015
6231  -39.664  -67.576  -13.448 0.1000000015
6705  -40.295  -67.308  -13.931 0.1000000015
5710  -39.234  -69.006  -10.069 0.1000000015
6230  -38.852  -67.764  -12.925 0.1000000015
6226  -39.104  -68.017  -11.754 0.1000000015
5715  -38.572  -68.993  -11.220 0.1000000015
7171  -41.281  -66.372  -14.316 0.1000000015
7172  -41.888  -65.783  -14.839 0.1000000015
6701  -40.292  -67.106  -12.993 0.1000000015
6706  -40.845  -66.823  -13.559 0.1000000015
6211  -39.528  -68.506  -9.448 0.1000000015
6227  -39.684  -67.419  -12.379 0.1000000015
6702  -41.004  -66.782  -12.598 0.1000000015
7168  -42.194  -65.894  -13.714 0.1000000015
5700  -40.226  -69.004  -7.526 0.1000000015
6678  -41.749  -67.239  -6.786 0.1000000015
6677  -41.310  -67.769  -7.054 0.1000000015
6205  -40.964  -68.061  -7.338 0.1000000015
6201  -41.123  -68.208  -6.504 0.1000000015
4750  -37.488  -71.175  -9.928 0.1000000015
5255  -37.257  -70.023  -11.789 0.1000000015
4773  -36.668  -70.345  -12.722 0.1000000015
5265  -36.934  -70.129  -13.446 0.1000000015
5733  -38.164  -69.428  -16.076 0.1000000015
6708  -40.332  -67.392  -14.835 0.1000000015
4291  -29.033  -71.896  -28.249 0.1000000015
5376  -29.430  -70.750  -31.833 0.1000000015
4892  -29.602  -70.908  -30.961 0.1000000015
4298  -28.733  -71.749  -29.281 0.1000000015
5385  -29.311  -70.056  -32.289 0.1000000015
5848  -29.489  -69.383  -33.767 0.1000000015
4869  -29.844  -71.086  -28.018 0.1000000015
4292  -29.549  -71.637  -27.645 0.1000000015
4284  -29.634  -72.127  -27.160 0.1000000015
4868  -29.505  -71.230  -28.632 0.1000000015
4882  -29.585  -70.716  -29.976 0.1000000015
4873  -29.285  -71.289  -29.236 0.1000000015
5377  -30.016  -70.167  -31.537 0.1000000015
4881  -28.898  -71.417  -30.240 0.1000000015
5386  -29.971  -69.562  -32.182 0.1000000015
5843  -29.637  -69.446  -32.896 0.1000000015
5849  -30.050  -68.997  -33.348 0.1000000015
5853  -29.960  -68.854  -33.996 0.1000000015
4819  -32.436  -71.686  -22.825 0.1000000015
4257  -31.182  -72.139  -24.031 0.1000000015
4824  -32.373  -71.347  -23.525 0.1000000015
4285  -29.793  -71.468  -27.212 0.1000000015
4275  -30.218  -71.820  -26.306 0.1000000015
4265  -31.006  -71.901  -25.063 0.1000000015
4264  -30.457  -72.369  -25.524 0.1000000015
4875  -30.475  -70.563  -28.510 0.1000000015
4274  -29.860  -72.267  -26.648 0.1000000015
5359  -30.189  -70.287  -29.812 0.1000000015
4874  -29.949  -70.720  -29.062 0.1000000015
4258  -31.761  -71.643  -24.227 0.1000000015
4820  -33.048  -70.996  -22.595 0.1000000015
4276  -30.790  -71.085  -25.661 0.1000000015
4835  -31.383  -71.019  -25.313 0.1000000015
4844  -30.582  -70.574  -26.383 0.1000000015
4857  -30.168  -70.827  -27.128 0.1000000015
5368  -30.151  -70.340  -30.578 0.1000000015
5378  -30.741  -69.825  -30.966 0.1000000015
5836  -30.606  -69.423  -31.789 0.1000000015
4252  -31.893  -72.103  -23.370 0.1000000015
5360  -30.843  -69.997  -29.299 0.1000000015
4858  -30.588  -70.515  -27.355 0.1000000015
4870  -30.581  -70.644  -27.797 0.1000000015
5361  -31.307  -69.853  -28.783 0.1000000015
5355  -31.617  -69.777  -28.180 0.1000000015
6299  -32.457  -68.465  -28.257 0.1000000015
4266  -31.756  -71.260  -24.898 0.1000000015
5343  -31.092  -70.233  -27.403 0.1000000015
5332  -31.253  -70.055  -26.546 0.1000000015
4845  -31.311  -70.353  -25.708 0.1000000015
5345  -32.270  -69.307  -26.537 0.1000000015
5331  -30.838  -70.258  -26.835 0.1000000015
6304  -32.204  -68.418  -28.831 0.1000000015
5344  -31.949  -69.544  -27.133 0.1000000015
5342  -30.595  -70.422  -27.022 0.1000000015
8708  -33.824  -63.103  -30.423 0.1000000015
8726  -37.415  -62.780  -30.715 0.1000000015
9229  -39.644  -62.980  -26.488 0.1000000015
9251  -33.997  -63.124  -29.961 0.1000000015
9252  -33.944  -62.943  -30.334 0.1000000015
9258  -33.765  -62.886  -30.452 0.1000000015
9259  -33.899  -62.681  -30.428 0.1000000015
9260  -34.320  -62.736  -30.375 0.1000000015
9277  -38.949  -61.441  -31.954 0.1000000015
9306  -37.156  -61.371  -33.723 0.1000000015
9704  -46.526  -61.290  -11.920 0.2000000030
9803  -38.797  -61.172  -32.404 0.1000000015
9816  -38.289  -61.082  -33.475 0.1000000015
9818  -39.063  -60.776  -32.504 0.1000000015
9832  -38.497  -60.771  -33.618 0.1000000015
9859  -36.465  -60.182  -34.704 0.1000000015
9860  -36.726  -60.227  -35.265 0.1000000015
10261  -46.475  -60.985  -12.857 0.2000000030
10397  -39.257  -60.515  -32.219 0.1000000015
10407  -38.785  -60.462  -33.339 0.1000000015
10408  -39.087  -60.318  -32.720 0.1000000015
10418  -38.586  -60.215  -34.014 0.1000000015
10419  -38.915  -60.100  -33.269 0.1000000015
10434  -37.384  -59.958  -34.950 0.1000000015
10435  -38.056  -59.806  -34.627 0.1000000015
10445  -36.498  -59.764  -34.947 0.1000000015
10890  -46.854  -58.624  -7.209 0.1000000015
10914  -46.302  -58.887  -11.772 0.3000000119
10918  -46.303  -59.028  -12.039 0.3000000119
10977  -41.793  -59.735  -26.977 0.1000000015
11046  -37.962  -58.181  -31.737 0.1000000015
11047  -38.062  -58.353  -31.812 0.1000000015
11056  -37.868  -58.090  -31.946 0.1000000015
11058  -39.200  -59.890  -31.783 0.1000000015
11067  -39.064  -59.843  -32.861 0.1000000015
11068  -39.208  -59.868  -32.315 0.1000000015
11080  -37.420  -59.158  -33.608 0.1000000015
11081  -38.046  -59.307  -33.911 0.1000000015
11097  -36.256  -59.216  -34.314 0.1000000015
11098  -36.971  -59.268  -34.263 0.1000000015
11107  -36.463  -59.400  -34.660 0.1000000015
11108  -36.690  -59.388  -34.865 0.1000000015
11521  -46.790  -58.619  -7.444 0.1000000015
11679  -37.730  -57.921  -31.711 0.1000000015
11694  -37.708  -58.228  -32.222 0.1000000015
11695  -38.156  -58.531  -32.005 0.1000000015
11696  -38.346  -58.716  -31.609 0.1000000015
11697  -39.077  -59.517  -32.059 0.1000000015
11709  -36.833  -58.464  -32.768 0.1000000015
11711  -37.841  -58.781  -32.469 0.1000000015
11712  -38.782  -59.517  -32.751 0.1000000015
11727  -37.720  -59.136  -33.039 0.1000000015
12249  -38.186  -57.956  -27.997 0.1000000015
12251  -39.329  -58.064  -27.922 0.1000000015
12267  -38.467  -58.340  -28.605 0.1000000015
12268  -39.284  -58.443  -28.372 0.1000000015
12293  -37.121  -57.495  -31.956 0.1000000015
12297  -38.776  -59.168  -31.674 0.1000000015
12307  -37.019  -57.571  -32.171 0.1000000015
12309  -38.361  -58.705  -32.097 0.1000000015
12310  -38.546  -58.885  -31.889 0.1000000015
12311  -38.836  -59.192  -32.012 0.1000000015
12318  -38.263  -58.820  -32.327 0.1000000015
12320  -38.873  -59.379  -32.342 0.1000000015
12325  -38.040  -59.042  -32.667 0.1000000015
12326  -38.021  -59.167  -32.879 0.1000000015
12693  -49.197  -56.290  -7.551 0.1000000015
12804  -38.371  -57.531  -27.832 0.1000000015
12823  -38.143  -57.596  -28.460 0.1000000015
12854  -37.211  -57.083  -31.491 0.1000000015
12874  -37.004  -55.952  -33.116 0.1000000015
13321  -44.236  -55.304  -23.512 0.1000000015
14589  -38.495  -52.727  -28.541 0.1000000015
14590  -38.988  -52.745  -28.458 0.1000000015
14595  -37.697  -53.001  -29.334 0.1000000015
14596  -38.262  -53.134  -28.865 0.1000000015
14612  -39.964  -52.979  -30.640 0.1000000015
15061  -50.352  -51.267  -11.241 0.3000000119
15062  -50.430  -51.279  -10.865 0.2000000030
15195  -37.933  -52.502  -29.031 0.1000000015
15196  -38.296  -52.352  -28.916 0.1000000015
15197  -38.741  -52.355  -28.737 0.1000000015
15201  -37.877  -52.430  -29.332 0.1000000015
15202  -38.093  -52.352  -29.124 0.1000000015
15203  -39.180  -52.496  -28.822 0.1000000015
15204  -39.380  -52.421  -29.089 0.1000000015
15211  -39.127  -52.904  -28.928 0.1000000015
15660  -50.414  -50.964  -10.955 0.3000000119
15673  -50.046  -50.875  -12.929 0.2000000030
15679  -49.997  -50.928  -13.158 0.2000000030
15816  -38.361  -52.143  -29.082 0.1000000015
15817  -38.546  -52.071  -29.003 0.1000000015
15824  -37.997  -52.197  -29.479 0.1000000015
15834  -37.916  -52.104  -29.917 0.1000000015
15836  -39.221  -51.678  -30.066 0.1000000015
15837  -39.559  -52.022  -30.228 0.1000000015
15849  -41.713  -51.149  -31.171 0.1000000015
16226  -50.661  -50.634  -11.080 0.1000000015
16237  -50.168  -50.705  -12.869 0.2000000030
16244  -50.096  -50.678  -13.092 0.2000000030
16297  -48.665  -50.111  -19.802 0.1000000015
16384  -39.158  -49.926  -28.505 0.1000000015
16385  -39.427  -50.117  -28.522 0.1000000015
16841  -50.102  -50.678  -13.076 0.2000000030
16850  -50.029  -50.613  -13.007 0.2000000030
16851  -50.251  -50.484  -13.118 0.2000000030
16925  -48.577  -50.049  -20.046 0.1000000015
16967  -40.558  -49.090  -27.679 0.1000000015
16976  -40.054  -49.495  -27.897 0.1000000015
16990  -38.581  -49.223  -28.983 0.1000000015
17003  -38.888  -49.658  -29.604 0.1000000015
17535  -40.784  -48.993  -27.644 0.1000000015
17571  -38.930  -49.251  -30.026 0.1000000015
17572  -39.583  -49.607  -30.157 0.1000000015
17573  -40.411  -50.024  -30.040 0.1000000015
17574  -40.955  -49.871  -29.956 0.1000000015
18195  -40.103  -49.271  -30.762 0.1000000015
18740  -38.480  -46.005  -27.998 0.1000000015
19368  -40.415  -45.190  -28.198 0.1000000015
20001  -39.929  -44.798  -27.959 0.1000000015
20649  -40.656  -43.194  -28.679 0.1000000015
20653  -41.556  -42.619  -29.244 0.1000000015
21251  -42.431  -42.403  -29.346 0.1000000015
21255  -42.241  -42.020  -29.839 0.1000000015
21808  -43.153  -41.442  -29.452 0.1000000015
21809  -41.560  -42.032  -29.751 0.1000000015
21810  -41.848  -41.889  -30.008 0.1000000015
21811  -42.255  -41.734  -30.084 0.1000000015
22354  -42.669  -40.490  -30.138 0.1000000015
22355  -43.202  -40.830  -29.466 0.1000000015
86648  -33.170  -60.722  -31.881 0.1000000015
86651  -35.035  -60.121  -32.321 0.1000000015
86654  -34.960  -60.534  -32.069 0.1000000015
86655  -35.249  -60.231  -32.381 0.1000000015
