#!ascii label  , from subject TEMPLATE vox2ras=TkReg
286
9209  -41.711  -61.968  -21.656 0.0000000000
12807  -43.219  -56.360  -28.066 0.0000000000
12203  -44.498  -57.368  -21.125 0.0000000000
10970  -42.422  -59.382  -24.839 0.0000000000
13931  -44.307  -54.884  -23.535 0.0000000000
9194  -43.677  -62.452  -18.741 0.0000000000
12185  -46.597  -57.504  -17.897 0.0000000000
12732  -48.192  -56.208  -14.676 0.0000000000
13295  -46.675  -55.243  -20.988 0.0000000000
12769  -45.069  -55.989  -22.679 0.0000000000
14530  -46.354  -53.794  -22.474 0.0000000000
10287  -45.044  -59.733  -18.644 0.0000000000
10936  -45.868  -59.112  -16.798 0.0000000000
14477  -49.228  -53.550  -14.594 0.0000000000
13858  -49.095  -54.376  -16.129 0.0000000000
8668  -39.933  -63.137  -23.555 0.0000000000
11623  -42.747  -58.460  -26.276 0.0000000000
10325  -40.981  -60.568  -27.086 0.0000000000
10998  -41.166  -59.256  -28.475 0.0000000000
10292  -43.334  -60.161  -21.239 0.0000000000
9746  -41.580  -61.219  -23.630 0.0000000000
12222  -43.365  -56.830  -24.738 0.0000000000
13353  -43.588  -55.660  -25.941 0.0000000000
10289  -43.972  -59.912  -20.042 0.0000000000
12192  -45.594  -57.518  -19.251 0.0000000000
13284  -47.388  -54.810  -19.382 0.0000000000
11564  -46.882  -58.701  -15.158 0.0000000000
12187  -47.843  -56.602  -16.693 0.0000000000
13280  -48.506  -54.379  -17.839 0.0000000000
15114  -49.021  -52.336  -19.259 0.0000000000
9224  -40.860  -61.808  -25.026 0.0000000000
15811  -43.541  -51.799  -27.619 0.0000000000
13989  -42.629  -54.467  -28.653 0.0000000000
13431  -40.976  -54.876  -29.759 0.0000000000
14513  -47.405  -53.578  -20.771 0.0000000000
13886  -46.477  -54.681  -21.706 0.0000000000
8670  -40.588  -61.993  -22.575 0.0000000000
12239  -43.305  -56.893  -27.217 0.0000000000
11631  -42.472  -58.157  -27.396 0.0000000000
11642  -42.053  -58.176  -28.222 0.0000000000
11641  -41.454  -58.306  -28.587 0.0000000000
12806  -42.756  -56.369  -28.584 0.0000000000
10949  -43.600  -59.065  -21.205 0.0000000000
11598  -43.942  -58.031  -21.626 0.0000000000
13307  -44.660  -55.427  -23.185 0.0000000000
12772  -44.211  -56.094  -23.509 0.0000000000
13320  -43.804  -55.305  -23.927 0.0000000000
12778  -43.597  -56.265  -25.302 0.0000000000
13945  -43.459  -54.809  -24.660 0.0000000000
9734  -43.267  -61.171  -20.146 0.0000000000
9735  -43.655  -60.950  -19.798 0.0000000000
11578  -45.664  -58.471  -17.932 0.0000000000
11585  -45.373  -58.145  -18.593 0.0000000000
12193  -46.223  -57.350  -18.682 0.0000000000
12199  -46.290  -56.884  -19.680 0.0000000000
12200  -46.760  -56.876  -19.074 0.0000000000
12172  -47.392  -57.853  -14.975 0.0000000000
12179  -47.449  -57.545  -16.002 0.0000000000
12737  -48.274  -56.149  -15.611 0.0000000000
14489  -49.309  -53.721  -17.336 0.0000000000
13863  -49.039  -54.249  -16.987 0.0000000000
14492  -49.232  -53.555  -18.051 0.0000000000
13872  -48.577  -54.052  -18.263 0.0000000000
10303  -42.264  -60.355  -23.850 0.0000000000
9749  -41.247  -61.441  -24.535 0.0000000000
9757  -41.701  -60.494  -25.479 0.0000000000
9234  -39.901  -61.947  -27.374 0.0000000000
16377  -43.674  -50.809  -28.208 0.0000000000
15199  -43.031  -52.679  -28.048 0.0000000000
15206  -42.267  -52.608  -29.593 0.0000000000
12756  -45.771  -56.329  -21.117 0.0000000000
12208  -44.548  -57.034  -22.102 0.0000000000
13293  -45.824  -55.506  -22.010 0.0000000000
13298  -45.457  -55.191  -22.491 0.0000000000
13916  -45.670  -54.161  -22.807 0.0000000000
9731  -44.179  -60.995  -18.792 0.0000000000
10935  -45.583  -59.095  -17.564 0.0000000000
11579  -46.267  -58.209  -17.260 0.0000000000
13261  -48.931  -55.118  -14.653 0.0000000000
13266  -48.734  -55.288  -15.725 0.0000000000
13854  -49.162  -54.419  -15.137 0.0000000000
15093  -49.366  -52.800  -16.107 0.0000000000
15704  -49.451  -51.801  -16.551 0.0000000000
10974  -42.431  -59.208  -25.738 0.0000000000
10320  -41.653  -60.298  -25.919 0.0000000000
10978  -42.103  -59.382  -26.704 0.0000000000
10333  -41.124  -60.096  -27.798 0.0000000000
10341  -40.633  -60.400  -28.601 0.0000000000
11012  -40.106  -59.582  -29.271 0.0000000000
11655  -39.992  -58.675  -28.911 0.0000000000
12805  -39.157  -57.510  -27.924 0.0000000000
9210  -42.258  -61.537  -21.652 0.0000000000
9213  -41.336  -61.576  -22.442 0.0000000000
10304  -42.675  -60.068  -23.056 0.0000000000
10965  -42.608  -59.331  -23.892 0.0000000000
11605  -43.638  -57.833  -22.577 0.0000000000
11613  -43.379  -57.413  -23.330 0.0000000000
11616  -42.847  -58.423  -24.594 0.0000000000
11620  -43.093  -58.111  -25.578 0.0000000000
12231  -43.658  -56.958  -26.300 0.0000000000
13372  -43.747  -55.990  -26.607 0.0000000000
9739  -43.179  -61.006  -20.599 0.0000000000
10293  -43.641  -59.731  -20.640 0.0000000000
10945  -43.910  -59.084  -20.343 0.0000000000
10286  -44.456  -60.050  -19.219 0.0000000000
11590  -44.861  -58.131  -19.482 0.0000000000
12197  -44.682  -57.662  -20.309 0.0000000000
12205  -45.849  -56.821  -20.265 0.0000000000
13289  -46.884  -55.353  -20.324 0.0000000000
13880  -47.343  -54.184  -20.089 0.0000000000
11563  -46.490  -58.784  -15.719 0.0000000000
11580  -47.029  -58.081  -16.580 0.0000000000
12186  -47.357  -57.171  -17.114 0.0000000000
13270  -48.367  -55.628  -16.525 0.0000000000
12744  -47.922  -56.158  -17.060 0.0000000000
12743  -47.577  -56.373  -17.730 0.0000000000
13278  -47.583  -55.285  -18.783 0.0000000000
13876  -47.847  -53.904  -19.065 0.0000000000
9212  -40.790  -61.745  -23.295 0.0000000000
9217  -40.403  -62.645  -24.320 0.0000000000
9755  -40.654  -61.847  -25.749 0.0000000000
9230  -40.066  -62.518  -26.254 0.0000000000
13944  -43.521  -54.093  -25.066 0.0000000000
13963  -43.346  -54.320  -26.184 0.0000000000
13979  -43.369  -54.237  -27.223 0.0000000000
14585  -43.219  -53.329  -27.566 0.0000000000
13392  -43.437  -55.121  -27.937 0.0000000000
12827  -42.074  -56.183  -28.889 0.0000000000
13413  -41.175  -55.400  -29.280 0.0000000000
8664  -40.149  -62.918  -22.207 0.0000000000
8665  -40.716  -62.568  -21.804 0.0000000000
12254  -42.969  -56.924  -27.772 0.0000000000
12238  -42.840  -57.340  -27.508 0.0000000000
12253  -42.514  -57.167  -28.271 0.0000000000
11593  -44.055  -58.234  -20.733 0.0000000000
13306  -44.232  -55.554  -23.518 0.0000000000
9199  -43.742  -61.702  -19.159 0.0000000000
9203  -43.432  -61.638  -19.627 0.0000000000
11586  -45.954  -57.875  -18.025 0.0000000000
12194  -47.169  -56.872  -18.386 0.0000000000
12733  -48.529  -55.582  -14.249 0.0000000000
12727  -48.052  -55.913  -13.642 0.0000000000
12164  -47.841  -56.978  -14.270 0.0000000000
12173  -47.863  -56.939  -15.289 0.0000000000
15101  -49.540  -52.888  -17.259 0.0000000000
15106  -49.394  -52.658  -18.378 0.0000000000
10312  -42.190  -60.064  -24.661 0.0000000000
9750  -41.833  -60.706  -24.787 0.0000000000
15198  -42.764  -52.222  -28.698 0.0000000000
14599  -42.096  -53.731  -29.209 0.0000000000
12764  -45.996  -56.080  -21.287 0.0000000000
13294  -46.254  -55.383  -21.503 0.0000000000
13897  -46.569  -54.296  -21.787 0.0000000000
13299  -45.933  -55.136  -22.085 0.0000000000
13896  -46.125  -54.418  -22.274 0.0000000000
13895  -45.559  -54.522  -22.692 0.0000000000
13851  -49.028  -54.304  -14.121 0.0000000000
8164  -39.629  -63.746  -24.422 0.0000000000
10986  -41.950  -58.923  -27.821 0.0000000000
10985  -41.670  -59.622  -27.454 0.0000000000
10342  -40.930  -59.886  -28.419 0.0000000000
10997  -40.731  -59.789  -28.706 0.0000000000
12270  -40.952  -57.530  -28.722 0.0000000000
11656  -40.731  -58.444  -28.804 0.0000000000
12269  -39.954  -57.958  -28.329 0.0000000000
9743  -42.810  -60.979  -21.545 0.0000000000
9747  -42.225  -60.922  -22.539 0.0000000000
11612  -43.039  -58.308  -23.385 0.0000000000
12762  -44.959  -56.431  -22.358 0.0000000000
12768  -44.633  -56.439  -22.811 0.0000000000
12217  -43.106  -57.497  -24.149 0.0000000000
12221  -43.230  -57.536  -25.106 0.0000000000
12225  -43.588  -56.931  -25.584 0.0000000000
12782  -43.750  -56.405  -26.102 0.0000000000
12792  -43.664  -56.552  -26.745 0.0000000000
9740  -43.533  -60.355  -20.453 0.0000000000
10282  -44.753  -60.370  -18.380 0.0000000000
11589  -44.304  -58.429  -20.058 0.0000000000
12198  -45.453  -57.330  -19.971 0.0000000000
12753  -47.038  -56.064  -19.350 0.0000000000
12758  -46.708  -55.997  -20.054 0.0000000000
13875  -47.487  -54.188  -19.496 0.0000000000
13271  -48.690  -54.920  -16.677 0.0000000000
13274  -48.580  -54.637  -17.419 0.0000000000
13273  -48.260  -55.336  -17.249 0.0000000000
12749  -47.854  -55.728  -17.691 0.0000000000
12748  -47.559  -55.888  -18.347 0.0000000000
13279  -48.045  -54.888  -18.064 0.0000000000
14495  -48.733  -53.464  -19.059 0.0000000000
13877  -48.345  -53.871  -18.690 0.0000000000
14494  -48.179  -53.541  -19.285 0.0000000000
9218  -40.615  -62.127  -24.144 0.0000000000
9223  -40.468  -62.579  -25.024 0.0000000000
8677  -39.777  -63.448  -25.426 0.0000000000
9763  -41.064  -60.728  -26.556 0.0000000000
9756  -41.251  -60.985  -25.718 0.0000000000
9233  -39.483  -62.664  -26.957 0.0000000000
13929  -43.760  -53.890  -24.645 0.0000000000
14561  -43.922  -53.517  -24.837 0.0000000000
13371  -43.591  -55.221  -26.785 0.0000000000
14592  -42.983  -53.323  -28.025 0.0000000000
13990  -43.096  -53.967  -28.015 0.0000000000
13391  -42.841  -55.612  -28.686 0.0000000000
14000  -41.470  -54.374  -29.640 0.0000000000
13887  -46.868  -54.565  -21.181 0.0000000000
14531  -46.899  -53.551  -22.049 0.0000000000
15686  -49.505  -52.150  -14.666 0.0000000000
8669  -40.073  -62.706  -23.062 0.0000000000
12229  -42.921  -57.611  -26.843 0.0000000000
10999  -41.704  -58.682  -28.316 0.0000000000
12252  -41.788  -57.653  -28.566 0.0000000000
12271  -41.729  -57.020  -28.774 0.0000000000
10948  -43.339  -59.522  -21.911 0.0000000000
10956  -43.494  -58.726  -22.118 0.0000000000
11604  -43.275  -58.533  -22.676 0.0000000000
12773  -44.694  -56.005  -23.072 0.0000000000
12776  -43.537  -56.120  -24.348 0.0000000000
13334  -43.458  -55.558  -24.959 0.0000000000
10939  -45.377  -59.088  -18.327 0.0000000000
10943  -44.989  -59.084  -19.042 0.0000000000
11572  -47.033  -58.334  -15.827 0.0000000000
12180  -47.854  -56.793  -16.187 0.0000000000
14483  -49.364  -53.638  -16.585 0.0000000000
13868  -48.917  -54.108  -17.670 0.0000000000
9762  -40.522  -61.245  -26.749 0.0000000000
15820  -43.767  -51.066  -27.890 0.0000000000
14591  -42.633  -53.282  -28.547 0.0000000000
12204  -45.339  -56.814  -20.800 0.0000000000
12209  -44.958  -56.853  -21.447 0.0000000000
12763  -45.462  -56.196  -21.801 0.0000000000
13915  -45.006  -54.319  -23.214 0.0000000000
10283  -45.277  -59.825  -18.000 0.0000000000
9727  -44.986  -60.412  -17.691 0.0000000000
12738  -48.583  -55.694  -14.979 0.0000000000
14480  -49.311  -53.622  -15.610 0.0000000000
11619  -42.713  -58.759  -25.306 0.0000000000
10321  -42.025  -59.946  -25.538 0.0000000000
10327  -41.838  -59.955  -26.220 0.0000000000
10326  -41.509  -60.152  -26.717 0.0000000000
11013  -40.546  -58.996  -28.908 0.0000000000
11011  -39.293  -59.422  -29.635 0.0000000000
11654  -39.174  -58.918  -29.201 0.0000000000
12250  -38.745  -58.118  -27.829 0.0000000000
9214  -41.936  -61.503  -22.060 0.0000000000
10964  -42.377  -59.811  -24.307 0.0000000000
12213  -44.039  -56.951  -23.041 0.0000000000
10971  -42.597  -59.008  -24.525 0.0000000000
11615  -42.635  -58.896  -24.813 0.0000000000
11624  -43.154  -57.807  -26.248 0.0000000000
12224  -43.443  -57.477  -25.909 0.0000000000
12230  -43.360  -57.287  -26.560 0.0000000000
12240  -43.554  -56.938  -26.741 0.0000000000
12791  -43.680  -56.057  -27.299 0.0000000000
10942  -44.393  -59.129  -19.675 0.0000000000
12757  -46.266  -56.192  -20.602 0.0000000000
12752  -46.613  -56.317  -19.936 0.0000000000
13288  -46.539  -55.566  -20.859 0.0000000000
14500  -47.517  -53.706  -20.216 0.0000000000
11571  -46.453  -58.624  -16.377 0.0000000000
13265  -48.414  -55.836  -16.061 0.0000000000
12741  -48.134  -56.208  -16.363 0.0000000000
13871  -48.077  -54.211  -18.482 0.0000000000
13285  -47.746  -54.623  -18.717 0.0000000000
13881  -47.612  -53.901  -19.601 0.0000000000
14501  -47.918  -53.424  -19.856 0.0000000000
8674  -40.290  -62.649  -23.939 0.0000000000
9745  -41.077  -61.627  -23.905 0.0000000000
8673  -40.094  -63.108  -24.150 0.0000000000
14548  -46.049  -53.413  -23.101 0.0000000000
14547  -45.011  -53.460  -23.683 0.0000000000
13914  -44.616  -53.854  -23.712 0.0000000000
13930  -44.044  -54.088  -24.119 0.0000000000
13333  -43.335  -54.962  -25.504 0.0000000000
14575  -44.147  -52.952  -25.114 0.0000000000
13352  -43.392  -55.089  -26.139 0.0000000000
15191  -43.485  -52.364  -27.367 0.0000000000
14583  -43.440  -53.340  -26.766 0.0000000000
12826  -41.015  -56.441  -28.800 0.0000000000
12825  -39.879  -56.833  -28.426 0.0000000000
9229  -39.644  -62.980  -26.488 0.0000000000
10977  -41.793  -59.735  -26.977 0.0000000000
12251  -39.329  -58.064  -27.922 0.0000000000
12267  -38.467  -58.340  -28.605 0.0000000000
12268  -39.284  -58.443  -28.372 0.0000000000
13321  -44.236  -55.304  -23.512 0.0000000000
14546  -44.540  -53.584  -23.971 0.0000000000
