#!ascii label  , from subject TEMPLATE vox2ras=TkReg
658
39859  -23.312  -9.375  -16.083 0.4285714328
41038  -22.899  -7.636  -17.123 0.2857142985
40436  -22.806  -8.344  -16.838 0.4285714328
41039  -23.544  -7.412  -16.923 0.4285714328
41040  -24.552  -7.609  -16.594 0.4285714328
41685  -23.391  -6.571  -17.413 0.2857142985
41665  -23.699  -6.900  -17.073 0.4285714328
41667  -25.189  -6.925  -16.746 0.4285714328
42317  -23.509  -5.526  -17.984 0.4285714328
42318  -24.384  -5.433  -17.558 0.4285714328
42961  -23.939  -4.878  -18.089 0.4285714328
43553  -24.341  -4.340  -18.181 0.4285714328
43586  -23.360  -3.578  -19.623 0.5714285970
43573  -24.204  -3.740  -18.734 0.5714285970
43574  -25.077  -3.376  -18.431 0.2857142985
43587  -24.058  -3.227  -19.451 0.7142857313
44151  -24.571  -3.116  -19.054 0.7142857313
44166  -25.215  -1.993  -19.474 0.7142857313
44153  -25.991  -2.289  -18.558 0.4285714328
44152  -25.146  -2.713  -18.913 0.7142857313
44803  -25.970  -0.787  -19.504 0.5714285970
44801  -24.644  -1.777  -20.223 0.5714285970
44802  -25.167  -1.028  -20.090 0.5714285970
45481  -25.672  -0.466  -20.079 0.5714285970
44804  -26.650  -0.709  -18.904 0.4285714328
45482  -26.299  0.077  -19.890 0.5714285970
46148  -27.079  1.303  -19.736 0.5714285970
46168  -25.805  0.569  -21.122 0.7142857313
46852  -27.259  1.983  -20.062 0.7142857313
45494  -25.937  0.367  -20.655 0.5714285970
46187  -24.857  0.312  -22.004 0.5714285970
46888  -26.338  1.713  -21.490 0.8571428657
46873  -27.297  2.339  -20.141 0.7142857313
46853  -27.852  2.173  -19.912 0.5714285970
46887  -25.877  1.336  -21.840 0.7142857313
46906  -25.581  1.663  -22.290 0.5714285970
47613  -28.142  3.112  -20.212 0.7142857313
47588  -28.684  2.938  -19.989 0.5714285970
46872  -26.974  2.084  -20.618 0.7142857313
47612  -27.410  3.061  -20.299 0.7142857313
48352  -28.490  3.680  -20.482 0.5714285970
47611  -27.084  2.709  -20.850 0.7142857313
48331  -29.032  3.555  -20.233 0.5714285970
47628  -26.814  2.769  -21.488 0.5714285970
48373  -27.179  3.527  -21.101 0.7142857313
48351  -27.824  3.924  -20.945 0.7142857313
49122  -28.923  4.993  -21.248 0.7142857313
49102  -28.952  4.242  -20.753 0.7142857313
49121  -27.281  4.490  -21.207 0.7142857313
49100  -27.953  4.479  -21.249 0.7142857313
49850  -28.197  4.786  -21.311 0.7142857313
49866  -29.331  5.479  -21.408 0.7142857313
49849  -27.873  4.866  -21.432 0.7142857313
48372  -27.008  3.825  -21.894 0.5714285970
50597  -30.082  6.150  -21.481 0.5714285970
50610  -30.879  6.947  -21.524 0.5714285970
49864  -27.393  5.447  -21.505 0.8571428657
50609  -29.915  7.094  -21.799 0.7142857313
50608  -29.360  7.260  -21.978 0.7142857313
50595  -28.098  6.130  -22.033 0.8571428657
50596  -29.076  6.473  -21.883 0.7142857313
52133  -29.050  8.646  -22.161 0.8571428657
51368  -30.413  7.900  -21.834 0.5714285970
51366  -28.806  7.614  -22.159 0.8571428657
51352  -28.356  6.914  -22.214 0.8571428657
53668  -28.749  10.482  -22.211 0.8571428657
53669  -29.655  10.509  -22.040 0.8571428657
54366  -29.059  11.410  -22.033 0.8571428657
54365  -28.120  11.404  -22.180 1.0000000000
52917  -28.453  9.520  -22.312 0.8571428657
53667  -27.820  10.427  -22.361 1.0000000000
55753  -27.882  13.384  -21.954 1.0000000000
56441  -27.217  14.408  -21.827 0.7142857313
55057  -28.469  12.358  -21.995 1.0000000000
55056  -27.493  12.375  -22.170 1.0000000000
57768  -27.202  16.621  -21.845 1.0000000000
58439  -27.057  17.259  -21.756 0.8571428657
59089  -26.830  18.467  -21.983 0.8571428657
58417  -26.938  17.891  -21.873 1.0000000000
61171  -27.353  21.677  -22.003 0.8571428657
60447  -27.272  19.590  -21.709 0.8571428657
61851  -27.717  22.582  -22.385 0.8571428657
61856  -27.053  23.093  -22.748 0.7142857313
61850  -26.641  22.576  -22.494 0.5714285970
62528  -26.867  23.778  -23.076 0.7142857313
62526  -25.409  23.871  -22.872 0.5714285970
62520  -25.864  23.264  -22.725 0.5714285970
63118  -25.065  24.206  -22.722 0.4285714328
63697  -24.863  25.417  -23.007 0.4285714328
63698  -25.289  25.456  -23.685 0.4285714328
63688  -25.039  25.123  -21.624 0.2857142985
64233  -25.064  26.038  -21.797 0.2857142985
63691  -24.877  25.326  -22.334 0.2857142985
64229  -25.430  25.946  -20.986 0.2857142985
41062  -22.937  -7.200  -17.323 0.2857142985
47587  -28.021  2.798  -20.128 0.5714285970
51367  -29.587  7.873  -22.002 0.8571428657
52918  -29.348  9.589  -22.145 0.8571428657
64219  -26.904  25.657  -19.535 0.1428571492
42316  -22.714  -6.047  -18.136 0.2857142985
41686  -24.037  -6.040  -17.337 0.4285714328
42962  -24.736  -4.754  -17.705 0.4285714328
42344  -22.759  -5.396  -18.467 0.2857142985
42982  -23.835  -4.354  -18.487 0.4285714328
43572  -23.484  -4.095  -18.909 0.5714285970
44164  -23.712  -3.065  -20.008 0.2857142985
44165  -24.363  -2.582  -19.826 0.7142857313
44167  -25.858  -1.458  -19.183 0.4285714328
44814  -24.305  -1.148  -21.027 0.5714285970
45483  -27.574  0.045  -18.793 0.4285714328
44815  -24.901  -0.757  -20.818 0.7142857313
45493  -25.335  -0.141  -20.929 0.7142857313
46188  -25.369  0.728  -21.833 0.5714285970
48374  -29.693  4.505  -20.685 0.5714285970
46907  -26.017  1.709  -21.988 0.5714285970
49123  -29.370  4.736  -20.949 0.5714285970
49865  -28.444  5.303  -21.537 0.7142857313
52134  -29.908  8.737  -22.026 0.5714285970
52132  -28.142  8.532  -22.250 1.0000000000
55752  -26.858  13.387  -22.243 0.8571428657
57107  -26.668  15.461  -22.051 0.7142857313
57108  -27.645  15.428  -21.800 1.0000000000
58418  -27.393  17.634  -21.514 0.8571428657
60455  -27.027  20.559  -21.736 0.8571428657
59735  -27.788  19.073  -21.458 1.0000000000
59072  -27.322  18.418  -21.607 1.0000000000
63121  -24.951  24.787  -22.718 0.7142857313
61849  -25.748  22.531  -22.359 0.5714285970
62527  -25.948  23.876  -23.090 0.7142857313
63123  -26.054  24.552  -23.500 0.7142857313
62519  -25.160  23.424  -22.460 0.4285714328
64235  -24.941  26.171  -22.493 0.2857142985
64241  -24.956  26.240  -23.173 0.4285714328
64242  -25.340  26.445  -23.615 0.4285714328
64792  -25.282  26.556  -21.427 0.2857142985
44181  -24.090  -2.026  -20.637 0.4285714328
63122  -25.233  24.552  -23.204 0.7142857313
40437  -23.940  -8.414  -16.357 0.4285714328
41061  -22.370  -7.658  -17.543 0.2857142985
40458  -22.243  -8.242  -17.335 0.2857142985
41684  -22.586  -6.835  -17.816 0.2857142985
41666  -24.169  -6.765  -16.964 0.4285714328
42960  -23.553  -5.057  -18.223 0.2857142985
42981  -23.173  -4.780  -18.598 0.4285714328
46169  -26.339  1.007  -20.704 0.7142857313
46149  -28.198  1.160  -19.285 0.5714285970
45507  -25.013  0.127  -21.692 0.7142857313
46189  -25.979  1.029  -21.428 0.7142857313
45492  -24.749  -0.597  -21.178 0.7142857313
49101  -28.520  4.509  -21.059 0.7142857313
47646  -26.142  2.270  -22.138 0.7142857313
49120  -27.055  4.691  -21.927 0.8571428657
56440  -26.306  14.446  -22.468 0.8571428657
62521  -26.467  23.325  -22.831 0.5714285970
63117  -24.896  24.354  -22.165 0.4285714328
63686  -25.306  24.833  -20.952 0.2857142985
64225  -26.178  25.669  -20.211 0.1428571492
65927  -26.212  29.333  -23.514 0.2857142985
66504  -26.256  29.858  -22.966 0.1428571492
64806  -25.567  27.389  -23.363 0.2857142985
65368  -26.286  28.533  -23.998 0.2857142985
65914  -26.036  29.440  -22.763 0.1428571492
66505  -26.238  30.345  -22.510 0.1428571492
65352  -25.246  27.626  -22.414 0.1428571492
64815  -26.715  27.707  -24.283 0.2857142985
64814  -26.078  27.625  -23.894 0.2857142985
63130  -29.632  24.874  -24.086 0.2857142985
63712  -28.195  26.135  -24.118 0.2857142985
66499  -26.121  30.285  -21.726 0.1428571492
64249  -25.825  26.740  -23.984 0.2857142985
63125  -28.090  24.701  -23.322 0.2857142985
64250  -26.551  26.855  -24.198 0.2857142985
61859  -30.135  22.807  -22.915 0.1428571492
63126  -29.021  24.891  -23.418 0.2857142985
63711  -27.272  26.105  -24.144 0.2857142985
65906  -25.740  29.141  -21.952 0.1428571492
63700  -27.167  25.387  -23.750 0.2857142985
60466  -31.364  21.133  -23.394 0.1428571492
61177  -30.975  21.797  -23.457 0.1428571492
62530  -29.232  23.929  -22.876 0.4285714328
63124  -27.048  24.596  -23.406 0.2857142985
60450  -29.433  20.367  -21.547 0.2857142985
61852  -28.805  22.626  -22.164 0.4285714328
62529  -27.966  23.815  -22.939 0.2857142985
63699  -26.227  25.315  -23.828 0.2857142985
59738  -30.218  19.638  -21.511 0.1428571492
61174  -30.281  21.735  -22.484 0.2857142985
62523  -28.726  23.340  -22.535 0.4285714328
60457  -29.022  20.969  -21.607 0.5714285970
62522  -28.175  23.110  -22.585 0.7142857313
59063  -29.738  19.068  -20.947 0.1428571492
59075  -29.994  19.430  -21.160 0.1428571492
61857  -27.564  23.267  -22.766 0.4285714328
60449  -28.705  20.225  -21.487 0.4285714328
58407  -30.333  18.137  -20.268 0.2857142985
58406  -28.911  18.537  -20.815 0.7142857313
60456  -28.053  20.849  -21.693 0.7142857313
59073  -27.892  18.412  -21.219 0.8571428657
59727  -28.896  19.305  -20.947 0.8571428657
57073  -30.637  16.621  -21.915 0.2857142985
57735  -31.123  17.460  -21.163 0.2857142985
59736  -28.484  19.548  -21.288 0.7142857313
60448  -27.877  19.960  -21.574 0.8571428657
57091  -30.930  15.484  -21.790 0.1428571492
58420  -29.478  17.759  -21.244 0.7142857313
53665  -26.101  10.348  -23.174 0.5714285970
54364  -27.117  11.350  -22.211 0.8571428657
55055  -26.544  12.365  -22.526 0.8571428657
54363  -26.315  11.341  -22.824 0.4285714328
56442  -28.405  14.519  -21.718 0.8571428657
57747  -27.944  17.046  -21.578 0.8571428657
56444  -30.266  13.684  -21.350 0.2857142985
57089  -28.940  15.929  -21.640 0.8571428657
58419  -28.336  18.086  -21.272 0.8571428657
56445  -30.764  13.401  -21.258 0.4285714328
57090  -29.939  15.919  -21.130 0.7142857313
57749  -29.752  16.910  -21.968 0.7142857313
52914  -25.868  9.393  -23.598 0.2857142985
53666  -26.893  10.352  -22.611 0.5714285970
57109  -28.342  15.437  -21.652 0.8571428657
57088  -28.038  16.147  -21.750 0.8571428657
56443  -29.417  14.038  -21.527 0.8571428657
56424  -28.713  15.211  -21.599 0.8571428657
55756  -30.535  12.943  -21.384 0.4285714328
49890  -26.186  4.949  -23.190 0.7142857313
50621  -26.046  5.947  -23.553 0.4285714328
49876  -26.689  5.284  -22.800 0.7142857313
51350  -27.277  6.458  -22.907 0.8571428657
51363  -26.676  6.687  -23.315 0.5714285970
52130  -26.295  8.081  -23.492 0.5714285970
52129  -25.664  8.782  -23.896 0.4285714328
51365  -27.948  7.595  -22.462 0.8571428657
52131  -27.377  8.394  -22.864 0.5714285970
52915  -26.727  9.347  -23.102 0.5714285970
52916  -27.527  9.418  -22.481 0.7142857313
54367  -29.958  11.398  -21.850 0.7142857313
55058  -29.394  12.291  -21.799 0.7142857313
55754  -28.883  13.276  -21.762 0.7142857313
54369  -31.592  11.508  -21.494 0.2857142985
54368  -30.829  11.411  -21.675 0.4285714328
55059  -30.251  12.229  -21.619 0.5714285970
47645  -25.572  2.670  -22.703 0.4285714328
48398  -25.619  3.421  -23.022 0.4285714328
49889  -25.456  5.100  -23.705 0.4285714328
50594  -27.380  6.039  -22.302 0.7142857313
51351  -27.743  6.754  -22.484 0.7142857313
52919  -30.224  9.634  -21.983 0.7142857313
53670  -30.555  10.524  -21.858 0.2857142985
47658  -24.652  2.771  -23.122 0.5714285970
49145  -26.105  3.924  -23.005 0.5714285970
52920  -31.064  9.653  -21.809 0.4285714328
45506  -24.411  -0.221  -21.861 0.5714285970
48332  -29.558  3.517  -20.009 0.4285714328
49868  -31.331  6.420  -21.223 0.4285714328
49878  -31.684  6.765  -21.232 0.4285714328
42963  -25.553  -4.588  -17.401 0.1428571492
49124  -30.073  4.801  -20.745 0.4285714328
49851  -30.533  5.361  -20.956 0.4285714328
49852  -31.158  5.663  -20.879 0.4285714328
43575  -25.705  -3.023  -18.306 0.1428571492
44134  -26.311  -2.989  -17.881 0.1428571492
46855  -29.737  1.854  -19.136 0.2857142985
48334  -31.260  3.372  -19.160 0.2857142985
47590  -30.438  2.596  -19.184 0.2857142985
48355  -31.152  4.215  -19.748 0.2857142985
48333  -30.371  3.464  -19.627 0.2857142985
46854  -28.861  1.982  -19.497 0.2857142985
48354  -30.294  4.302  -20.265 0.4285714328
43555  -25.815  -3.681  -17.684 0.1428571492
43554  -24.947  -4.042  -17.970 0.1428571492
44135  -27.003  -2.358  -17.744 0.2857142985
44154  -26.581  -1.524  -18.580 0.2857142985
45465  -28.494  -0.395  -18.091 0.2857142985
45485  -29.299  0.708  -18.575 0.2857142985
45484  -28.687  0.486  -18.604 0.2857142985
46150  -29.106  1.185  -18.966 0.2857142985
43556  -26.731  -3.531  -17.144 0.1428571492
44770  -28.032  -2.155  -17.822 0.2857142985
44789  -27.479  -1.051  -18.020 0.2857142985
44790  -28.060  -0.926  -18.046 0.2857142985
42319  -25.247  -5.392  -17.267 0.1428571492
39858  -22.249  -9.513  -16.602 0.2857142985
42298  -24.811  -6.117  -17.125 0.2857142985
39860  -24.469  -9.384  -15.647 0.1428571492
39238  -22.793  -10.499  -15.824 0.2857142985
46151  -29.876  1.036  -18.610 0.2857142985
49105  -31.902  4.915  -19.913 0.2857142985
50607  -26.632  5.819  -23.143 0.7142857313
50598  -30.799  6.084  -21.251 0.4285714328
52135  -30.745  8.800  -21.865 0.4285714328
53671  -31.554  10.530  -21.623 0.2857142985
59734  -27.171  18.985  -21.812 0.7142857313
55755  -29.779  13.078  -21.561 0.7142857313
61170  -26.363  21.662  -22.046 0.4285714328
55060  -31.040  12.236  -21.460 0.2857142985
57734  -30.586  17.301  -22.012 0.5714285970
59750  -29.960  20.125  -21.609 0.4285714328
65348  -25.820  28.919  -21.335 0.1428571492
64251  -27.390  26.891  -24.313 0.2857142985
39878  -22.085  -8.710  -17.171 0.2857142985
41041  -25.472  -7.735  -16.402 0.1428571492
43557  -27.844  -3.400  -17.190 0.1428571492
45464  -27.917  -0.608  -18.233 0.2857142985
46132  -30.274  0.618  -18.157 0.2857142985
46856  -30.524  1.758  -18.795 0.2857142985
47644  -25.060  2.595  -22.902 0.5714285970
49143  -24.855  4.274  -23.678 0.2857142985
50593  -27.032  5.847  -22.790 0.5714285970
51377  -25.300  7.230  -24.140 0.4285714328
49853  -31.887  5.597  -20.462 0.4285714328
53680  -25.381  10.383  -23.749 0.2857142985
49867  -29.991  5.357  -21.141 0.4285714328
51364  -27.314  7.329  -23.025 0.7142857313
50599  -32.082  7.091  -21.162 0.1428571492
51353  -31.971  7.719  -21.377 0.4285714328
51369  -31.328  8.000  -21.634 0.4285714328
52119  -32.102  8.597  -21.462 0.1428571492
52921  -31.793  9.538  -21.625 0.1428571492
56425  -29.219  15.025  -21.513 0.7142857313
59074  -28.411  18.546  -21.092 0.8571428657
56427  -31.201  13.929  -21.094 0.2857142985
57092  -32.209  15.510  -21.901 0.1428571492
57074  -31.624  16.628  -21.445 0.1428571492
57736  -31.905  17.608  -20.835 0.1428571492
59076  -30.523  19.114  -21.312 0.1428571492
65347  -25.354  28.031  -21.734 0.1428571492
59064  -30.809  18.564  -21.025 0.1428571492
61853  -29.712  22.461  -22.227 0.2857142985
60458  -30.026  20.819  -21.911 0.2857142985
60459  -30.976  20.715  -22.850 0.1428571492
62534  -29.623  24.191  -23.634 0.2857142985
62535  -30.124  23.760  -24.291 0.2857142985
61862  -30.562  22.771  -23.920 0.1428571492
40439  -25.675  -8.333  -15.970 0.1428571492
42964  -26.384  -4.470  -17.072 0.1428571492
53654  -31.982  11.026  -21.456 0.2857142985
61186  -31.043  22.150  -24.082 0.1428571492
63131  -30.169  24.482  -24.750 0.2857142985
40438  -24.919  -8.411  -16.137 0.1428571492
49133  -26.638  4.453  -22.555 0.5714285970
48389  -26.287  3.300  -22.485 0.4285714328
49863  -27.014  5.298  -22.326 0.7142857313
61172  -28.393  21.766  -21.855 0.7142857313
63709  -25.686  25.982  -24.037 0.2857142985
59725  -27.953  18.938  -21.256 0.8571428657
64805  -25.232  26.870  -23.139 0.2857142985
64799  -25.131  26.959  -22.604 0.2857142985
65357  -25.889  28.450  -23.382 0.2857142985
65353  -25.471  28.252  -22.667 0.1428571492
64800  -25.299  27.417  -22.850 0.1428571492
63701  -28.103  25.471  -23.755 0.2857142985
63710  -26.399  26.040  -24.127 0.2857142985
61858  -29.375  23.072  -22.457 0.2857142985
62531  -29.979  23.503  -23.513 0.1428571492
61173  -29.444  21.768  -21.858 0.4285714328
59739  -30.806  19.343  -21.846 0.1428571492
59737  -29.428  19.748  -21.229 0.5714285970
58421  -29.906  18.022  -21.086 0.5714285970
59062  -28.733  18.959  -20.948 0.7142857313
56426  -30.115  14.677  -21.391 0.4285714328
57748  -28.545  16.998  -21.972 0.8571428657
49144  -25.577  4.176  -23.378 0.5714285970
51349  -26.959  6.200  -23.080 0.7142857313
51378  -25.914  6.960  -23.771 0.4285714328
52145  -25.731  7.623  -23.893 0.4285714328
52144  -25.349  8.205  -24.144 0.2857142985
48388  -25.852  3.217  -22.788 0.5714285970
47659  -25.192  3.001  -23.016 0.5714285970
53672  -32.072  10.032  -21.516 0.2857142985
47589  -29.602  2.716  -19.572 0.2857142985
50581  -30.755  5.695  -21.080 0.4285714328
49869  -31.905  6.342  -20.932 0.4285714328
50611  -31.581  7.212  -21.401 0.4285714328
49103  -30.663  5.006  -20.637 0.4285714328
49104  -31.189  4.943  -20.318 0.4285714328
44771  -28.451  -1.227  -17.693 0.2857142985
39221  -24.411  -10.291  -15.435 0.1428571492
39239  -23.713  -10.265  -15.610 0.1428571492
52136  -31.428  8.910  -21.718 0.2857142985
64797  -25.354  27.509  -21.457 0.1428571492
59749  -26.545  19.438  -21.871 0.5714285970
59088  -26.081  18.429  -22.184 0.4285714328
58438  -26.638  17.573  -22.008 0.4285714328
57106  -25.722  15.447  -22.572 0.4285714328
57767  -26.139  16.470  -22.270 0.4285714328
48308  -31.716  2.977  -18.736 0.1428571492
48356  -31.928  4.208  -19.372 0.1428571492
47570  -33.215  2.644  -18.206 0.1428571492
47568  -31.782  2.391  -18.452 0.1428571492
48309  -32.290  3.005  -18.532 0.1428571492
47593  -33.814  3.124  -18.261 0.1428571492
42990  -22.907  -4.176  -19.274 0.2857142985
46152  -30.659  1.098  -18.396 0.1428571492
46134  -31.526  1.042  -18.017 0.1428571492
46836  -31.965  1.734  -18.206 0.1428571492
46838  -33.451  1.352  -17.790 0.1428571492
46837  -32.628  1.744  -17.971 0.1428571492
47548  -35.017  2.414  -16.887 0.1428571492
47571  -34.296  2.466  -18.126 0.1428571492
48284  -35.009  3.264  -17.015 0.1428571492
42989  -22.152  -4.656  -19.392 0.2857142985
45443  -29.275  -0.655  -17.647 0.1428571492
45444  -30.120  -0.384  -17.406 0.1428571492
45466  -29.550  0.184  -18.098 0.1428571492
46115  -31.932  0.594  -17.553 0.1428571492
46114  -31.345  0.599  -17.628 0.1428571492
46816  -33.047  0.719  -17.644 0.1428571492
46817  -34.768  1.500  -17.114 0.1428571492
46818  -35.108  1.599  -16.497 0.1428571492
47547  -34.672  2.118  -17.503 0.1428571492
42980  -22.485  -5.079  -18.804 0.2857142985
42343  -21.904  -5.572  -18.854 0.2857142985
44772  -29.618  -1.036  -17.183 0.1428571492
45446  -32.122  -0.089  -17.026 0.1428571492
45445  -31.135  0.252  -17.112 0.1428571492
46117  -33.396  0.262  -17.448 0.1428571492
46839  -34.347  1.409  -17.690 0.1428571492
46135  -34.061  0.440  -17.775 0.1428571492
47514  -35.496  2.339  -16.192 0.1428571492
44136  -28.208  -2.529  -17.438 0.1428571492
44137  -29.623  -2.190  -17.568 0.1428571492
44138  -30.356  -2.070  -17.379 0.1428571492
44775  -32.447  -0.996  -17.176 0.1428571492
44773  -30.882  -0.749  -16.998 0.1428571492
45447  -32.924  -0.236  -17.080 0.1428571492
44774  -31.667  -0.873  -17.213 0.1428571492
46118  -34.927  0.803  -16.694 0.1428571492
46119  -35.213  0.956  -16.236 0.1428571492
43558  -28.895  -3.395  -17.207 0.1428571492
43560  -30.964  -3.115  -17.200 0.1428571492
43559  -30.008  -3.228  -17.422 0.1428571492
44139  -31.287  -1.896  -17.147 0.1428571492
44141  -33.053  -1.890  -17.277 0.1428571492
44140  -32.196  -1.837  -17.320 0.1428571492
44776  -33.290  -1.097  -17.222 0.1428571492
44792  -34.205  -1.184  -17.460 0.1428571492
46136  -34.535  0.601  -17.236 0.1428571492
45448  -33.498  -0.525  -17.359 0.1428571492
43561  -32.064  -3.077  -17.319 0.1428571492
42969  -31.834  -4.230  -17.401 0.1428571492
45469  -34.353  -0.347  -17.319 0.1428571492
44156  -34.059  -1.703  -17.717 0.1428571492
46782  -35.537  1.474  -15.993 0.1428571492
48251  -36.281  3.074  -16.011 0.1428571492
47591  -31.160  2.452  -18.799 0.1428571492
48335  -32.132  3.583  -18.903 0.1428571492
46084  -35.164  0.347  -16.315 0.1428571492
47515  -36.098  2.057  -15.888 0.1428571492
48225  -36.895  2.799  -15.787 0.1428571492
48997  -35.891  4.019  -16.415 0.1428571492
48250  -35.436  3.198  -16.453 0.1428571492
48312  -34.684  3.248  -17.661 0.1428571492
48357  -32.506  4.182  -19.163 0.1428571492
60454  -25.901  20.715  -21.830 0.4285714328
63135  -30.465  24.873  -25.449 0.1428571492
63134  -29.996  25.223  -24.631 0.1428571492
47569  -32.407  2.437  -18.225 0.1428571492
48310  -32.639  3.012  -18.156 0.1428571492
48336  -33.083  3.545  -18.847 0.1428571492
48337  -33.896  3.600  -18.647 0.1428571492
46133  -30.890  0.690  -17.874 0.1428571492
46153  -31.090  1.077  -18.228 0.1428571492
46857  -31.243  1.641  -18.431 0.1428571492
46814  -32.156  1.182  -17.971 0.1428571492
46815  -32.655  0.966  -17.780 0.1428571492
47572  -34.792  2.720  -17.477 0.1428571492
45467  -30.374  0.229  -17.721 0.1428571492
46116  -32.685  0.363  -17.415 0.1428571492
45468  -33.888  -0.434  -17.667 0.1428571492
44155  -33.607  -1.755  -17.571 0.1428571492
44791  -33.762  -1.119  -17.564 0.1428571492
39236  -20.892  -10.772  -16.625 0.1428571492
39857  -21.492  -10.002  -16.827 0.1428571492
39877  -21.439  -9.217  -17.338 0.1428571492
41060  -21.824  -7.644  -17.991 0.1428571492
41082  -21.186  -7.476  -18.338 0.1428571492
41083  -21.958  -7.117  -18.158 0.1428571492
41708  -22.135  -6.426  -18.334 0.1428571492
40479  -21.109  -8.125  -18.137 0.1428571492
41706  -20.548  -6.590  -18.704 0.1428571492
42342  -20.842  -5.838  -19.045 0.1428571492
42359  -20.983  -5.144  -19.406 0.1428571492
42360  -21.550  -4.990  -19.375 0.1428571492
43584  -21.466  -3.990  -20.193 0.2857142985
43585  -22.435  -3.897  -19.979 0.1428571492
43599  -23.310  -3.168  -20.240 0.1428571492
43597  -21.833  -3.438  -20.703 0.2857142985
44180  -23.319  -2.590  -20.769 0.2857142985
46209  -23.748  0.758  -22.792 0.4285714328
46211  -25.114  1.231  -22.395 0.4285714328
46905  -24.854  1.902  -22.775 0.4285714328
55751  -25.972  13.430  -22.943 0.2857142985
56439  -25.446  14.555  -23.197 0.2857142985
59087  -25.204  18.253  -22.256 0.2857142985
59748  -25.659  19.407  -21.908 0.4285714328
40456  -20.931  -8.644  -17.952 0.1428571492
42988  -21.134  -4.551  -19.780 0.1428571492
44178  -21.229  -2.757  -21.131 0.2857142985
44179  -22.201  -2.834  -21.156 0.2857142985
44813  -23.625  -1.791  -21.111 0.2857142985
44826  -23.882  -0.809  -21.683 0.4285714328
45505  -23.468  -0.555  -22.125 0.4285714328
46208  -22.978  0.631  -22.818 0.2857142985
55054  -25.787  12.315  -23.157 0.2857142985
55764  -25.400  13.121  -23.537 0.2857142985
56438  -25.242  14.180  -23.632 0.2857142985
58437  -25.588  17.359  -22.362 0.2857142985
58436  -24.667  17.061  -23.079 0.2857142985
44189  -23.039  -1.853  -21.392 0.2857142985
55750  -25.469  13.812  -23.461 0.2857142985
55068  -25.040  12.293  -23.828 0.2857142985
56453  -24.974  15.047  -23.462 0.2857142985
57782  -24.727  15.972  -23.209 0.2857142985
57121  -25.076  15.495  -23.140 0.2857142985
57765  -24.638  16.668  -23.048 0.2857142985
56452  -24.774  14.556  -23.858 0.2857142985
57130  -24.122  15.215  -24.079 0.2857142985
45526  -24.090  0.304  -22.464 0.4285714328
46210  -24.577  0.770  -22.453 0.4285714328
40457  -21.679  -8.240  -17.769 0.1428571492
57766  -25.043  16.366  -22.795 0.2857142985
43598  -22.770  -3.308  -20.462 0.1428571492
39237  -21.828  -10.497  -16.270 0.1428571492
41707  -21.439  -6.513  -18.596 0.1428571492
45525  -23.589  0.089  -22.494 0.4285714328
44825  -23.369  -1.236  -21.671 0.4285714328
57120  -24.554  15.534  -23.587 0.2857142985
46918  -24.185  2.184  -23.014 0.2857142985
48397  -25.053  3.514  -23.311 0.2857142985
64818  -29.468  27.385  -24.382 0.1428571492
64827  -30.321  27.009  -24.856 0.1428571492
64253  -29.291  26.701  -24.435 0.1428571492
63713  -29.267  25.939  -24.214 0.1428571492
64819  -30.174  27.484  -24.466 0.1428571492
64252  -28.320  26.830  -24.355 0.1428571492
64816  -27.517  27.695  -24.442 0.1428571492
66528  -27.250  30.026  -24.109 0.1428571492
48396  -24.322  3.479  -23.519 0.2857142985
63720  -30.059  25.880  -24.842 0.1428571492
64261  -30.138  26.542  -24.878 0.1428571492
63702  -28.898  25.545  -23.800 0.1428571492
65371  -28.551  28.377  -24.318 0.1428571492
65943  -27.870  29.325  -24.489 0.1428571492
65370  -27.667  28.507  -24.560 0.1428571492
65941  -26.479  29.317  -24.139 0.1428571492
66517  -26.481  29.882  -23.693 0.1428571492
65369  -26.852  28.547  -24.475 0.1428571492
46904  -24.026  1.500  -22.924 0.2857142985
65372  -29.487  28.203  -24.111 0.1428571492
64817  -28.427  27.594  -24.387 0.1428571492
55774  -24.546  13.542  -24.268 0.1428571492
55775  -24.978  13.114  -23.940 0.1428571492
55763  -25.129  13.733  -23.855 0.1428571492
57781  -24.344  16.453  -23.371 0.1428571492
57764  -22.901  16.908  -23.620 0.1428571492
58435  -23.722  17.138  -23.063 0.1428571492
58450  -24.057  16.852  -23.359 0.1428571492
59085  -23.722  18.124  -22.555 0.1428571492
59086  -24.406  18.066  -22.319 0.1428571492
59746  -24.348  19.115  -21.983 0.2857142985
50630  -24.724  6.805  -24.303 0.1428571492
53679  -24.767  10.519  -24.203 0.1428571492
55067  -24.691  11.848  -24.147 0.1428571492
55757  -31.226  12.997  -21.286 0.1428571492
59747  -25.081  19.269  -22.273 0.1428571492
60453  -25.083  20.490  -21.580 0.2857142985
61847  -24.810  22.471  -21.339 0.2857142985
62518  -24.909  23.375  -21.718 0.2857142985
64796  -25.207  26.995  -21.852 0.1428571492
63683  -25.827  24.622  -20.269 0.1428571492
61168  -25.128  21.614  -21.658 0.2857142985
61165  -24.477  21.629  -21.133 0.2857142985
61848  -25.125  22.533  -21.989 0.2857142985
63114  -24.875  24.145  -21.353 0.1428571492
62515  -24.676  23.189  -20.977 0.2857142985
64230  -26.082  26.668  -20.429 0.1428571492
61156  -24.160  21.928  -20.758 0.1428571492
61155  -23.883  22.176  -20.400 0.1428571492
61844  -24.486  22.381  -20.756 0.2857142985
63111  -25.107  23.814  -20.636 0.1428571492
59084  -23.013  17.165  -22.865 0.2857142985
62508  -24.731  23.001  -20.044 0.1428571492
63110  -25.038  23.229  -20.240 0.1428571492
88672  -22.796  16.206  -21.912 0.1428571492
55739  -32.193  13.173  -21.487 0.1428571492
52929  -24.993  9.426  -24.190 0.1428571492
54388  -24.484  11.370  -24.384 0.1428571492
55078  -24.319  12.438  -24.464 0.1428571492
56461  -23.209  14.563  -25.030 0.1428571492
57779  -22.295  16.764  -24.173 0.1428571492
59745  -24.043  18.816  -21.884 0.2857142985
60452  -24.832  20.076  -21.504 0.1428571492
62514  -24.667  22.782  -20.524 0.2857142985
62509  -24.869  23.136  -20.518 0.1428571492
63105  -25.394  23.575  -19.960 0.1428571492
55040  -31.868  12.308  -21.424 0.1428571492
61169  -25.630  21.826  -21.973 0.2857142985
64224  -25.676  25.282  -20.644 0.1428571492
64793  -25.563  27.159  -21.049 0.1428571492
54378  -25.583  11.328  -23.423 0.1428571492
55079  -24.719  12.852  -24.130 0.1428571492
56462  -23.977  14.502  -24.462 0.1428571492
57119  -23.997  15.915  -23.999 0.1428571492
55773  -23.765  13.536  -24.862 0.1428571492
57780  -23.381  16.573  -24.071 0.1428571492
54377  -24.986  11.290  -23.953 0.1428571492
60446  -24.542  20.765  -21.334 0.2857142985
44177  -20.412  -2.310  -20.802 0.1428571492
44187  -21.521  -2.149  -21.432 0.1428571492
44811  -19.945  -1.486  -20.540 0.1428571492
45491  -20.541  -0.742  -21.218 0.1428571492
46167  -20.652  -0.255  -21.431 0.1428571492
44823  -21.660  -1.443  -21.692 0.1428571492
46185  -20.912  0.231  -21.831 0.1428571492
45502  -21.034  -0.739  -21.650 0.1428571492
44824  -22.472  -1.377  -21.789 0.1428571492
46206  -21.467  0.657  -22.338 0.1428571492
46207  -22.158  0.499  -22.595 0.1428571492
45524  -22.828  -0.080  -22.471 0.1428571492
46886  -21.023  1.237  -22.238 0.1428571492
46901  -21.709  1.292  -22.690 0.1428571492
46903  -23.199  1.523  -23.045 0.1428571492
47657  -23.863  2.700  -23.291 0.1428571492
49142  -23.985  4.288  -23.875 0.1428571492
49888  -24.592  5.184  -23.973 0.1428571492
44163  -20.181  -2.786  -20.317 0.1428571492
61843  -24.400  22.510  -20.358 0.1428571492
44186  -20.839  -2.074  -21.268 0.1428571492
44188  -22.371  -2.085  -21.435 0.1428571492
45504  -22.671  -0.735  -22.149 0.1428571492
46917  -23.571  2.041  -23.079 0.1428571492
44822  -20.953  -1.462  -21.445 0.1428571492
44812  -20.421  -1.480  -21.029 0.1428571492
46147  -19.804  -0.210  -20.578 0.1428571492
46186  -21.669  0.091  -22.254 0.1428571492
45503  -21.761  -0.636  -22.033 0.1428571492
45523  -22.200  -0.189  -22.316 0.1428571492
46902  -22.451  1.281  -22.933 0.1428571492
46885  -20.421  1.114  -21.630 0.1428571492
44162  -19.547  -2.552  -19.724 0.1428571492
44168  -26.285  -1.145  -19.052 0.2857142985
47629  -27.139  2.996  -20.951 0.7142857313
48353  -29.416  4.101  -20.501 0.5714285970
48375  -29.882  4.414  -20.552 0.5714285970
48399  -25.963  3.456  -22.853 0.5714285970
49877  -31.393  6.824  -21.361 0.4285714328
50580  -30.450  5.719  -21.191 0.4285714328
57750  -30.352  17.925  -21.651 0.5714285970
58383  -21.978  15.814  -21.036 0.1428571492
58405  -28.856  18.547  -21.005 0.7142857313
58451  -24.310  16.830  -23.217 0.1428571492
59061  -28.241  18.705  -21.079 0.8571428657
59726  -28.346  19.027  -21.147 0.8571428657
61863  -30.988  22.415  -24.494 0.1428571492
65913  -26.196  29.616  -22.961 0.1428571492
65926  -26.235  29.618  -23.186 0.1428571492
66516  -26.347  29.843  -23.322 0.1428571492
88683  -22.975  16.282  -22.174 0.1428571492
