#!ascii label  , from subject TEMPLATE vox2ras=TkReg
277
44803  -25.970  -0.787  -19.504 0.0000000000
48398  -25.619  3.421  -23.022 0.0000000000
58438  -26.638  17.573  -22.008 0.0000000000
55752  -26.858  13.387  -22.243 0.0000000000
52133  -29.050  8.646  -22.161 0.0000000000
48332  -29.558  3.517  -20.009 0.0000000000
59748  -25.659  19.407  -21.908 0.0000000000
53667  -27.820  10.427  -22.361 0.0000000000
52131  -27.377  8.394  -22.864 0.0000000000
46887  -25.877  1.336  -21.840 0.0000000000
49121  -27.281  4.490  -21.207 0.0000000000
46852  -27.259  1.983  -20.062 0.0000000000
43572  -23.484  -4.095  -18.909 0.0000000000
44814  -24.305  -1.148  -21.027 0.0000000000
63121  -24.951  24.787  -22.718 0.0000000000
62521  -26.467  23.325  -22.831 0.0000000000
61171  -27.353  21.677  -22.003 0.0000000000
60448  -27.877  19.960  -21.574 0.0000000000
58419  -28.336  18.086  -21.272 0.0000000000
57107  -26.668  15.461  -22.051 0.0000000000
56424  -28.713  15.211  -21.599 0.0000000000
55755  -29.779  13.078  -21.561 0.0000000000
53670  -30.555  10.524  -21.858 0.0000000000
51369  -31.328  8.000  -21.634 0.0000000000
50594  -27.380  6.039  -22.302 0.0000000000
49866  -29.331  5.479  -21.408 0.0000000000
52915  -26.727  9.347  -23.102 0.0000000000
52129  -25.664  8.782  -23.896 0.0000000000
45494  -25.937  0.367  -20.655 0.0000000000
46872  -26.974  2.084  -20.618 0.0000000000
46148  -27.079  1.303  -19.736 0.0000000000
41039  -23.544  -7.412  -16.923 0.0000000000
41665  -23.699  -6.900  -17.073 0.0000000000
41686  -24.037  -6.040  -17.337 0.0000000000
45526  -24.090  0.304  -22.464 0.0000000000
44825  -23.369  -1.236  -21.671 0.0000000000
61850  -26.641  22.576  -22.494 0.0000000000
59088  -26.081  18.429  -22.184 0.0000000000
60447  -27.272  19.590  -21.709 0.0000000000
59089  -26.830  18.467  -21.983 0.0000000000
59725  -27.953  18.938  -21.256 0.0000000000
58418  -27.393  17.634  -21.514 0.0000000000
56441  -27.217  14.408  -21.827 0.0000000000
57108  -27.645  15.428  -21.800 0.0000000000
56442  -28.405  14.519  -21.718 0.0000000000
56443  -29.417  14.038  -21.527 0.0000000000
55754  -28.883  13.276  -21.762 0.0000000000
52917  -28.453  9.520  -22.312 0.0000000000
53669  -29.655  10.509  -22.040 0.0000000000
52918  -29.348  9.589  -22.145 0.0000000000
52920  -31.064  9.653  -21.809 0.0000000000
51368  -30.413  7.900  -21.834 0.0000000000
49889  -25.456  5.100  -23.705 0.0000000000
50607  -26.632  5.819  -23.143 0.0000000000
49876  -26.689  5.284  -22.800 0.0000000000
48352  -28.490  3.680  -20.482 0.0000000000
49850  -28.197  4.786  -21.311 0.0000000000
49123  -29.370  4.736  -20.949 0.0000000000
50581  -30.755  5.695  -21.080 0.0000000000
49103  -30.663  5.006  -20.637 0.0000000000
43553  -24.341  -4.340  -18.181 0.0000000000
43586  -23.360  -3.578  -19.623 0.0000000000
44151  -24.571  -3.116  -19.054 0.0000000000
44152  -25.146  -2.713  -18.913 0.0000000000
54363  -26.315  11.341  -22.824 0.0000000000
55056  -27.493  12.375  -22.170 0.0000000000
53666  -26.893  10.352  -22.611 0.0000000000
52916  -27.527  9.418  -22.481 0.0000000000
52132  -28.142  8.532  -22.250 0.0000000000
47645  -25.572  2.670  -22.703 0.0000000000
48372  -27.008  3.825  -21.894 0.0000000000
47628  -26.814  2.769  -21.488 0.0000000000
47612  -27.410  3.061  -20.299 0.0000000000
47588  -28.684  2.938  -19.989 0.0000000000
42961  -23.939  -4.878  -18.089 0.0000000000
47658  -24.652  2.771  -23.122 0.0000000000
46211  -25.114  1.231  -22.395 0.0000000000
45507  -25.013  0.127  -21.692 0.0000000000
45481  -25.672  -0.466  -20.079 0.0000000000
64242  -25.340  26.445  -23.615 0.0000000000
62519  -25.160  23.424  -22.460 0.0000000000
62526  -25.409  23.871  -22.872 0.0000000000
61857  -27.564  23.267  -22.766 0.0000000000
62522  -28.175  23.110  -22.585 0.0000000000
61172  -28.393  21.766  -21.855 0.0000000000
60455  -27.027  20.559  -21.736 0.0000000000
60456  -28.053  20.849  -21.693 0.0000000000
60457  -29.022  20.969  -21.607 0.0000000000
60450  -29.433  20.367  -21.547 0.0000000000
59727  -28.896  19.305  -20.947 0.0000000000
58406  -28.911  18.537  -20.815 0.0000000000
57767  -26.139  16.470  -22.270 0.0000000000
57768  -27.202  16.621  -21.845 0.0000000000
57748  -28.545  16.998  -21.972 0.0000000000
57734  -30.586  17.301  -22.012 0.0000000000
57090  -29.939  15.919  -21.130 0.0000000000
55756  -30.535  12.943  -21.384 0.0000000000
54366  -29.059  11.410  -22.033 0.0000000000
54367  -29.958  11.398  -21.850 0.0000000000
51378  -25.914  6.960  -23.771 0.0000000000
51364  -27.314  7.329  -23.025 0.0000000000
51352  -28.356  6.914  -22.214 0.0000000000
49864  -27.393  5.447  -21.505 0.0000000000
50595  -28.098  6.130  -22.033 0.0000000000
50608  -29.360  7.260  -21.978 0.0000000000
50610  -30.879  6.947  -21.524 0.0000000000
49878  -31.684  6.765  -21.232 0.0000000000
44181  -24.090  -2.026  -20.637 0.0000000000
44801  -24.644  -1.777  -20.223 0.0000000000
44167  -25.858  -1.458  -19.183 0.0000000000
45482  -26.299  0.077  -19.890 0.0000000000
45483  -27.574  0.045  -18.793 0.0000000000
44804  -26.650  -0.709  -18.904 0.0000000000
41040  -24.552  -7.609  -16.594 0.0000000000
58417  -26.938  17.891  -21.873 0.0000000000
55753  -27.882  13.384  -21.954 0.0000000000
52134  -29.908  8.737  -22.026 0.0000000000
51367  -29.587  7.873  -22.002 0.0000000000
49144  -25.577  4.176  -23.378 0.0000000000
49890  -26.186  4.949  -23.190 0.0000000000
49145  -26.105  3.924  -23.005 0.0000000000
48331  -29.032  3.555  -20.233 0.0000000000
49102  -28.952  4.242  -20.753 0.0000000000
48374  -29.693  4.505  -20.685 0.0000000000
49124  -30.073  4.801  -20.745 0.0000000000
48354  -30.294  4.302  -20.265 0.0000000000
43573  -24.204  -3.740  -18.734 0.0000000000
53665  -26.101  10.348  -23.174 0.0000000000
46907  -26.017  1.709  -21.988 0.0000000000
47646  -26.142  2.270  -22.138 0.0000000000
46888  -26.338  1.713  -21.490 0.0000000000
46873  -27.297  2.339  -20.141 0.0000000000
47587  -28.021  2.798  -20.128 0.0000000000
46853  -27.852  2.173  -19.912 0.0000000000
46854  -28.861  1.982  -19.497 0.0000000000
40436  -22.806  -8.344  -16.838 0.0000000000
42318  -24.384  -5.433  -17.558 0.0000000000
42962  -24.736  -4.754  -17.705 0.0000000000
46905  -24.854  1.902  -22.775 0.0000000000
45506  -24.411  -0.221  -21.861 0.0000000000
46187  -24.857  0.312  -22.004 0.0000000000
45492  -24.749  -0.597  -21.178 0.0000000000
45493  -25.335  -0.141  -20.929 0.0000000000
44815  -24.901  -0.757  -20.818 0.0000000000
63697  -24.863  25.417  -23.007 0.0000000000
64241  -24.956  26.240  -23.173 0.0000000000
63698  -25.289  25.456  -23.685 0.0000000000
62520  -25.864  23.264  -22.725 0.0000000000
62527  -25.948  23.876  -23.090 0.0000000000
63123  -26.054  24.552  -23.500 0.0000000000
62528  -26.867  23.778  -23.076 0.0000000000
61851  -27.717  22.582  -22.385 0.0000000000
61852  -28.805  22.626  -22.164 0.0000000000
59749  -26.545  19.438  -21.871 0.0000000000
60449  -28.705  20.225  -21.487 0.0000000000
59736  -28.484  19.548  -21.288 0.0000000000
59074  -28.411  18.546  -21.092 0.0000000000
59062  -28.733  18.959  -20.948 0.0000000000
59063  -29.738  19.068  -20.947 0.0000000000
56440  -26.306  14.446  -22.468 0.0000000000
57106  -25.722  15.447  -22.572 0.0000000000
57109  -28.342  15.437  -21.652 0.0000000000
57088  -28.038  16.147  -21.750 0.0000000000
57089  -28.940  15.929  -21.640 0.0000000000
57749  -29.752  16.910  -21.968 0.0000000000
57073  -30.637  16.621  -21.915 0.0000000000
56444  -30.266  13.684  -21.350 0.0000000000
54365  -28.120  11.404  -22.180 0.0000000000
54368  -30.829  11.411  -21.675 0.0000000000
52135  -30.745  8.800  -21.865 0.0000000000
51353  -31.971  7.719  -21.377 0.0000000000
51377  -25.300  7.230  -24.140 0.0000000000
51349  -26.959  6.200  -23.080 0.0000000000
51363  -26.676  6.687  -23.315 0.0000000000
51350  -27.277  6.458  -22.907 0.0000000000
51365  -27.948  7.595  -22.462 0.0000000000
51351  -27.743  6.754  -22.484 0.0000000000
49120  -27.055  4.691  -21.927 0.0000000000
49865  -28.444  5.303  -21.537 0.0000000000
50596  -29.076  6.473  -21.883 0.0000000000
50609  -29.915  7.094  -21.799 0.0000000000
50597  -30.082  6.150  -21.481 0.0000000000
49852  -31.158  5.663  -20.879 0.0000000000
49868  -31.331  6.420  -21.223 0.0000000000
49869  -31.905  6.342  -20.932 0.0000000000
44166  -25.215  -1.993  -19.474 0.0000000000
44153  -25.991  -2.289  -18.558 0.0000000000
52914  -25.868  9.393  -23.598 0.0000000000
52130  -26.295  8.081  -23.492 0.0000000000
46189  -25.979  1.029  -21.428 0.0000000000
46169  -26.339  1.007  -20.704 0.0000000000
46149  -28.198  1.160  -19.285 0.0000000000
40437  -23.940  -8.414  -16.357 0.0000000000
41666  -24.169  -6.765  -16.964 0.0000000000
41667  -25.189  -6.925  -16.746 0.0000000000
46209  -23.748  0.758  -22.792 0.0000000000
45525  -23.589  0.089  -22.494 0.0000000000
45505  -23.468  -0.555  -22.125 0.0000000000
44826  -23.882  -0.809  -21.683 0.0000000000
61849  -25.748  22.531  -22.359 0.0000000000
61170  -26.363  21.662  -22.046 0.0000000000
59734  -27.171  18.985  -21.812 0.0000000000
59735  -27.788  19.073  -21.458 0.0000000000
59072  -27.322  18.418  -21.607 0.0000000000
59073  -27.892  18.412  -21.219 0.0000000000
56425  -29.219  15.025  -21.513 0.0000000000
53668  -28.749  10.482  -22.211 0.0000000000
52919  -30.224  9.634  -21.983 0.0000000000
50621  -26.046  5.947  -23.553 0.0000000000
50593  -27.032  5.847  -22.790 0.0000000000
48351  -27.824  3.924  -20.945 0.0000000000
49100  -27.953  4.479  -21.249 0.0000000000
49101  -28.520  4.509  -21.059 0.0000000000
49122  -28.923  4.993  -21.248 0.0000000000
49867  -29.991  5.357  -21.141 0.0000000000
49851  -30.533  5.361  -20.956 0.0000000000
49853  -31.887  5.597  -20.462 0.0000000000
49104  -31.189  4.943  -20.318 0.0000000000
42982  -23.835  -4.354  -18.487 0.0000000000
43587  -24.058  -3.227  -19.451 0.0000000000
44165  -24.363  -2.582  -19.826 0.0000000000
55055  -26.544  12.365  -22.526 0.0000000000
54364  -27.117  11.350  -22.211 0.0000000000
48388  -25.852  3.217  -22.788 0.0000000000
48389  -26.287  3.300  -22.485 0.0000000000
48373  -27.179  3.527  -21.101 0.0000000000
47611  -27.084  2.709  -20.850 0.0000000000
47613  -28.142  3.112  -20.212 0.0000000000
39859  -23.312  -9.375  -16.083 0.0000000000
42981  -23.173  -4.780  -18.598 0.0000000000
42317  -23.509  -5.526  -17.984 0.0000000000
42960  -23.553  -5.057  -18.223 0.0000000000
47659  -25.192  3.001  -23.016 0.0000000000
47644  -25.060  2.595  -22.902 0.0000000000
46906  -25.581  1.663  -22.290 0.0000000000
46210  -24.577  0.770  -22.453 0.0000000000
46188  -25.369  0.728  -21.833 0.0000000000
46168  -25.805  0.569  -21.122 0.0000000000
64235  -24.941  26.171  -22.493 0.0000000000
63117  -24.896  24.354  -22.165 0.0000000000
63118  -25.065  24.206  -22.722 0.0000000000
63122  -25.233  24.552  -23.204 0.0000000000
61856  -27.053  23.093  -22.748 0.0000000000
62523  -28.726  23.340  -22.535 0.0000000000
61173  -29.444  21.768  -21.858 0.0000000000
60454  -25.901  20.715  -21.830 0.0000000000
59750  -29.960  20.125  -21.609 0.0000000000
59737  -29.428  19.748  -21.229 0.0000000000
58439  -27.057  17.259  -21.756 0.0000000000
57747  -27.944  17.046  -21.578 0.0000000000
58420  -29.478  17.759  -21.244 0.0000000000
58421  -29.906  18.022  -21.086 0.0000000000
56426  -30.115  14.677  -21.391 0.0000000000
56427  -31.201  13.929  -21.094 0.0000000000
56445  -30.764  13.401  -21.258 0.0000000000
55057  -28.469  12.358  -21.995 0.0000000000
55058  -29.394  12.291  -21.799 0.0000000000
55059  -30.251  12.229  -21.619 0.0000000000
52145  -25.731  7.623  -23.893 0.0000000000
51366  -28.806  7.614  -22.159 0.0000000000
49133  -26.638  4.453  -22.555 0.0000000000
49863  -27.014  5.298  -22.326 0.0000000000
49849  -27.873  4.866  -21.432 0.0000000000
50598  -30.799  6.084  -21.251 0.0000000000
50611  -31.581  7.212  -21.401 0.0000000000
44813  -23.625  -1.791  -21.111 0.0000000000
44802  -25.167  -1.028  -20.090 0.0000000000
47629  -27.139  2.996  -20.951 0.0000000000
48353  -29.416  4.101  -20.501 0.0000000000
48375  -29.882  4.414  -20.552 0.0000000000
48399  -25.963  3.456  -22.853 0.0000000000
49877  -31.393  6.824  -21.361 0.0000000000
50580  -30.450  5.719  -21.191 0.0000000000
57750  -30.352  17.925  -21.651 0.0000000000
58405  -28.856  18.547  -21.005 0.0000000000
59061  -28.241  18.705  -21.079 0.0000000000
59726  -28.346  19.027  -21.147 0.0000000000
