#!ascii label  , from subject TEMPLATE vox2ras=TkReg
665
73513  53.329  41.878  27.750 0.0000000000
69599  55.688  33.562  18.782 0.0000000000
67946  52.526  31.777  13.888 0.0000000000
63512  48.822  24.711  13.565 0.0000000000
71044  55.541  37.419  27.415 0.0000000000
71578  54.460  38.486  16.505 0.0000000000
65579  51.487  28.284  14.686 0.0000000000
67331  46.823  29.643  15.400 0.0000000000
71554  55.110  38.984  19.925 0.0000000000
71529  55.636  38.135  23.171 0.0000000000
69053  57.050  33.354  22.566 0.0000000000
68558  50.355  32.253  14.941 0.0000000000
67376  47.250  30.423  9.550 0.0000000000
68552  54.552  32.066  15.121 0.0000000000
65622  51.762  27.129  10.496 0.0000000000
67923  46.901  31.058  17.133 0.0000000000
72928  54.537  41.180  24.097 0.0000000000
72423  54.706  40.042  25.709 0.0000000000
70544  56.620  35.811  24.933 0.0000000000
69148  52.828  34.022  14.048 0.0000000000
69150  52.226  34.769  14.742 0.0000000000
67933  51.540  31.818  14.163 0.0000000000
68577  49.302  31.294  12.718 0.0000000000
67975  50.701  31.375  10.613 0.0000000000
70577  54.913  36.457  19.773 0.0000000000
70597  54.789  36.165  17.750 0.0000000000
69115  55.374  32.700  16.960 0.0000000000
64920  50.286  26.401  14.367 0.0000000000
65608  52.680  27.253  12.649 0.0000000000
90591  50.582  25.525  11.454 0.0000000000
64247  48.887  25.369  8.744 0.0000000000
62813  47.705  24.062  10.804 0.0000000000
62056  45.332  22.666  11.933 0.0000000000
72410  53.350  40.708  29.897 0.0000000000
71947  54.459  39.269  27.216 0.0000000000
69635  53.823  34.478  14.630 0.0000000000
66162  54.926  29.536  17.294 0.0000000000
66184  54.075  30.291  15.830 0.0000000000
65558  50.340  28.651  17.870 0.0000000000
64182  47.971  26.783  17.774 0.0000000000
72967  55.295  41.146  19.314 0.0000000000
72948  55.533  41.496  21.310 0.0000000000
71978  55.365  39.089  21.935 0.0000000000
70570  55.358  36.316  21.644 0.0000000000
71508  55.683  37.959  25.821 0.0000000000
70062  56.140  35.838  23.083 0.0000000000
69068  56.575  32.949  20.680 0.0000000000
67893  57.317  30.490  18.927 0.0000000000
72895  52.751  41.602  31.975 0.0000000000
70137  51.454  35.311  15.118 0.0000000000
69107  50.279  32.657  17.823 0.0000000000
67950  48.437  31.191  14.593 0.0000000000
67349  46.883  30.013  12.380 0.0000000000
66201  44.866  27.937  11.927 0.0000000000
71568  54.940  38.964  17.734 0.0000000000
70135  54.820  35.102  15.897 0.0000000000
67930  53.828  31.877  14.255 0.0000000000
66193  53.961  29.183  14.243 0.0000000000
66757  54.141  29.537  12.848 0.0000000000
66765  53.042  30.074  10.737 0.0000000000
66775  49.330  29.359  9.557 0.0000000000
65632  45.382  27.650  9.030 0.0000000000
69134  46.504  30.996  19.251 0.0000000000
69120  47.276  31.488  19.965 0.0000000000
72925  54.184  41.500  25.437 0.0000000000
72420  54.062  40.667  26.740 0.0000000000
68568  52.344  33.117  13.893 0.0000000000
67932  52.018  31.881  14.157 0.0000000000
67958  50.710  31.463  12.375 0.0000000000
67957  51.486  31.379  12.518 0.0000000000
69587  55.764  34.778  18.955 0.0000000000
69600  55.448  34.238  18.286 0.0000000000
69103  55.740  32.641  17.660 0.0000000000
64215  49.647  25.335  13.448 0.0000000000
90589  50.465  25.497  12.848 0.0000000000
63537  49.380  24.287  12.025 0.0000000000
63544  49.546  24.306  11.155 0.0000000000
62800  48.991  23.849  11.770 0.0000000000
62802  47.129  23.457  11.854 0.0000000000
62775  48.588  23.622  12.920 0.0000000000
72409  53.574  40.019  29.798 0.0000000000
70638  53.838  36.345  15.047 0.0000000000
65556  52.423  29.347  18.581 0.0000000000
65568  52.023  29.639  17.435 0.0000000000
64883  50.635  28.688  19.635 0.0000000000
64159  48.763  25.884  20.296 0.0000000000
63458  47.712  25.229  19.849 0.0000000000
64194  47.889  26.586  16.454 0.0000000000
72439  55.270  40.043  23.569 0.0000000000
72441  55.539  39.839  22.465 0.0000000000
71971  55.421  38.948  22.749 0.0000000000
71076  55.374  37.332  22.040 0.0000000000
71067  55.708  37.338  22.825 0.0000000000
71502  54.768  38.496  27.725 0.0000000000
71509  55.369  38.598  26.095 0.0000000000
71505  55.483  37.916  26.529 0.0000000000
69554  56.845  34.337  23.700 0.0000000000
70547  56.571  35.846  24.623 0.0000000000
70061  56.532  35.052  22.911 0.0000000000
70069  56.391  34.755  21.980 0.0000000000
69061  56.890  33.219  21.629 0.0000000000
68490  57.126  31.481  19.497 0.0000000000
68471  57.253  32.345  21.468 0.0000000000
66143  56.763  28.659  19.243 0.0000000000
69143  51.838  33.694  15.009 0.0000000000
69637  51.801  35.124  15.000 0.0000000000
69131  51.498  33.700  15.504 0.0000000000
69618  51.460  34.023  16.904 0.0000000000
69133  50.410  32.429  16.109 0.0000000000
67921  48.920  31.718  16.915 0.0000000000
68559  49.299  31.623  14.693 0.0000000000
67970  47.867  31.322  11.418 0.0000000000
67961  47.919  30.898  12.454 0.0000000000
67358  46.679  30.281  11.240 0.0000000000
66760  45.894  28.956  12.148 0.0000000000
66777  45.627  29.409  10.102 0.0000000000
72966  55.498  40.495  19.631 0.0000000000
72468  55.147  40.463  18.375 0.0000000000
72002  55.287  39.449  18.764 0.0000000000
69617  54.929  34.259  16.303 0.0000000000
70612  54.840  35.805  16.759 0.0000000000
69627  54.531  34.238  15.635 0.0000000000
69628  54.245  34.150  15.045 0.0000000000
68553  54.176  32.502  14.792 0.0000000000
66737  51.997  29.431  15.337 0.0000000000
66185  53.442  29.641  14.804 0.0000000000
65589  53.201  28.711  14.428 0.0000000000
65614  52.429  27.018  11.639 0.0000000000
66199  53.884  28.522  12.460 0.0000000000
66204  53.549  28.413  11.517 0.0000000000
67353  53.937  30.331  11.840 0.0000000000
66771  52.873  29.252  10.487 0.0000000000
66773  51.364  29.833  10.156 0.0000000000
90596  50.468  28.077  9.609 0.0000000000
64249  46.396  25.498  8.749 0.0000000000
64967  47.062  26.819  8.472 0.0000000000
64250  45.419  25.886  8.943 0.0000000000
64242  43.961  25.964  10.169 0.0000000000
72482  54.652  40.282  16.925 0.0000000000
68560  45.669  30.704  17.805 0.0000000000
67936  46.394  30.422  16.913 0.0000000000
73527  54.799  42.064  23.497 0.0000000000
72929  54.265  41.396  24.784 0.0000000000
72431  54.997  40.173  24.752 0.0000000000
71964  55.356  39.430  24.496 0.0000000000
70542  56.200  36.451  26.159 0.0000000000
69149  52.380  34.398  14.321 0.0000000000
68569  52.089  33.751  14.384 0.0000000000
68557  51.134  32.345  14.488 0.0000000000
68571  49.792  31.496  13.623 0.0000000000
67949  50.343  31.477  13.168 0.0000000000
67968  49.531  31.549  11.291 0.0000000000
67986  49.298  31.157  9.837 0.0000000000
71548  54.724  38.021  19.930 0.0000000000
71090  54.636  37.498  18.833 0.0000000000
70585  54.956  36.193  18.842 0.0000000000
69608  55.149  34.284  17.124 0.0000000000
68539  54.784  32.251  15.836 0.0000000000
64909  50.444  27.045  14.737 0.0000000000
64917  52.185  27.071  13.878 0.0000000000
64928  51.816  26.521  13.705 0.0000000000
64934  51.958  26.357  12.400 0.0000000000
90594  51.261  26.342  11.139 0.0000000000
64954  50.570  27.230  9.571 0.0000000000
64258  50.319  24.976  8.863 0.0000000000
63554  48.064  24.911  9.442 0.0000000000
62814  46.528  23.922  10.380 0.0000000000
62055  46.222  22.940  12.506 0.0000000000
72915  53.303  41.303  28.878 0.0000000000
72416  54.142  40.109  27.564 0.0000000000
72412  53.837  40.108  28.758 0.0000000000
71944  54.203  39.293  28.363 0.0000000000
71042  54.504  38.112  28.711 0.0000000000
70639  53.249  36.582  14.506 0.0000000000
69636  53.206  34.811  14.290 0.0000000000
69142  53.409  33.700  14.291 0.0000000000
68517  56.314  31.863  17.797 0.0000000000
67310  55.504  30.745  16.562 0.0000000000
66174  54.460  30.209  16.599 0.0000000000
66165  51.763  29.549  16.418 0.0000000000
65570  50.194  28.460  16.417 0.0000000000
64169  49.102  27.096  19.797 0.0000000000
64893  49.177  27.850  17.431 0.0000000000
65571  49.805  27.829  15.937 0.0000000000
64903  49.103  27.264  16.111 0.0000000000
64206  48.564  26.189  15.172 0.0000000000
64207  48.162  25.237  14.512 0.0000000000
62754  47.615  23.601  14.702 0.0000000000
72957  55.435  41.455  20.339 0.0000000000
72453  55.641  39.960  20.605 0.0000000000
72442  55.398  40.663  22.631 0.0000000000
72444  55.667  39.910  21.469 0.0000000000
71988  55.298  39.214  21.049 0.0000000000
71083  54.985  37.346  21.183 0.0000000000
70079  55.275  35.752  20.268 0.0000000000
70085  56.027  34.803  20.090 0.0000000000
72419  54.311  39.936  26.632 0.0000000000
71955  55.273  39.316  25.412 0.0000000000
71527  55.654  38.073  24.020 0.0000000000
71057  55.998  37.204  25.504 0.0000000000
71059  56.018  37.212  24.549 0.0000000000
71061  55.913  37.287  23.638 0.0000000000
70070  55.906  35.533  22.203 0.0000000000
70077  56.365  34.513  21.378 0.0000000000
69078  56.316  33.386  20.149 0.0000000000
68516  56.788  31.295  18.217 0.0000000000
66717  55.841  29.504  17.300 0.0000000000
66144  53.034  29.299  19.129 0.0000000000
67876  57.664  30.843  20.395 0.0000000000
65553  55.380  28.522  18.720 0.0000000000
73504  53.150  42.062  29.907 0.0000000000
72904  53.136  41.244  30.367 0.0000000000
72885  52.793  41.149  33.201 0.0000000000
69644  51.463  35.682  14.202 0.0000000000
70138  51.113  35.422  15.446 0.0000000000
67912  48.537  31.710  17.883 0.0000000000
67922  47.867  31.376  17.123 0.0000000000
67330  47.224  30.296  15.061 0.0000000000
68572  49.022  30.912  13.479 0.0000000000
67341  47.405  30.248  14.387 0.0000000000
66753  46.392  29.195  14.128 0.0000000000
72015  54.682  39.206  16.861 0.0000000000
71103  54.440  37.746  17.805 0.0000000000
71112  54.341  37.679  17.037 0.0000000000
71119  54.380  37.503  16.141 0.0000000000
70136  54.247  35.160  15.208 0.0000000000
69141  53.924  33.469  14.737 0.0000000000
67945  53.322  31.629  13.688 0.0000000000
67320  54.967  30.833  15.989 0.0000000000
67328  54.521  30.800  15.343 0.0000000000
67329  54.216  30.658  14.579 0.0000000000
65606  53.829  28.478  13.852 0.0000000000
66752  53.993  29.772  13.921 0.0000000000
67339  53.958  30.526  13.669 0.0000000000
67340  53.707  30.893  13.275 0.0000000000
67346  53.481  30.881  12.540 0.0000000000
67955  52.970  31.475  12.886 0.0000000000
67356  51.764  31.040  11.031 0.0000000000
67365  50.430  30.819  10.022 0.0000000000
66794  48.041  29.687  8.719 0.0000000000
65629  49.166  27.402  9.110 0.0000000000
65638  47.714  28.039  8.748 0.0000000000
66232  46.206  28.995  8.638 0.0000000000
65624  44.320  27.809  10.203 0.0000000000
62043  43.717  22.539  12.376 0.0000000000
69108  48.139  32.455  19.784 0.0000000000
73516  53.774  42.134  26.894 0.0000000000
72921  54.066  41.456  26.366 0.0000000000
72918  53.762  41.208  27.240 0.0000000000
67931  52.267  31.921  14.144 0.0000000000
67947  51.814  31.482  13.519 0.0000000000
67956  52.301  31.373  12.548 0.0000000000
69090  55.460  33.249  18.251 0.0000000000
64216  48.672  25.066  13.967 0.0000000000
63531  49.064  24.191  12.806 0.0000000000
63521  48.679  24.166  13.418 0.0000000000
72023  54.430  39.447  16.068 0.0000000000
71586  54.345  38.477  15.564 0.0000000000
71124  54.061  37.447  15.157 0.0000000000
65543  51.475  28.970  19.461 0.0000000000
64873  50.953  28.102  20.759 0.0000000000
63446  48.044  24.952  21.056 0.0000000000
63468  47.452  25.437  19.138 0.0000000000
67321  46.246  28.962  15.619 0.0000000000
71968  55.496  38.976  23.546 0.0000000000
72438  55.458  39.462  23.073 0.0000000000
71531  55.459  38.188  22.367 0.0000000000
71045  55.102  38.014  27.624 0.0000000000
71506  55.057  38.407  26.972 0.0000000000
71048  55.889  37.276  26.423 0.0000000000
70051  56.562  35.422  23.954 0.0000000000
69563  56.819  34.191  22.730 0.0000000000
69144  50.851  33.162  15.037 0.0000000000
69145  50.561  32.871  15.232 0.0000000000
69132  50.741  33.009  15.880 0.0000000000
68541  50.326  32.425  15.558 0.0000000000
68542  49.903  32.043  15.944 0.0000000000
67979  47.640  31.062  10.253 0.0000000000
67366  47.162  30.783  10.723 0.0000000000
66776  46.102  29.880  10.613 0.0000000000
67367  46.660  30.268  10.170 0.0000000000
71996  55.341  39.419  19.570 0.0000000000
71555  54.956  38.590  19.414 0.0000000000
69128  54.693  33.273  15.985 0.0000000000
68540  54.546  32.683  15.404 0.0000000000
69129  54.362  33.379  15.271 0.0000000000
66177  52.016  28.846  14.806 0.0000000000
66186  52.701  28.900  14.671 0.0000000000
65578  51.960  28.364  14.622 0.0000000000
65621  53.036  27.559  11.105 0.0000000000
66210  52.985  28.343  10.640 0.0000000000
66211  52.020  28.604  10.341 0.0000000000
66219  51.424  28.650  10.015 0.0000000000
65628  51.386  28.064  9.786 0.0000000000
63556  45.909  24.881  9.257 0.0000000000
63557  45.036  24.858  9.486 0.0000000000
64251  44.511  25.560  9.602 0.0000000000
68544  46.207  30.918  18.176 0.0000000000
73522  54.255  42.157  24.561 0.0000000000
73519  54.081  42.471  25.825 0.0000000000
72924  54.371  40.778  25.096 0.0000000000
70143  52.871  35.911  14.295 0.0000000000
69642  52.578  35.182  14.344 0.0000000000
68556  51.817  32.707  14.196 0.0000000000
68570  50.486  31.774  13.965 0.0000000000
67948  51.031  31.488  13.522 0.0000000000
67967  50.352  31.615  11.367 0.0000000000
67976  49.930  31.388  10.373 0.0000000000
70578  54.668  36.936  19.072 0.0000000000
69104  55.188  33.380  17.540 0.0000000000
70099  55.324  35.323  18.474 0.0000000000
69116  54.932  33.436  16.783 0.0000000000
69127  54.928  32.703  16.490 0.0000000000
64910  49.777  26.786  14.975 0.0000000000
64919  50.874  26.808  14.407 0.0000000000
64214  50.617  26.183  14.046 0.0000000000
90588  50.418  25.435  12.140 0.0000000000
64231  51.117  25.615  12.941 0.0000000000
90592  51.029  25.781  11.578 0.0000000000
64942  51.653  26.244  11.621 0.0000000000
64246  50.834  25.820  10.734 0.0000000000
64257  50.625  25.342  9.624 0.0000000000
63563  50.416  24.958  10.287 0.0000000000
63545  49.001  24.219  10.678 0.0000000000
63553  49.272  24.582  9.510 0.0000000000
63546  48.326  24.464  10.233 0.0000000000
63547  47.487  24.454  10.051 0.0000000000
62789  47.360  23.092  12.706 0.0000000000
72911  53.492  40.768  29.172 0.0000000000
71940  53.812  39.242  29.335 0.0000000000
71499  54.208  38.536  28.966 0.0000000000
71503  54.499  38.519  28.318 0.0000000000
70142  53.566  35.545  14.648 0.0000000000
67309  56.065  30.599  17.187 0.0000000000
66725  55.437  30.094  16.881 0.0000000000
66163  53.866  30.080  17.057 0.0000000000
66164  52.706  30.019  16.519 0.0000000000
65569  51.122  29.080  17.053 0.0000000000
66166  51.046  29.100  15.971 0.0000000000
64158  49.763  26.800  20.995 0.0000000000
64170  48.190  26.182  19.093 0.0000000000
64181  48.767  27.315  18.688 0.0000000000
64894  48.446  27.240  16.926 0.0000000000
64183  46.916  25.702  17.230 0.0000000000
64195  47.185  25.356  15.834 0.0000000000
63489  47.000  24.715  15.730 0.0000000000
73538  55.276  42.245  21.731 0.0000000000
72947  55.720  40.712  20.939 0.0000000000
72937  55.115  41.268  23.113 0.0000000000
71547  54.916  38.447  20.477 0.0000000000
71539  55.150  38.288  21.542 0.0000000000
70571  55.099  36.353  20.717 0.0000000000
70078  55.853  35.159  20.898 0.0000000000
72415  54.266  39.752  27.117 0.0000000000
71951  54.906  39.285  26.353 0.0000000000
71519  55.571  38.595  25.447 0.0000000000
71954  55.570  38.883  24.930 0.0000000000
71518  55.707  38.109  24.940 0.0000000000
70545  56.429  36.186  25.155 0.0000000000
70052  56.267  36.056  23.589 0.0000000000
70548  56.287  36.377  24.096 0.0000000000
70555  56.013  36.565  23.283 0.0000000000
70563  55.699  36.479  22.535 0.0000000000
69577  56.426  34.042  20.819 0.0000000000
69585  56.375  33.631  20.313 0.0000000000
69079  56.292  32.823  19.928 0.0000000000
68491  56.606  32.095  19.605 0.0000000000
67300  57.039  30.087  18.360 0.0000000000
68503  57.217  31.156  18.787 0.0000000000
66716  56.606  29.438  17.881 0.0000000000
65565  54.875  28.932  17.973 0.0000000000
65554  54.370  28.947  18.727 0.0000000000
67869  57.871  30.869  21.336 0.0000000000
65540  54.727  28.386  19.690 0.0000000000
73487  52.766  41.801  31.281 0.0000000000
73494  52.872  41.881  30.852 0.0000000000
72894  52.932  41.311  31.375 0.0000000000
70144  51.383  35.462  14.836 0.0000000000
69638  51.291  35.593  14.549 0.0000000000
69118  51.067  33.134  17.128 0.0000000000
68505  49.225  32.808  18.896 0.0000000000
68519  48.644  32.179  18.735 0.0000000000
67903  48.821  31.979  18.157 0.0000000000
67934  48.573  31.548  15.741 0.0000000000
67935  47.287  30.986  15.429 0.0000000000
67348  47.500  30.338  13.051 0.0000000000
67342  46.963  29.773  13.681 0.0000000000
66759  46.402  29.399  12.873 0.0000000000
66205  45.238  28.654  11.547 0.0000000000
72007  55.085  39.534  17.870 0.0000000000
72008  54.889  39.193  17.397 0.0000000000
71569  54.604  38.547  17.458 0.0000000000
70586  54.482  37.037  18.351 0.0000000000
70625  54.825  35.532  16.252 0.0000000000
70613  54.457  36.704  16.840 0.0000000000
70626  54.414  36.182  15.905 0.0000000000
68554  53.545  32.633  14.374 0.0000000000
66736  54.797  30.408  16.244 0.0000000000
67910  55.480  31.237  16.343 0.0000000000
66746  53.863  30.126  14.750 0.0000000000
65601  52.737  27.510  13.564 0.0000000000
65607  53.588  27.904  13.161 0.0000000000
66198  54.102  28.817  13.417 0.0000000000
67345  53.997  30.348  12.658 0.0000000000
67354  53.309  30.489  11.537 0.0000000000
67347  52.940  31.047  12.106 0.0000000000
67355  52.416  30.694  11.320 0.0000000000
90603  50.162  29.355  10.146 0.0000000000
90602  50.559  29.936  9.948 0.0000000000
66774  49.842  29.676  9.830 0.0000000000
66783  49.503  30.045  9.208 0.0000000000
66784  48.858  29.432  9.016 0.0000000000
64955  49.579  26.289  8.841 0.0000000000
64956  48.340  26.459  8.786 0.0000000000
64968  46.062  26.897  8.576 0.0000000000
65631  47.422  27.361  8.766 0.0000000000
65639  46.817  27.847  8.524 0.0000000000
66231  47.336  28.884  8.535 0.0000000000
66233  45.658  28.375  8.819 0.0000000000
66222  45.398  28.800  9.461 0.0000000000
65633  44.810  27.894  9.535 0.0000000000
64950  43.647  25.996  11.065 0.0000000000
64949  43.981  26.843  10.614 0.0000000000
62066  44.919  22.861  11.205 0.0000000000
62057  44.388  22.634  11.672 0.0000000000
69135  45.785  31.051  19.388 0.0000000000
68543  47.090  31.177  18.355 0.0000000000
72920  54.238  40.716  25.983 0.0000000000
68555  52.188  32.246  14.084 0.0000000000
67966  51.227  31.501  11.382 0.0000000000
70086  55.552  35.308  19.610 0.0000000000
90587  50.302  25.477  12.660 0.0000000000
63551  50.151  24.953  11.434 0.0000000000
63538  49.108  24.014  11.397 0.0000000000
62801  48.403  23.839  11.510 0.0000000000
62788  47.996  23.291  12.591 0.0000000000
71125  53.624  37.159  14.626 0.0000000000
65567  53.102  29.803  17.715 0.0000000000
65557  51.336  29.094  18.208 0.0000000000
65544  50.650  28.852  18.887 0.0000000000
64148  49.186  25.405  21.521 0.0000000000
64171  47.237  25.681  18.454 0.0000000000
73536  55.156  42.153  22.661 0.0000000000
70048  56.762  35.366  25.050 0.0000000000
69570  56.653  34.026  21.845 0.0000000000
69069  56.656  32.470  20.313 0.0000000000
68479  57.218  31.904  20.414 0.0000000000
67877  57.424  31.288  19.935 0.0000000000
67280  57.686  29.811  20.400 0.0000000000
65539  55.568  28.059  19.764 0.0000000000
69130  51.847  33.911  15.414 0.0000000000
69629  51.786  34.513  15.468 0.0000000000
69630  51.571  34.233  16.098 0.0000000000
69631  51.267  33.652  16.320 0.0000000000
69619  51.183  33.424  16.530 0.0000000000
69119  50.396  32.468  16.666 0.0000000000
68530  49.663  32.076  17.230 0.0000000000
68583  48.273  31.416  11.786 0.0000000000
68579  48.175  31.311  12.080 0.0000000000
68584  48.058  31.407  11.759 0.0000000000
67357  47.337  30.634  11.862 0.0000000000
66766  46.311  29.612  11.696 0.0000000000
66767  45.637  29.318  11.124 0.0000000000
72461  55.474  40.169  19.228 0.0000000000
71561  54.889  38.648  18.302 0.0000000000
70125  55.106  35.063  16.570 0.0000000000
66176  52.643  29.681  15.303 0.0000000000
66745  54.277  30.330  15.527 0.0000000000
65588  53.489  28.989  14.514 0.0000000000
65599  53.602  28.801  14.305 0.0000000000
65613  53.325  27.680  12.042 0.0000000000
66758  53.904  29.135  11.980 0.0000000000
66763  54.214  29.776  11.997 0.0000000000
66764  53.604  29.476  11.224 0.0000000000
66772  52.210  29.764  10.384 0.0000000000
66212  51.525  29.115  10.231 0.0000000000
90599  50.679  28.780  9.955 0.0000000000
90601  49.901  28.457  9.805 0.0000000000
64248  47.500  25.682  8.723 0.0000000000
64966  47.546  26.397  8.580 0.0000000000
64262  46.071  26.056  8.455 0.0000000000
64958  45.355  26.806  8.991 0.0000000000
64959  44.693  26.803  9.613 0.0000000000
64252  43.828  25.221  9.876 0.0000000000
72022  54.628  39.797  16.665 0.0000000000
68545  45.394  30.860  18.675 0.0000000000
67332  45.903  29.698  16.896 0.0000000000
73521  54.426  41.942  23.946 0.0000000000
71969  55.404  39.317  23.981 0.0000000000
70534  56.113  36.563  27.070 0.0000000000
70046  56.513  35.710  26.027 0.0000000000
69552  56.933  34.409  24.707 0.0000000000
69046  57.042  33.428  23.502 0.0000000000
68460  57.268  32.520  22.415 0.0000000000
67959  49.874  31.494  12.346 0.0000000000
67960  49.199  31.486  11.995 0.0000000000
67969  48.694  31.480  11.373 0.0000000000
67978  48.280  31.385  10.464 0.0000000000
67988  47.902  31.023  9.792 0.0000000000
71089  54.694  37.568  19.471 0.0000000000
70112  55.163  35.164  17.464 0.0000000000
65591  51.238  27.547  14.534 0.0000000000
65590  52.291  28.035  14.379 0.0000000000
64918  51.573  26.854  14.196 0.0000000000
64927  52.202  26.784  13.251 0.0000000000
64224  51.107  26.116  13.701 0.0000000000
64223  51.717  26.178  13.239 0.0000000000
64941  52.001  26.572  11.741 0.0000000000
65615  51.906  26.727  11.333 0.0000000000
64948  51.201  27.508  9.737 0.0000000000
64963  50.916  26.248  9.810 0.0000000000
64964  50.445  25.890  9.048 0.0000000000
64965  49.832  25.433  8.675 0.0000000000
63552  49.839  24.474  10.380 0.0000000000
63555  46.880  24.726  9.357 0.0000000000
62815  45.195  23.381  10.554 0.0000000000
62803  45.963  23.187  11.380 0.0000000000
73508  53.263  41.658  28.217 0.0000000000
72914  53.557  41.146  28.282 0.0000000000
71948  54.340  39.434  27.743 0.0000000000
71943  54.456  39.009  27.862 0.0000000000
68567  53.005  32.810  13.965 0.0000000000
67909  56.029  31.347  16.912 0.0000000000
66175  53.534  30.215  15.966 0.0000000000
66726  52.135  29.726  15.825 0.0000000000
66728  51.276  29.216  15.491 0.0000000000
66167  50.581  28.655  15.562 0.0000000000
64874  49.709  27.764  20.334 0.0000000000
64884  49.776  28.220  19.220 0.0000000000
65580  50.499  27.911  15.201 0.0000000000
65581  49.793  27.459  15.557 0.0000000000
63513  48.268  24.454  14.012 0.0000000000
63501  47.358  24.318  15.272 0.0000000000
72956  55.591  40.640  20.108 0.0000000000
72460  55.573  40.000  19.884 0.0000000000
71995  55.324  39.353  20.247 0.0000000000
72945  55.447  41.447  22.234 0.0000000000
72944  55.697  40.699  21.858 0.0000000000
71084  54.771  37.358  20.297 0.0000000000
69586  56.083  34.021  19.621 0.0000000000
71963  55.565  38.814  24.318 0.0000000000
69578  56.182  34.549  20.327 0.0000000000
69089  56.030  32.709  18.810 0.0000000000
67901  56.533  31.045  17.645 0.0000000000
66724  56.151  29.985  17.375 0.0000000000
67301  56.635  30.322  17.740 0.0000000000
65566  54.138  29.503  17.907 0.0000000000
66145  52.686  29.304  18.958 0.0000000000
65532  51.999  28.767  20.414 0.0000000000
68478  57.716  31.352  20.874 0.0000000000
67892  57.276  30.148  19.247 0.0000000000
66707  57.300  29.265  19.214 0.0000000000
66708  56.952  29.035  18.570 0.0000000000
66152  56.327  28.682  18.449 0.0000000000
65541  53.675  29.000  19.659 0.0000000000
64872  52.101  28.406  21.110 0.0000000000
72912  53.249  41.342  29.468 0.0000000000
72891  52.538  41.719  32.573 0.0000000000
72890  53.004  41.152  32.322 0.0000000000
72398  53.197  40.400  31.881 0.0000000000
70126  50.743  35.412  16.673 0.0000000000
70113  50.604  35.406  17.981 0.0000000000
68531  47.991  31.521  18.682 0.0000000000
68573  48.444  30.927  12.721 0.0000000000
67951  48.102  30.674  13.732 0.0000000000
66747  46.330  28.864  15.130 0.0000000000
66754  45.875  28.818  13.302 0.0000000000
72475  54.898  40.308  17.517 0.0000000000
71095  54.715  38.054  18.886 0.0000000000
71096  54.575  37.883  18.377 0.0000000000
71562  54.599  38.222  17.993 0.0000000000
70598  54.386  37.043  17.560 0.0000000000
68529  56.027  32.185  16.845 0.0000000000
67919  55.684  31.709  16.400 0.0000000000
68538  55.372  32.193  16.375 0.0000000000
67920  55.038  31.508  15.970 0.0000000000
67928  54.608  31.448  15.214 0.0000000000
65600  53.306  28.148  14.000 0.0000000000
67929  54.253  31.470  14.463 0.0000000000
67944  53.868  31.283  13.836 0.0000000000
67965  51.885  31.306  11.731 0.0000000000
67363  51.815  30.456  10.619 0.0000000000
67364  51.213  30.811  10.395 0.0000000000
67373  49.774  30.810  9.602 0.0000000000
67374  48.937  30.643  9.289 0.0000000000
67385  47.684  30.225  8.964 0.0000000000
90597  49.935  28.022  9.457 0.0000000000
66220  49.150  28.539  9.394 0.0000000000
64957  47.625  26.815  8.859 0.0000000000
65637  48.464  28.017  8.994 0.0000000000
66230  48.255  28.782  8.834 0.0000000000
66795  47.012  29.816  8.838 0.0000000000
66785  46.846  29.997  9.212 0.0000000000
66787  45.727  29.347  9.624 0.0000000000
66215  44.801  28.446  10.171 0.0000000000
66206  44.691  28.262  10.950 0.0000000000
63522  48.256  23.760  13.777 0.0000000000
62776  48.017  23.140  13.534 0.0000000000
62787  48.802  23.752  12.257 0.0000000000
62804  45.357  22.970  11.229 0.0000000000
62812  48.370  24.125  10.791 0.0000000000
62820  46.223  24.379  9.638 0.0000000000
63564  50.262  24.539  9.515 0.0000000000
63565  49.959  24.468  8.940 0.0000000000
64213  51.075  26.443  14.127 0.0000000000
64259  49.668  24.847  8.738 0.0000000000
64260  47.214  26.236  8.383 0.0000000000
64261  46.699  26.158  8.372 0.0000000000
64902  49.547  27.885  16.470 0.0000000000
64935  51.407  25.761  12.175 0.0000000000
64953  51.046  27.685  9.620 0.0000000000
65542  52.609  29.093  19.591 0.0000000000
65552  56.079  28.380  19.162 0.0000000000
65555  53.388  29.421  18.648 0.0000000000
65592  50.729  27.360  14.648 0.0000000000
65623  51.654  26.622  11.146 0.0000000000
65630  48.075  27.335  9.052 0.0000000000
65640  45.972  27.955  8.570 0.0000000000
66153  55.714  28.886  17.751 0.0000000000
66154  52.835  29.411  18.789 0.0000000000
66155  52.605  29.369  18.734 0.0000000000
66178  51.005  28.929  15.095 0.0000000000
66179  50.619  28.530  15.243 0.0000000000
66187  52.377  28.564  14.601 0.0000000000
66213  49.692  28.974  10.062 0.0000000000
66214  45.144  28.887  10.549 0.0000000000
66221  45.881  29.240  9.074 0.0000000000
66223  44.757  28.277  9.801 0.0000000000
66706  57.419  29.403  19.725 0.0000000000
66715  57.082  29.538  18.567 0.0000000000
66727  51.629  29.396  15.719 0.0000000000
66738  51.533  29.222  15.250 0.0000000000
66739  51.257  29.171  15.267 0.0000000000
66740  46.130  28.783  15.479 0.0000000000
66782  50.031  30.272  9.721 0.0000000000
66786  46.281  29.715  9.423 0.0000000000
66793  48.791  30.078  8.832 0.0000000000
66796  46.475  29.544  8.879 0.0000000000
67286  57.428  29.694  19.888 0.0000000000
67292  57.310  29.772  19.455 0.0000000000
67293  57.196  29.901  18.964 0.0000000000
67375  48.118  30.715  9.274 0.0000000000
67377  46.733  30.142  9.686 0.0000000000
67384  48.326  30.324  8.899 0.0000000000
67386  47.329  30.156  9.047 0.0000000000
67883  57.426  30.272  19.675 0.0000000000
67884  57.519  30.955  19.482 0.0000000000
67900  57.059  30.754  18.204 0.0000000000
67902  49.010  32.055  18.043 0.0000000000
67911  49.034  31.911  17.744 0.0000000000
67977  49.077  31.449  10.468 0.0000000000
67987  48.614  31.154  9.777 0.0000000000
67989  47.611  30.855  9.838 0.0000000000
68480  56.656  32.291  20.092 0.0000000000
68504  56.642  31.701  18.780 0.0000000000
68506  48.962  32.586  18.827 0.0000000000
68518  49.251  32.377  18.266 0.0000000000
68578  48.691  31.337  12.301 0.0000000000
70049  56.636  35.596  25.527 0.0000000000
72014  54.867  39.723  17.178 0.0000000000
90590  50.827  25.486  12.391 0.0000000000
90593  50.967  26.028  11.148 0.0000000000
90595  50.966  27.481  9.624 0.0000000000
90598  50.859  27.980  9.623 0.0000000000
90600  50.237  28.317  9.723 0.0000000000
