#!ascii label  , from subject TEMPLATE vox2ras=TkReg
776
39670  29.292  -6.676  62.884 0.0000000000
46739  31.262  3.002  57.604 0.0000000000
52859  48.348  9.909  51.336 0.0000000000
47510  39.756  3.120  56.414 0.0000000000
46716  35.535  2.530  60.609 0.0000000000
58817  53.660  17.709  39.964 0.0000000000
52037  46.243  9.505  53.016 0.0000000000
49776  44.694  6.379  53.138 0.0000000000
35880  26.483  -11.261  64.392 0.0000000000
89919  27.819  -3.053  57.559 0.0000000000
42120  31.371  -2.838  57.636 0.0000000000
39687  29.441  -7.959  58.751 0.0000000000
55207  51.241  13.700  46.473 0.0000000000
42905  28.019  -2.907  62.890 0.0000000000
38822  25.561  -7.263  65.594 0.0000000000
55196  49.846  13.485  49.619 0.0000000000
35873  22.561  -10.807  65.126 0.0000000000
32985  19.561  -16.365  66.034 0.0000000000
49769  41.444  5.922  55.923 0.0000000000
46731  38.336  2.400  58.613 0.0000000000
43693  37.061  -1.565  58.100 0.0000000000
42916  34.215  -2.291  59.771 0.0000000000
52014  44.898  10.106  54.642 0.0000000000
51260  45.358  8.296  53.058 0.0000000000
51254  43.852  8.166  54.315 0.0000000000
53642  45.412  11.483  53.998 0.0000000000
36534  29.078  -10.188  62.810 0.0000000000
89854  28.312  -11.294  64.083 0.0000000000
37255  27.849  -9.361  63.883 0.0000000000
42099  29.032  -4.732  60.531 0.0000000000
89935  28.273  -5.400  57.300 0.0000000000
39677  29.774  -7.321  61.185 0.0000000000
37261  29.746  -9.163  61.109 0.0000000000
52861  49.073  10.368  50.152 0.0000000000
53663  48.346  11.394  51.881 0.0000000000
53667  49.125  11.070  50.780 0.0000000000
54426  49.500  12.082  49.005 0.0000000000
39637  24.113  -6.206  66.610 0.0000000000
38029  24.455  -8.240  65.733 0.0000000000
38810  23.042  -7.295  67.128 0.0000000000
34143  16.642  -14.514  66.555 0.0000000000
34156  18.233  -14.191  64.809 0.0000000000
32380  17.898  -17.725  67.705 0.0000000000
30701  16.126  -20.478  67.437 0.0000000000
30156  13.928  -20.853  67.685 0.0000000000
47463  37.533  4.493  60.159 0.0000000000
47488  36.816  3.049  59.809 0.0000000000
45988  37.624  0.979  58.829 0.0000000000
45238  36.007  0.131  59.427 0.0000000000
40544  32.600  -5.110  57.021 0.0000000000
42108  32.587  -3.335  59.240 0.0000000000
41326  33.251  -4.950  58.281 0.0000000000
41311  34.997  -3.659  59.264 0.0000000000
48224  40.544  4.345  55.930 0.0000000000
48235  41.958  4.476  53.653 0.0000000000
46749  41.491  2.606  54.695 0.0000000000
59557  54.931  19.415  36.652 0.0000000000
58822  54.719  18.351  38.199 0.0000000000
52046  47.434  9.735  52.078 0.0000000000
50511  46.598  7.665  52.339 0.0000000000
53657  46.909  11.925  52.943 0.0000000000
89970  28.369  -0.943  56.111 0.0000000000
43695  30.076  -0.402  57.535 0.0000000000
42943  29.936  -2.586  55.733 0.0000000000
39726  31.392  -5.155  54.550 0.0000000000
38888  31.049  -7.686  56.517 0.0000000000
56649  51.505  15.602  46.532 0.0000000000
56652  52.111  15.542  45.221 0.0000000000
56658  52.981  15.364  43.483 0.0000000000
56664  53.837  15.406  41.314 0.0000000000
41299  28.465  -4.829  63.247 0.0000000000
38845  27.224  -7.536  64.723 0.0000000000
40514  26.933  -5.407  64.564 0.0000000000
89984  28.123  -2.554  59.658 0.0000000000
55200  51.011  13.932  48.029 0.0000000000
37247  26.192  -9.234  64.709 0.0000000000
35882  24.445  -10.961  64.353 0.0000000000
34732  22.628  -13.225  63.543 0.0000000000
36513  20.841  -10.549  66.277 0.0000000000
34724  20.012  -13.423  63.601 0.0000000000
28504  10.165  -23.573  68.789 0.0000000000
51248  42.529  8.283  55.423 0.0000000000
48211  39.724  4.760  57.604 0.0000000000
48207  38.932  4.628  58.843 0.0000000000
47494  39.073  3.270  57.823 0.0000000000
45996  38.745  0.857  57.890 0.0000000000
44480  38.118  -0.776  57.343 0.0000000000
42921  37.845  -2.868  57.812 0.0000000000
89999  31.303  0.136  59.681 0.0000000000
44465  33.409  -0.258  60.050 0.0000000000
45240  34.472  0.121  60.081 0.0000000000
43687  35.568  -1.472  59.233 0.0000000000
42117  36.447  -3.278  58.502 0.0000000000
49772  42.860  6.404  54.141 0.0000000000
48242  43.987  4.701  53.714 0.0000000000
52015  44.294  9.449  55.093 0.0000000000
52024  44.545  8.907  54.567 0.0000000000
51247  43.442  8.453  54.873 0.0000000000
52829  44.568  10.645  55.096 0.0000000000
38036  28.910  -8.580  63.245 0.0000000000
37254  28.438  -9.474  63.453 0.0000000000
38031  28.319  -8.611  63.629 0.0000000000
40522  29.444  -5.827  61.874 0.0000000000
40526  29.479  -5.869  60.918 0.0000000000
39675  29.820  -6.905  62.134 0.0000000000
38855  29.644  -7.971  62.058 0.0000000000
52049  48.809  9.804  50.344 0.0000000000
52853  48.147  10.402  51.860 0.0000000000
53662  48.795  10.985  51.533 0.0000000000
52857  48.690  10.904  51.563 0.0000000000
32959  16.320  -16.409  67.354 0.0000000000
33580  17.566  -15.898  66.807 0.0000000000
31828  16.685  -18.211  67.545 0.0000000000
31251  17.116  -19.111  67.652 0.0000000000
31252  16.041  -19.297  67.433 0.0000000000
30702  15.248  -20.647  67.277 0.0000000000
47477  36.592  3.566  60.456 0.0000000000
46715  36.218  2.782  60.252 0.0000000000
45981  36.523  1.089  59.901 0.0000000000
45971  36.004  1.825  60.270 0.0000000000
46728  31.438  2.792  58.841 0.0000000000
39709  32.844  -6.756  56.688 0.0000000000
41327  32.416  -4.750  57.804 0.0000000000
39700  33.486  -6.680  57.444 0.0000000000
40542  33.854  -5.691  57.993 0.0000000000
47509  40.156  3.321  55.739 0.0000000000
47513  40.678  3.453  55.089 0.0000000000
58089  53.594  17.426  41.384 0.0000000000
58813  53.722  18.334  40.532 0.0000000000
58812  53.937  18.737  39.904 0.0000000000
59539  54.340  19.192  38.930 0.0000000000
58816  54.044  18.198  39.434 0.0000000000
52848  46.514  10.139  53.134 0.0000000000
51268  46.685  8.663  52.372 0.0000000000
51269  46.049  8.422  52.704 0.0000000000
50506  45.020  7.313  53.030 0.0000000000
50512  45.809  7.460  52.688 0.0000000000
53641  45.942  11.197  53.771 0.0000000000
52840  46.660  10.931  53.212 0.0000000000
52847  46.900  10.412  52.825 0.0000000000
89848  27.081  -11.946  64.065 0.0000000000
89849  25.651  -12.513  63.414 0.0000000000
89947  28.071  -1.864  56.191 0.0000000000
89972  29.362  -1.641  56.626 0.0000000000
42944  28.938  -2.224  56.029 0.0000000000
39703  28.333  -6.503  57.638 0.0000000000
89924  29.851  -4.835  53.545 0.0000000000
39720  29.547  -6.678  56.092 0.0000000000
39719  30.660  -6.556  55.754 0.0000000000
89872  29.849  -8.190  57.145 0.0000000000
38859  30.535  -8.888  59.741 0.0000000000
45263  39.566  0.066  56.577 0.0000000000
55936  51.493  14.623  46.039 0.0000000000
56648  51.853  15.402  45.869 0.0000000000
55935  51.686  14.957  45.366 0.0000000000
55944  52.727  14.480  44.197 0.0000000000
55943  53.006  14.447  43.739 0.0000000000
56661  53.414  15.463  42.519 0.0000000000
42094  28.031  -3.651  63.124 0.0000000000
41294  27.639  -4.598  64.115 0.0000000000
42090  27.677  -3.771  63.802 0.0000000000
43673  28.439  -2.467  62.047 0.0000000000
42096  28.498  -3.884  61.586 0.0000000000
55928  50.679  14.533  48.125 0.0000000000
55201  50.652  13.403  48.568 0.0000000000
54425  49.930  12.173  48.177 0.0000000000
38835  26.473  -7.348  65.253 0.0000000000
38026  26.874  -8.009  64.903 0.0000000000
38836  25.725  -7.524  65.468 0.0000000000
37240  23.806  -9.062  66.010 0.0000000000
36519  24.569  -10.008  65.073 0.0000000000
35883  23.388  -10.932  64.574 0.0000000000
35290  23.143  -11.873  64.014 0.0000000000
35291  22.235  -12.032  63.892 0.0000000000
36506  19.970  -10.474  66.748 0.0000000000
33586  18.947  -15.767  65.691 0.0000000000
34718  19.099  -13.644  63.984 0.0000000000
33594  19.917  -15.664  65.389 0.0000000000
34153  20.979  -14.733  64.410 0.0000000000
48983  40.160  5.120  57.270 0.0000000000
47475  37.784  3.971  59.599 0.0000000000
47462  37.974  4.562  59.590 0.0000000000
47485  38.748  3.831  58.596 0.0000000000
46730  38.815  2.551  58.060 0.0000000000
45995  39.166  1.264  57.465 0.0000000000
45986  38.793  1.771  58.004 0.0000000000
44475  37.066  -0.820  58.116 0.0000000000
45253  37.734  -0.261  57.818 0.0000000000
43702  37.642  -1.562  57.666 0.0000000000
42934  37.695  -2.269  57.772 0.0000000000
42922  37.109  -2.364  58.165 0.0000000000
42925  30.585  -1.710  57.539 0.0000000000
43691  31.122  -0.813  59.307 0.0000000000
42919  31.117  -1.815  58.406 0.0000000000
42917  33.078  -2.248  59.643 0.0000000000
43690  32.424  -1.247  59.782 0.0000000000
43689  33.583  -1.076  59.695 0.0000000000
44464  34.022  -0.162  60.058 0.0000000000
44471  34.420  -0.503  59.721 0.0000000000
44470  35.277  -0.655  59.370 0.0000000000
43688  34.722  -1.412  59.506 0.0000000000
40540  36.030  -5.335  58.433 0.0000000000
41324  35.426  -4.091  58.720 0.0000000000
50494  41.807  7.578  55.723 0.0000000000
50499  42.260  7.280  55.045 0.0000000000
49773  42.282  6.412  54.645 0.0000000000
47517  42.734  3.720  53.604 0.0000000000
48234  42.748  4.810  53.767 0.0000000000
60311  55.488  19.946  36.181 0.0000000000
52030  45.622  9.886  53.748 0.0000000000
52031  45.515  9.078  53.469 0.0000000000
51252  45.018  8.616  53.654 0.0000000000
51253  44.409  8.383  54.027 0.0000000000
50507  44.194  7.331  53.559 0.0000000000
53643  44.969  11.664  54.215 0.0000000000
52827  45.175  10.501  54.302 0.0000000000
36527  28.578  -10.321  63.582 0.0000000000
36528  27.551  -10.265  64.061 0.0000000000
42103  28.541  -4.177  59.376 0.0000000000
89945  28.365  -3.550  56.336 0.0000000000
42110  28.603  -4.704  58.966 0.0000000000
40529  29.494  -6.064  59.948 0.0000000000
40528  29.486  -7.028  59.549 0.0000000000
38857  29.772  -8.305  60.703 0.0000000000
38854  29.764  -7.718  61.529 0.0000000000
37258  29.132  -9.517  62.296 0.0000000000
54431  51.199  12.884  45.927 0.0000000000
42902  27.149  -2.814  64.283 0.0000000000
54420  48.699  12.634  50.953 0.0000000000
54419  49.281  12.065  50.781 0.0000000000
54418  49.680  12.706  49.996 0.0000000000
54422  49.920  12.600  49.224 0.0000000000
54423  49.485  11.841  49.798 0.0000000000
53669  49.291  11.005  49.773 0.0000000000
38806  24.650  -6.714  65.858 0.0000000000
38018  24.869  -7.585  65.643 0.0000000000
38824  24.325  -7.398  66.118 0.0000000000
38825  23.780  -7.645  66.418 0.0000000000
37241  22.926  -8.897  66.570 0.0000000000
35277  18.264  -12.492  65.395 0.0000000000
34150  17.303  -14.558  66.122 0.0000000000
32987  18.278  -16.311  66.892 0.0000000000
32407  19.223  -17.182  67.124 0.0000000000
31249  18.479  -18.942  67.668 0.0000000000
47476  37.125  3.832  59.971 0.0000000000
46724  37.855  2.669  59.176 0.0000000000
46732  37.806  1.885  59.050 0.0000000000
45980  37.229  1.479  59.486 0.0000000000
45237  36.909  0.573  59.161 0.0000000000
45246  36.607  -0.255  58.723 0.0000000000
41328  31.769  -4.056  57.573 0.0000000000
42109  31.767  -2.815  58.678 0.0000000000
42119  31.936  -3.802  58.425 0.0000000000
41314  32.663  -4.311  58.690 0.0000000000
42107  33.733  -3.299  59.692 0.0000000000
42106  34.728  -3.224  59.663 0.0000000000
41325  34.223  -4.692  58.553 0.0000000000
40541  34.858  -5.499  58.372 0.0000000000
48986  41.068  5.366  56.212 0.0000000000
48991  41.479  5.453  55.401 0.0000000000
48223  41.126  4.783  55.439 0.0000000000
47512  41.125  3.636  54.457 0.0000000000
59542  54.533  19.499  38.005 0.0000000000
52045  48.026  9.459  51.464 0.0000000000
51276  47.509  8.688  51.598 0.0000000000
49782  46.275  6.815  52.260 0.0000000000
54403  45.983  12.082  53.418 0.0000000000
54410  46.207  12.555  52.932 0.0000000000
54409  47.201  12.540  52.288 0.0000000000
53656  47.406  11.504  52.539 0.0000000000
52854  47.545  10.656  52.303 0.0000000000
89977  29.302  1.351  56.025 0.0000000000
89980  30.125  0.814  57.342 0.0000000000
89998  29.497  -0.650  56.914 0.0000000000
42926  29.605  -1.344  56.837 0.0000000000
42130  31.067  -2.743  56.430 0.0000000000
89936  29.435  -3.421  54.099 0.0000000000
89939  30.493  -3.379  54.320 0.0000000000
41346  31.377  -3.680  55.715 0.0000000000
41345  31.957  -4.422  55.991 0.0000000000
39710  31.920  -6.694  56.057 0.0000000000
38884  32.230  -7.501  56.637 0.0000000000
57363  52.241  16.405  44.920 0.0000000000
55939  52.155  14.568  44.770 0.0000000000
56656  52.530  15.497  44.287 0.0000000000
57370  52.960  16.696  43.760 0.0000000000
57369  53.258  16.609  43.156 0.0000000000
57372  53.575  16.494  41.990 0.0000000000
57375  53.799  16.488  41.053 0.0000000000
57378  53.874  16.478  40.318 0.0000000000
40518  29.077  -5.848  62.853 0.0000000000
39671  28.647  -6.629  63.470 0.0000000000
40513  28.004  -5.633  64.035 0.0000000000
39664  27.180  -6.517  64.780 0.0000000000
40505  26.027  -5.902  64.876 0.0000000000
42087  26.145  -3.808  64.813 0.0000000000
39648  25.089  -6.325  65.425 0.0000000000
39636  24.457  -6.257  65.879 0.0000000000
45998  29.551  2.649  56.160 0.0000000000
89961  27.262  -1.528  56.078 0.0000000000
89958  27.509  -1.786  56.495 0.0000000000
89997  27.380  -2.060  58.501 0.0000000000
89985  27.717  -2.955  58.595 0.0000000000
42911  28.320  -3.532  59.554 0.0000000000
41303  28.540  -4.577  62.067 0.0000000000
56645  50.717  15.458  47.601 0.0000000000
55931  51.201  14.670  47.095 0.0000000000
55204  51.063  13.468  47.468 0.0000000000
55205  50.633  12.797  47.854 0.0000000000
54428  50.981  12.920  46.629 0.0000000000
38032  27.391  -8.345  64.290 0.0000000000
37256  26.910  -9.150  64.423 0.0000000000
36530  25.983  -10.630  64.588 0.0000000000
38028  24.948  -8.109  65.486 0.0000000000
36518  25.425  -9.964  64.726 0.0000000000
35881  25.468  -11.046  64.534 0.0000000000
35297  24.792  -12.467  63.394 0.0000000000
34731  23.470  -13.306  63.338 0.0000000000
37234  22.162  -8.962  66.913 0.0000000000
35874  21.599  -10.959  65.230 0.0000000000
35875  20.404  -11.409  64.587 0.0000000000
35885  21.462  -11.507  64.157 0.0000000000
34723  21.226  -13.243  63.607 0.0000000000
29596  12.534  -22.546  69.115 0.0000000000
52016  43.001  9.452  55.762 0.0000000000
49766  41.155  6.498  56.349 0.0000000000
48987  40.548  5.005  56.762 0.0000000000
48218  40.068  4.527  56.854 0.0000000000
48219  39.558  3.862  57.159 0.0000000000
48212  39.222  4.290  58.069 0.0000000000
47503  39.412  2.939  57.033 0.0000000000
46738  39.253  2.166  57.388 0.0000000000
45251  39.147  0.441  57.196 0.0000000000
44479  39.043  -0.594  56.868 0.0000000000
45244  38.068  0.489  58.208 0.0000000000
45252  38.468  0.034  57.527 0.0000000000
43701  38.564  -1.573  57.110 0.0000000000
42933  38.206  -2.315  57.464 0.0000000000
42129  38.595  -3.117  57.507 0.0000000000
46717  34.766  2.319  60.803 0.0000000000
45241  30.768  0.858  58.605 0.0000000000
90000  31.375  0.782  59.620 0.0000000000
45233  32.408  0.844  60.188 0.0000000000
42918  31.939  -2.111  59.331 0.0000000000
44466  32.619  0.056  60.128 0.0000000000
45232  33.112  0.631  60.355 0.0000000000
45974  33.544  1.396  60.528 0.0000000000
45973  34.370  1.467  60.518 0.0000000000
45972  35.205  1.611  60.482 0.0000000000
45239  35.125  0.083  59.892 0.0000000000
44469  36.057  -0.872  58.953 0.0000000000
43686  36.045  -1.467  58.987 0.0000000000
42105  35.312  -3.326  59.315 0.0000000000
42924  35.888  -2.479  59.119 0.0000000000
42923  36.277  -2.443  58.723 0.0000000000
42116  37.347  -3.484  58.165 0.0000000000
50498  42.813  7.737  54.736 0.0000000000
50503  43.376  7.393  54.094 0.0000000000
49778  43.438  6.334  53.802 0.0000000000
48995  42.484  5.637  54.203 0.0000000000
48994  43.138  5.596  53.992 0.0000000000
48999  44.420  5.507  53.422 0.0000000000
58095  53.975  17.056  39.732 0.0000000000
38851  29.350  -7.426  62.830 0.0000000000
38852  28.842  -7.871  63.403 0.0000000000
52050  48.458  9.442  50.791 0.0000000000
52852  48.698  10.673  51.806 0.0000000000
52858  48.682  10.392  51.107 0.0000000000
31829  15.606  -17.884  67.313 0.0000000000
32382  16.384  -17.032  67.498 0.0000000000
31268  15.190  -19.815  67.048 0.0000000000
47490  30.830  3.590  59.051 0.0000000000
45982  31.467  2.509  58.193 0.0000000000
40543  33.003  -5.703  57.205 0.0000000000
48998  45.067  5.493  52.782 0.0000000000
52841  46.284  10.525  53.458 0.0000000000
35287  26.350  -12.220  63.741 0.0000000000
89842  25.907  -12.817  63.225 0.0000000000
89946  27.933  -2.490  56.767 0.0000000000
39702  28.912  -7.003  58.031 0.0000000000
39712  28.450  -6.959  57.064 0.0000000000
38885  29.361  -7.708  57.294 0.0000000000
38889  29.963  -7.310  56.499 0.0000000000
38063  29.419  -8.007  57.963 0.0000000000
38068  29.857  -8.458  57.649 0.0000000000
89877  29.942  -8.616  59.310 0.0000000000
44490  39.565  -0.466  56.561 0.0000000000
55946  52.998  14.482  42.953 0.0000000000
42901  27.632  -2.887  63.585 0.0000000000
42904  28.324  -3.046  62.122 0.0000000000
55923  50.215  14.623  49.010 0.0000000000
39658  25.992  -6.571  65.150 0.0000000000
35872  23.072  -10.554  65.191 0.0000000000
36520  23.627  -10.096  65.409 0.0000000000
35884  22.386  -11.315  64.456 0.0000000000
35856  19.278  -11.143  66.680 0.0000000000
33585  19.499  -15.923  65.734 0.0000000000
33595  19.175  -15.316  65.279 0.0000000000
47486  38.202  3.359  59.061 0.0000000000
47495  38.630  3.100  58.439 0.0000000000
49765  41.534  6.952  55.945 0.0000000000
49768  41.779  6.448  55.507 0.0000000000
52022  45.169  10.156  54.217 0.0000000000
52023  44.973  9.316  54.214 0.0000000000
51246  44.124  8.651  54.617 0.0000000000
50502  43.934  7.844  53.971 0.0000000000
54400  44.574  12.266  54.089 0.0000000000
52828  45.085  10.757  54.535 0.0000000000
52013  45.044  10.370  54.439 0.0000000000
42102  29.055  -4.623  59.853 0.0000000000
39678  29.762  -6.494  61.365 0.0000000000
40532  29.182  -6.380  58.899 0.0000000000
40525  29.605  -6.768  60.541 0.0000000000
38035  29.278  -8.562  62.558 0.0000000000
38039  29.515  -8.603  61.825 0.0000000000
53655  47.934  11.801  52.188 0.0000000000
54414  48.677  11.956  51.406 0.0000000000
38807  24.103  -7.058  66.569 0.0000000000
38809  23.640  -7.091  67.037 0.0000000000
38826  23.297  -7.550  66.776 0.0000000000
38020  23.243  -8.101  66.563 0.0000000000
38021  22.941  -8.340  66.671 0.0000000000
34706  16.687  -13.575  66.299 0.0000000000
34713  17.366  -13.662  65.670 0.0000000000
32395  17.639  -17.006  67.714 0.0000000000
32973  17.833  -16.316  67.172 0.0000000000
32972  18.451  -16.618  67.142 0.0000000000
32394  18.648  -17.362  67.507 0.0000000000
31839  18.792  -18.453  67.637 0.0000000000
31826  18.247  -18.324  67.686 0.0000000000
30686  16.766  -19.867  67.824 0.0000000000
30685  17.556  -19.768  67.879 0.0000000000
30703  14.512  -20.430  67.175 0.0000000000
30155  14.465  -21.470  67.728 0.0000000000
30141  14.018  -22.012  68.314 0.0000000000
47487  37.503  3.245  59.504 0.0000000000
46725  37.340  2.414  59.521 0.0000000000
41339  32.247  -4.552  56.898 0.0000000000
41313  33.467  -4.186  59.078 0.0000000000
46757  41.589  3.223  54.263 0.0000000000
51277  47.090  8.424  52.003 0.0000000000
50516  46.900  8.104  52.136 0.0000000000
52038  45.762  8.854  53.023 0.0000000000
49783  45.428  6.359  52.366 0.0000000000
54399  45.051  11.921  53.920 0.0000000000
54404  45.326  12.405  53.500 0.0000000000
53649  45.831  11.739  53.634 0.0000000000
53648  46.378  11.534  53.347 0.0000000000
54408  47.697  12.157  52.247 0.0000000000
45255  28.685  -0.208  56.278 0.0000000000
89962  29.504  -2.046  56.430 0.0000000000
42131  30.263  -2.204  56.660 0.0000000000
42121  30.708  -2.077  57.002 0.0000000000
42935  30.340  -2.540  56.090 0.0000000000
89917  28.492  -4.240  55.848 0.0000000000
89927  28.798  -3.635  54.978 0.0000000000
39727  30.484  -5.505  54.137 0.0000000000
41362  30.139  -4.077  53.145 0.0000000000
41355  31.113  -3.928  54.529 0.0000000000
41354  31.573  -4.333  55.228 0.0000000000
40558  31.792  -4.963  55.281 0.0000000000
38042  30.380  -8.981  60.473 0.0000000000
37264  30.116  -9.536  60.778 0.0000000000
57353  51.160  16.217  47.101 0.0000000000
57358  52.153  16.259  45.998 0.0000000000
55210  51.986  13.611  44.992 0.0000000000
55940  51.739  14.279  45.345 0.0000000000
56655  52.804  14.918  43.924 0.0000000000
56659  52.822  16.157  43.738 0.0000000000
41298  28.853  -5.266  62.870 0.0000000000
40519  28.611  -5.708  63.466 0.0000000000
40515  26.201  -5.272  64.693 0.0000000000
41289  25.713  -4.367  65.070 0.0000000000
40496  25.254  -5.804  65.270 0.0000000000
40483  24.965  -6.129  65.476 0.0000000000
39635  24.815  -6.271  65.594 0.0000000000
42908  28.540  -3.215  60.806 0.0000000000
42093  28.300  -3.996  62.442 0.0000000000
41302  28.859  -5.239  62.389 0.0000000000
51275  48.116  8.659  50.947 0.0000000000
55932  50.874  14.727  47.612 0.0000000000
55927  50.993  14.264  47.674 0.0000000000
54429  50.396  12.418  47.035 0.0000000000
39663  27.976  -6.546  64.129 0.0000000000
38844  27.976  -7.436  64.107 0.0000000000
38033  26.841  -8.445  64.703 0.0000000000
36529  26.466  -10.168  64.382 0.0000000000
35870  25.059  -10.379  64.705 0.0000000000
35288  25.149  -11.889  63.972 0.0000000000
35289  24.130  -11.797  63.992 0.0000000000
35299  22.908  -12.615  63.675 0.0000000000
35298  23.817  -12.552  63.561 0.0000000000
34179  22.996  -14.018  63.398 0.0000000000
36504  21.580  -9.518  66.831 0.0000000000
36512  21.919  -10.217  66.341 0.0000000000
35863  21.264  -10.740  65.917 0.0000000000
34712  17.860  -13.578  65.099 0.0000000000
34719  18.378  -13.560  64.603 0.0000000000
34725  19.150  -12.998  63.636 0.0000000000
35293  20.131  -12.143  63.490 0.0000000000
35886  20.808  -11.642  63.762 0.0000000000
35292  21.415  -12.306  63.552 0.0000000000
30138  12.404  -21.594  69.138 0.0000000000
29597  11.556  -22.385  69.398 0.0000000000
29066  9.807  -22.850  69.030 0.0000000000
29065  10.831  -23.049  69.153 0.0000000000
50495  41.296  7.323  56.107 0.0000000000
49762  40.472  6.794  57.016 0.0000000000
48982  40.381  5.839  57.111 0.0000000000
47474  38.377  4.218  59.218 0.0000000000
46745  39.765  2.200  56.536 0.0000000000
45987  38.278  1.383  58.482 0.0000000000
44481  37.595  -0.839  57.668 0.0000000000
42115  38.207  -3.702  57.918 0.0000000000
45234  31.823  1.107  59.927 0.0000000000
44467  31.959  0.405  59.871 0.0000000000
43683  32.899  -0.622  59.927 0.0000000000
45231  33.959  0.556  60.261 0.0000000000
45230  34.810  0.758  60.284 0.0000000000
45229  35.664  0.855  60.172 0.0000000000
42914  35.989  -1.975  59.091 0.0000000000
42118  35.842  -3.035  59.052 0.0000000000
50504  42.618  7.089  54.424 0.0000000000
48229  41.378  4.683  54.495 0.0000000000
48990  41.917  5.599  54.728 0.0000000000
48228  42.028  5.089  54.069 0.0000000000
48243  43.327  4.577  53.701 0.0000000000
48233  43.399  5.021  53.858 0.0000000000
49000  43.746  5.559  53.759 0.0000000000
60320  56.373  20.241  35.658 0.0000000000
60326  55.916  20.823  34.682 0.0000000000
57383  54.090  16.418  39.888 0.0000000000
37259  28.865  -9.248  63.059 0.0000000000
36535  28.708  -9.814  63.212 0.0000000000
41306  28.924  -5.035  61.265 0.0000000000
41309  29.303  -5.219  60.347 0.0000000000
39674  29.888  -7.294  61.660 0.0000000000
52851  49.227  10.717  51.943 0.0000000000
53666  48.856  10.908  51.259 0.0000000000
38788  24.105  -6.625  67.817 0.0000000000
38808  23.974  -6.808  66.835 0.0000000000
38789  23.812  -6.719  67.862 0.0000000000
32396  17.041  -16.979  67.715 0.0000000000
32381  17.239  -17.550  67.649 0.0000000000
31827  17.556  -18.340  67.637 0.0000000000
31267  15.669  -20.075  67.292 0.0000000000
46726  36.734  2.108  59.942 0.0000000000
39699  34.160  -6.572  58.237 0.0000000000
58087  53.470  17.549  42.412 0.0000000000
58810  53.560  18.446  41.767 0.0000000000
59535  54.148  19.001  39.587 0.0000000000
52036  46.877  9.469  52.470 0.0000000000
53647  46.902  11.263  53.027 0.0000000000
34729  25.535  -13.190  63.077 0.0000000000
89960  27.968  -1.359  55.915 0.0000000000
89963  28.924  -1.513  56.400 0.0000000000
89948  28.680  -1.790  56.211 0.0000000000
40553  28.306  -5.918  57.267 0.0000000000
89918  28.551  -5.367  56.224 0.0000000000
40559  28.496  -6.083  56.539 0.0000000000
39728  29.452  -5.979  55.312 0.0000000000
39718  31.484  -5.743  55.276 0.0000000000
89876  30.068  -7.933  56.803 0.0000000000
89869  30.763  -8.676  57.213 0.0000000000
89879  30.636  -9.179  58.395 0.0000000000
55214  53.035  13.969  44.057 0.0000000000
41293  28.162  -4.972  63.931 0.0000000000
41300  27.977  -4.191  63.620 0.0000000000
42091  27.035  -3.610  64.357 0.0000000000
43678  28.648  -2.329  61.271 0.0000000000
56640  50.276  15.327  48.382 0.0000000000
38027  26.155  -8.311  65.169 0.0000000000
37239  24.144  -8.806  65.838 0.0000000000
37249  24.595  -9.024  65.540 0.0000000000
37250  24.144  -9.533  65.489 0.0000000000
36532  23.921  -10.560  64.741 0.0000000000
35300  22.140  -12.670  63.642 0.0000000000
36505  20.987  -9.873  66.809 0.0000000000
36514  20.307  -10.979  66.177 0.0000000000
34148  18.794  -15.148  65.249 0.0000000000
34155  18.960  -14.673  64.785 0.0000000000
34717  19.872  -13.986  63.911 0.0000000000
34169  20.259  -14.065  63.964 0.0000000000
34154  20.154  -14.602  64.347 0.0000000000
48976  39.821  5.989  57.888 0.0000000000
48977  39.831  5.448  57.743 0.0000000000
45245  37.283  0.168  58.401 0.0000000000
43682  33.287  -0.656  59.847 0.0000000000
44472  33.849  -0.507  59.852 0.0000000000
42915  35.331  -2.415  59.459 0.0000000000
41323  36.707  -4.310  58.426 0.0000000000
58841  54.928  18.892  36.876 0.0000000000
51261  44.672  8.065  53.324 0.0000000000
49777  44.025  6.310  53.557 0.0000000000
52834  45.349  11.048  54.309 0.0000000000
52833  45.537  10.687  54.081 0.0000000000
89855  27.354  -11.270  64.194 0.0000000000
89914  27.883  -3.148  57.381 0.0000000000
42111  28.087  -3.924  57.811 0.0000000000
42122  28.374  -4.810  58.390 0.0000000000
41330  28.267  -5.264  58.020 0.0000000000
41329  28.660  -5.419  58.674 0.0000000000
40545  28.476  -6.110  58.202 0.0000000000
40531  29.392  -7.133  58.960 0.0000000000
39680  29.628  -7.900  60.040 0.0000000000
38038  29.728  -8.681  61.217 0.0000000000
55211  51.524  13.628  45.644 0.0000000000
43670  27.677  -2.325  63.401 0.0000000000
55186  47.842  13.182  51.216 0.0000000000
55191  49.219  13.141  50.232 0.0000000000
55190  49.654  13.110  49.979 0.0000000000
53672  49.220  11.327  48.853 0.0000000000
39649  25.218  -6.559  65.475 0.0000000000
38823  24.897  -7.244  65.689 0.0000000000
39651  24.000  -7.249  66.621 0.0000000000
38838  24.288  -8.015  65.924 0.0000000000
36510  23.327  -9.476  66.066 0.0000000000
36511  22.897  -9.841  66.216 0.0000000000
35278  17.640  -13.034  65.542 0.0000000000
33587  17.857  -15.727  66.393 0.0000000000
34149  18.087  -14.731  65.380 0.0000000000
32986  18.876  -16.569  66.727 0.0000000000
31250  17.931  -19.103  67.697 0.0000000000
44476  36.554  -0.869  58.581 0.0000000000
41312  34.450  -3.921  59.239 0.0000000000
48230  40.979  4.178  55.087 0.0000000000
47518  41.652  3.729  53.854 0.0000000000
59547  54.621  19.808  37.230 0.0000000000
58828  54.721  19.013  37.313 0.0000000000
58827  55.417  18.728  37.260 0.0000000000
51267  47.121  8.998  52.098 0.0000000000
49781  46.726  7.033  52.217 0.0000000000
53664  47.882  11.169  52.190 0.0000000000
45247  30.240  1.572  57.190 0.0000000000
45990  31.035  2.146  57.748 0.0000000000
42955  29.422  -2.836  55.152 0.0000000000
42136  30.095  -2.748  55.217 0.0000000000
89916  29.271  -4.691  54.323 0.0000000000
89937  29.981  -3.265  54.206 0.0000000000
42135  30.618  -2.984  55.375 0.0000000000
41340  31.619  -3.746  56.741 0.0000000000
40552  32.415  -5.427  56.160 0.0000000000
40551  32.638  -6.178  56.462 0.0000000000
38883  32.882  -7.486  57.148 0.0000000000
58078  52.125  16.998  44.235 0.0000000000
57366  52.588  16.540  44.119 0.0000000000
58084  52.787  17.393  43.736 0.0000000000
58091  53.666  17.233  40.491 0.0000000000
41295  26.422  -4.600  64.600 0.0000000000
40504  25.770  -6.246  65.050 0.0000000000
39657  25.529  -6.373  65.219 0.0000000000
39623  25.082  -6.001  66.524 0.0000000000
47497  30.880  3.623  58.175 0.0000000000
46740  30.837  2.968  57.278 0.0000000000
45254  29.845  1.986  56.543 0.0000000000
89957  27.719  -1.866  56.396 0.0000000000
89921  27.716  -2.892  57.848 0.0000000000
89976  27.876  -3.284  58.989 0.0000000000
42100  28.728  -4.169  60.565 0.0000000000
41307  28.650  -4.404  61.391 0.0000000000
56644  51.185  15.496  47.112 0.0000000000
38017  25.347  -7.738  65.504 0.0000000000
37248  25.552  -9.039  65.074 0.0000000000
36517  25.899  -9.588  64.676 0.0000000000
34730  24.435  -13.258  63.085 0.0000000000
34178  24.016  -14.168  62.931 0.0000000000
38008  22.634  -8.051  66.863 0.0000000000
36522  22.206  -10.625  65.615 0.0000000000
35866  18.926  -12.054  65.855 0.0000000000
35865  19.633  -11.561  65.741 0.0000000000
35864  20.665  -11.037  65.664 0.0000000000
35284  18.592  -12.924  64.508 0.0000000000
35876  19.643  -11.649  64.741 0.0000000000
35301  21.757  -12.734  63.582 0.0000000000
34733  21.924  -13.131  63.569 0.0000000000
34168  20.908  -14.145  64.057 0.0000000000
34722  21.884  -13.545  63.701 0.0000000000
34167  22.069  -14.182  63.904 0.0000000000
30687  13.308  -20.646  67.835 0.0000000000
30142  13.433  -21.578  68.454 0.0000000000
29595  13.092  -22.306  68.783 0.0000000000
29063  12.562  -23.152  68.794 0.0000000000
48225  39.970  3.872  56.396 0.0000000000
48206  39.404  5.190  58.355 0.0000000000
46004  39.599  1.127  56.681 0.0000000000
42932  39.068  -2.488  57.141 0.0000000000
45983  31.368  1.956  58.706 0.0000000000
89992  31.414  1.484  59.463 0.0000000000
45226  31.609  1.727  60.048 0.0000000000
45976  32.126  1.568  60.322 0.0000000000
43684  32.040  -0.385  59.876 0.0000000000
45975  32.776  1.429  60.522 0.0000000000
43694  36.505  -1.545  58.569 0.0000000000
50508  43.709  6.844  53.675 0.0000000000
58094  54.797  17.283  39.032 0.0000000000
30137  12.929  -22.017  68.985 0.0000000000
32975  16.253  -16.115  67.240 0.0000000000
34180  22.303  -13.622  63.629 0.0000000000
34734  21.557  -12.856  63.544 0.0000000000
35282  19.692  -11.687  64.213 0.0000000000
35283  19.079  -12.233  64.400 0.0000000000
35294  19.442  -12.608  63.516 0.0000000000
35871  24.768  -10.545  64.661 0.0000000000
36521  22.726  -10.390  65.678 0.0000000000
36531  24.267  -10.419  64.827 0.0000000000
37233  22.572  -8.630  66.777 0.0000000000
37242  22.491  -9.501  66.559 0.0000000000
37265  29.722  -9.574  61.031 0.0000000000
38007  22.966  -7.785  66.825 0.0000000000
38019  24.036  -8.384  65.999 0.0000000000
38837  24.476  -7.878  65.789 0.0000000000
38878  29.273  -7.642  58.104 0.0000000000
38890  29.081  -7.179  56.526 0.0000000000
39638  24.061  -7.170  66.724 0.0000000000
39639  23.990  -7.085  66.884 0.0000000000
39650  24.148  -7.038  66.425 0.0000000000
39688  29.243  -7.191  58.617 0.0000000000
39701  29.247  -7.448  58.385 0.0000000000
39711  31.234  -6.970  56.150 0.0000000000
39713  28.294  -6.301  57.205 0.0000000000
39721  28.706  -6.451  56.275 0.0000000000
39722  28.372  -6.388  56.774 0.0000000000
40495  25.433  -5.885  65.032 0.0000000000
40546  28.270  -5.930  57.603 0.0000000000
40563  31.520  -4.622  54.630 0.0000000000
40564  31.232  -4.727  53.885 0.0000000000
41315  29.156  -5.347  59.428 0.0000000000
42942  30.362  -2.675  55.744 0.0000000000
45989  31.344  2.547  57.848 0.0000000000
45997  30.247  2.421  56.935 0.0000000000
46727  31.475  2.938  58.267 0.0000000000
46733  31.438  2.861  57.875 0.0000000000
46734  31.237  2.699  57.646 0.0000000000
47489  31.274  3.273  58.469 0.0000000000
47496  31.344  3.229  58.012 0.0000000000
47504  31.348  3.126  57.797 0.0000000000
47505  31.076  3.336  57.666 0.0000000000
51257  50.978  9.570  52.411 0.0000000000
51258  50.577  9.393  52.865 0.0000000000
51259  50.259  9.471  53.125 0.0000000000
51264  50.919  9.776  51.812 0.0000000000
51265  50.500  9.218  52.291 0.0000000000
51266  50.066  9.187  52.954 0.0000000000
51272  50.493  10.059  51.847 0.0000000000
51273  50.105  9.733  51.809 0.0000000000
51274  49.970  9.437  52.460 0.0000000000
52027  51.049  9.779  53.097 0.0000000000
52028  50.485  9.792  53.245 0.0000000000
52029  49.975  9.682  53.359 0.0000000000
52034  50.899  10.106  52.393 0.0000000000
52035  49.717  9.670  52.884 0.0000000000
52042  50.636  10.452  51.889 0.0000000000
52043  49.988  10.195  51.801 0.0000000000
52044  49.653  9.983  52.276 0.0000000000
52837  50.867  10.180  53.217 0.0000000000
52838  50.170  10.384  53.181 0.0000000000
52839  49.695  10.080  53.191 0.0000000000
52844  50.393  10.773  52.523 0.0000000000
52845  50.070  11.126  53.194 0.0000000000
52846  49.534  10.250  52.513 0.0000000000
52850  50.015  10.794  52.038 0.0000000000
53635  45.123  11.279  54.375 0.0000000000
53645  49.773  10.825  53.130 0.0000000000
53646  49.787  10.475  53.258 0.0000000000
53652  49.760  11.142  51.984 0.0000000000
53653  49.625  10.665  52.308 0.0000000000
53654  49.547  10.474  52.912 0.0000000000
53660  49.446  11.027  51.855 0.0000000000
53661  49.150  10.996  51.671 0.0000000000
89850  26.070  -12.627  63.361 0.0000000000
89868  30.294  -8.310  56.984 0.0000000000
89923  29.702  -4.554  53.499 0.0000000000
89925  28.407  -5.951  56.898 0.0000000000
89926  29.068  -4.114  54.312 0.0000000000
89934  29.285  -3.993  54.026 0.0000000000
89938  30.185  -2.947  54.781 0.0000000000
