#!ascii label  , from subject TEMPLATE vox2ras=TkReg
749
40537  39.252  -5.515  58.449 0.0000000000
52885  51.687  10.244  45.382 0.0000000000
46770  46.477  3.088  52.619 0.0000000000
33003  23.077  -16.711  63.112 0.0000000000
38877  33.246  -7.669  58.069 0.0000000000
49007  47.157  6.199  50.782 0.0000000000
89845  29.596  -11.989  63.011 0.0000000000
33000  26.228  -16.280  64.189 0.0000000000
89856  31.593  -11.576  59.633 0.0000000000
52902  54.078  10.693  42.440 0.0000000000
43700  39.596  -1.679  56.728 0.0000000000
44486  42.830  -0.903  55.481 0.0000000000
40549  41.640  -5.474  56.729 0.0000000000
55217  52.777  13.520  43.497 0.0000000000
55958  54.809  14.648  39.612 0.0000000000
52864  49.543  10.341  48.386 0.0000000000
51290  52.500  8.454  48.495 0.0000000000
49806  49.984  6.688  49.515 0.0000000000
46785  49.202  3.181  50.469 0.0000000000
37268  37.421  -10.143  60.020 0.0000000000
30173  20.935  -21.402  65.615 0.0000000000
29610  16.663  -22.295  66.870 0.0000000000
29073  13.046  -23.368  68.347 0.0000000000
40540  36.030  -5.335  58.433 0.0000000000
36551  34.404  -10.864  59.735 0.0000000000
46755  43.354  2.620  54.315 0.0000000000
43719  47.011  -1.508  54.261 0.0000000000
58826  56.521  18.547  37.385 0.0000000000
53687  52.599  10.783  43.854 0.0000000000
52875  53.463  9.569  46.356 0.0000000000
42128  39.513  -3.419  57.434 0.0000000000
42930  41.039  -2.787  56.831 0.0000000000
41319  40.800  -4.895  57.838 0.0000000000
54437  50.933  12.251  45.484 0.0000000000
55210  51.986  13.611  44.992 0.0000000000
53692  52.487  12.093  43.805 0.0000000000
54443  52.676  12.506  42.738 0.0000000000
26305  11.746  -28.042  64.751 0.0000000000
52053  50.124  9.168  49.198 0.0000000000
51280  48.752  8.552  50.418 0.0000000000
48256  45.332  5.324  49.839 0.0000000000
48264  48.300  4.800  50.315 0.0000000000
47537  48.118  3.519  50.936 0.0000000000
46034  47.488  1.541  51.983 0.0000000000
33604  24.784  -15.590  62.728 0.0000000000
31873  25.153  -18.559  63.139 0.0000000000
31863  23.775  -18.397  63.641 0.0000000000
30715  22.767  -20.305  64.839 0.0000000000
31856  21.717  -18.574  64.782 0.0000000000
31265  18.960  -19.320  67.652 0.0000000000
29077  14.919  -23.203  67.119 0.0000000000
39699  34.160  -6.572  58.237 0.0000000000
38054  34.967  -8.472  59.334 0.0000000000
38868  33.560  -8.205  58.907 0.0000000000
34194  30.792  -14.084  61.067 0.0000000000
34742  32.402  -13.675  60.655 0.0000000000
42143  43.952  -3.401  55.353 0.0000000000
43716  45.175  -1.323  55.568 0.0000000000
50514  47.713  7.844  50.952 0.0000000000
49783  45.428  6.359  52.366 0.0000000000
48240  45.148  4.688  52.288 0.0000000000
34172  29.521  -14.467  62.128 0.0000000000
33007  28.292  -16.492  63.412 0.0000000000
89841  27.852  -13.766  62.561 0.0000000000
34175  26.445  -14.103  63.260 0.0000000000
34730  24.435  -13.258  63.085 0.0000000000
89874  32.019  -9.742  58.910 0.0000000000
38041  31.088  -9.435  60.214 0.0000000000
35898  30.197  -11.639  61.589 0.0000000000
46004  39.599  1.127  56.681 0.0000000000
45272  41.339  0.984  55.507 0.0000000000
44488  40.867  -0.596  56.238 0.0000000000
42134  42.118  -3.521  56.251 0.0000000000
57377  54.189  15.981  40.127 0.0000000000
55230  52.629  13.675  40.446 0.0000000000
53707  53.470  12.189  40.132 0.0000000000
52878  50.292  10.695  46.664 0.0000000000
52065  52.642  9.498  47.372 0.0000000000
52059  51.329  9.227  48.372 0.0000000000
50523  51.274  7.525  49.127 0.0000000000
48273  51.182  4.941  49.510 0.0000000000
49797  48.322  7.027  50.502 0.0000000000
48263  49.342  4.686  50.084 0.0000000000
38863  38.409  -7.761  59.352 0.0000000000
38873  40.236  -7.644  58.945 0.0000000000
54429  50.396  12.418  47.035 0.0000000000
33593  21.192  -15.520  64.630 0.0000000000
31279  20.590  -19.513  66.298 0.0000000000
29617  18.814  -22.076  66.112 0.0000000000
28523  17.112  -23.820  65.069 0.0000000000
28519  15.606  -24.369  66.077 0.0000000000
27969  12.917  -25.315  66.166 0.0000000000
27966  11.476  -25.534  67.629 0.0000000000
27403  9.787  -26.277  67.591 0.0000000000
40539  37.160  -5.273  58.614 0.0000000000
38865  36.466  -7.659  59.320 0.0000000000
37269  36.374  -10.015  60.010 0.0000000000
89863  32.884  -10.977  59.173 0.0000000000
46763  45.160  3.003  53.548 0.0000000000
46009  43.479  1.531  55.083 0.0000000000
46016  45.256  1.484  54.666 0.0000000000
46021  47.103  1.582  53.610 0.0000000000
38871  41.730  -7.377  57.635 0.0000000000
58848  57.845  18.785  36.010 0.0000000000
57381  55.730  16.553  39.215 0.0000000000
58098  57.453  17.004  37.950 0.0000000000
53682  52.046  10.589  44.518 0.0000000000
52884  52.902  9.857  45.021 0.0000000000
41338  38.890  -3.804  57.660 0.0000000000
42114  39.991  -3.992  57.762 0.0000000000
41320  39.877  -4.707  58.011 0.0000000000
53683  51.138  11.359  45.086 0.0000000000
53689  51.621  12.026  44.668 0.0000000000
53688  52.112  11.668  44.219 0.0000000000
26306  11.242  -28.447  65.347 0.0000000000
52055  48.864  9.214  50.214 0.0000000000
52050  48.458  9.442  50.791 0.0000000000
47539  46.449  4.215  51.200 0.0000000000
47538  47.313  3.796  51.227 0.0000000000
47530  47.050  3.161  51.815 0.0000000000
46778  47.538  2.492  51.567 0.0000000000
33002  24.297  -16.628  62.628 0.0000000000
32417  23.923  -17.543  63.065 0.0000000000
32418  22.989  -17.729  63.652 0.0000000000
31864  22.807  -18.787  64.161 0.0000000000
32419  22.180  -18.011  64.144 0.0000000000
38876  34.309  -7.387  58.614 0.0000000000
33619  30.234  -15.377  61.902 0.0000000000
46750  40.576  2.529  55.239 0.0000000000
42142  44.877  -3.479  55.078 0.0000000000
49003  45.178  5.471  51.793 0.0000000000
48998  45.067  5.493  52.782 0.0000000000
89852  28.900  -13.209  61.971 0.0000000000
34160  28.679  -14.597  62.530 0.0000000000
89847  28.273  -13.602  62.130 0.0000000000
89840  26.895  -12.773  63.146 0.0000000000
89836  26.304  -12.938  63.132 0.0000000000
34729  25.535  -13.190  63.077 0.0000000000
89879  30.636  -9.179  58.395 0.0000000000
89839  29.807  -10.943  62.257 0.0000000000
36542  30.475  -10.520  61.150 0.0000000000
89837  29.829  -12.193  62.422 0.0000000000
34728  30.024  -13.169  61.689 0.0000000000
45262  40.215  0.302  56.100 0.0000000000
43710  40.362  -1.259  56.512 0.0000000000
42126  41.281  -3.792  57.128 0.0000000000
42929  41.665  -3.280  56.586 0.0000000000
41344  42.291  -4.087  56.126 0.0000000000
41343  42.829  -4.696  55.667 0.0000000000
41333  42.337  -4.986  56.012 0.0000000000
55214  53.035  13.969  44.057 0.0000000000
55950  53.221  14.471  41.001 0.0000000000
55220  52.362  13.588  42.332 0.0000000000
52903  53.255  11.007  42.685 0.0000000000
53700  53.396  11.806  40.921 0.0000000000
53694  54.101  11.093  41.937 0.0000000000
52871  50.159  10.212  47.374 0.0000000000
52067  50.821  9.588  47.721 0.0000000000
52060  50.326  9.586  48.403 0.0000000000
50524  50.375  7.551  49.502 0.0000000000
51284  50.676  8.409  49.299 0.0000000000
49804  51.395  6.457  49.095 0.0000000000
49030  50.410  5.996  49.488 0.0000000000
49786  47.534  6.940  51.078 0.0000000000
49006  47.823  6.333  50.496 0.0000000000
47547  48.854  3.934  50.350 0.0000000000
47546  49.854  3.613  50.212 0.0000000000
48262  50.624  4.411  49.819 0.0000000000
38051  37.788  -8.561  59.459 0.0000000000
38050  38.797  -8.590  59.441 0.0000000000
53672  49.220  11.327  48.853 0.0000000000
53671  49.517  11.100  47.861 0.0000000000
53675  50.042  11.338  47.164 0.0000000000
32999  27.367  -16.175  63.840 0.0000000000
32414  26.852  -17.044  63.840 0.0000000000
30172  21.602  -21.167  65.388 0.0000000000
29623  21.853  -21.805  64.734 0.0000000000
29624  21.022  -21.867  64.976 0.0000000000
29625  20.097  -22.294  64.936 0.0000000000
32994  20.210  -16.988  65.699 0.0000000000
32411  20.861  -17.771  65.197 0.0000000000
31850  20.123  -18.753  66.538 0.0000000000
30152  17.584  -21.372  67.098 0.0000000000
30150  19.082  -20.761  66.994 0.0000000000
29618  17.899  -22.328  66.287 0.0000000000
29627  18.224  -22.670  65.498 0.0000000000
29079  17.489  -23.080  65.811 0.0000000000
28524  16.483  -24.095  65.296 0.0000000000
29081  16.074  -23.613  66.347 0.0000000000
29072  13.805  -23.244  67.911 0.0000000000
28515  14.370  -23.748  67.209 0.0000000000
28517  12.888  -24.573  66.984 0.0000000000
27964  12.062  -25.610  66.414 0.0000000000
27959  11.956  -24.761  67.964 0.0000000000
41323  36.707  -4.310  58.426 0.0000000000
39697  36.573  -6.203  58.783 0.0000000000
39685  37.061  -6.939  59.088 0.0000000000
39686  36.171  -6.963  59.067 0.0000000000
38044  34.494  -9.143  59.658 0.0000000000
37279  35.320  -8.972  59.657 0.0000000000
37270  35.154  -9.742  60.102 0.0000000000
89861  31.773  -10.047  59.236 0.0000000000
38046  32.636  -9.581  59.342 0.0000000000
89860  31.861  -11.565  59.299 0.0000000000
35309  32.630  -13.079  59.982 0.0000000000
52057  53.000  9.185  48.173 0.0000000000
52064  53.577  9.210  47.399 0.0000000000
51289  53.208  8.384  47.976 0.0000000000
47516  43.796  3.346  53.827 0.0000000000
47524  44.394  3.695  53.419 0.0000000000
46754  44.539  2.637  54.090 0.0000000000
45260  42.336  -0.047  55.507 0.0000000000
45271  41.899  0.841  55.386 0.0000000000
45259  43.113  -0.276  55.243 0.0000000000
43715  45.895  -1.354  55.171 0.0000000000
45268  45.202  0.370  55.136 0.0000000000
45276  45.969  0.450  54.776 0.0000000000
46015  46.385  1.503  54.238 0.0000000000
45275  46.728  0.680  54.296 0.0000000000
44508  47.701  -0.157  52.990 0.0000000000
38872  41.153  -7.499  58.181 0.0000000000
58839  56.721  19.028  36.899 0.0000000000
56672  54.523  15.481  39.826 0.0000000000
57382  54.668  16.344  39.645 0.0000000000
56671  55.361  15.565  39.627 0.0000000000
57387  56.737  16.454  38.531 0.0000000000
57393  57.827  16.275  37.608 0.0000000000
35889  29.421  -10.921  62.827 0.0000000000
89846  29.162  -11.563  63.354 0.0000000000
52898  53.283  10.675  43.246 0.0000000000
52897  54.055  10.130  43.404 0.0000000000
52891  54.006  9.824  44.365 0.0000000000
42932  39.068  -2.488  57.141 0.0000000000
43699  40.598  -2.084  56.724 0.0000000000
42127  40.505  -3.611  57.394 0.0000000000
41336  40.974  -4.240  57.620 0.0000000000
41335  41.388  -4.804  57.258 0.0000000000
55940  51.739  14.279  45.345 0.0000000000
54436  51.495  12.669  45.063 0.0000000000
54435  52.115  12.976  44.626 0.0000000000
55218  52.686  13.058  43.929 0.0000000000
53691  52.821  11.582  43.285 0.0000000000
26864  12.256  -27.397  64.351 0.0000000000
52865  49.247  10.385  49.268 0.0000000000
52061  49.660  9.776  48.956 0.0000000000
52054  49.287  9.487  49.672 0.0000000000
51286  49.203  8.780  50.011 0.0000000000
50525  49.630  7.540  49.854 0.0000000000
49021  46.001  5.408  50.344 0.0000000000
49020  46.868  5.494  50.492 0.0000000000
48266  46.571  4.988  50.328 0.0000000000
47548  47.983  4.069  50.671 0.0000000000
46786  48.540  3.466  50.680 0.0000000000
46777  48.580  2.746  51.039 0.0000000000
46033  48.345  1.514  51.440 0.0000000000
33603  25.679  -15.494  63.659 0.0000000000
32415  25.820  -17.184  63.784 0.0000000000
32416  24.923  -17.294  63.193 0.0000000000
31862  24.609  -18.095  63.245 0.0000000000
31292  23.745  -19.414  64.081 0.0000000000
31285  22.363  -19.431  64.809 0.0000000000
31286  21.636  -19.546  65.385 0.0000000000
31838  19.392  -18.319  67.277 0.0000000000
30700  17.124  -20.577  67.695 0.0000000000
30153  16.443  -21.408  67.299 0.0000000000
29076  15.886  -23.043  66.807 0.0000000000
30154  15.465  -21.434  67.373 0.0000000000
29604  14.249  -22.447  67.999 0.0000000000
29605  13.546  -22.557  68.427 0.0000000000
39698  35.338  -6.627  58.618 0.0000000000
38866  35.477  -7.627  59.095 0.0000000000
38875  34.949  -7.414  58.777 0.0000000000
38867  34.552  -7.945  59.030 0.0000000000
37271  34.004  -9.912  59.637 0.0000000000
89834  30.684  -13.327  60.688 0.0000000000
34753  31.680  -12.551  59.474 0.0000000000
34743  31.372  -13.715  60.449 0.0000000000
49810  52.479  6.650  48.467 0.0000000000
46756  42.229  3.009  54.211 0.0000000000
42938  43.812  -2.194  55.728 0.0000000000
44485  43.843  -0.730  55.327 0.0000000000
43717  44.889  -1.952  55.715 0.0000000000
42951  45.723  -1.816  55.287 0.0000000000
58821  55.764  18.017  37.972 0.0000000000
25738  9.369  -29.579  65.688 0.0000000000
50515  47.143  7.688  51.745 0.0000000000
50510  46.944  7.227  52.105 0.0000000000
49788  45.979  6.169  51.599 0.0000000000
49009  45.535  5.548  50.741 0.0000000000
48249  45.397  4.720  51.306 0.0000000000
47532  45.485  4.170  52.028 0.0000000000
33610  29.779  -15.086  62.204 0.0000000000
33006  28.985  -16.136  62.924 0.0000000000
33599  28.822  -15.431  62.941 0.0000000000
33600  28.197  -15.280  63.078 0.0000000000
33601  27.487  -15.304  63.462 0.0000000000
89853  27.879  -12.495  63.148 0.0000000000
34174  27.007  -13.594  62.915 0.0000000000
33602  26.678  -15.340  63.959 0.0000000000
34164  25.391  -14.802  63.080 0.0000000000
34165  24.673  -14.733  62.700 0.0000000000
33613  23.499  -14.751  62.984 0.0000000000
89875  32.280  -8.999  58.726 0.0000000000
89878  32.020  -8.445  57.336 0.0000000000
89862  31.559  -9.652  59.334 0.0000000000
89865  31.257  -10.122  60.179 0.0000000000
38042  30.380  -8.981  60.473 0.0000000000
35897  30.709  -11.301  60.824 0.0000000000
89851  31.055  -11.643  60.248 0.0000000000
34749  30.557  -12.417  60.588 0.0000000000
34185  30.298  -14.479  61.573 0.0000000000
46745  39.765  2.200  56.536 0.0000000000
46012  40.551  1.981  55.527 0.0000000000
46003  40.380  1.379  55.798 0.0000000000
45261  41.240  0.388  55.730 0.0000000000
44487  41.853  -0.808  55.873 0.0000000000
43698  41.031  -2.242  56.699 0.0000000000
42940  42.154  -2.713  56.179 0.0000000000
42939  43.047  -2.429  55.730 0.0000000000
42144  43.451  -3.374  55.548 0.0000000000
41353  43.370  -3.841  55.399 0.0000000000
57374  54.051  15.874  40.715 0.0000000000
56666  54.022  15.327  40.438 0.0000000000
55959  54.029  14.297  39.648 0.0000000000
54447  51.879  12.929  41.258 0.0000000000
54457  53.090  12.883  40.052 0.0000000000
52877  51.036  10.094  46.352 0.0000000000
52876  52.341  9.713  46.206 0.0000000000
52066  51.557  9.484  47.400 0.0000000000
51291  51.975  8.865  48.767 0.0000000000
52052  50.863  9.114  48.996 0.0000000000
51283  51.454  8.535  49.028 0.0000000000
50529  52.017  7.505  48.679 0.0000000000
49811  51.881  6.476  48.714 0.0000000000
49028  51.796  5.344  49.134 0.0000000000
50519  48.371  7.942  50.615 0.0000000000
50518  48.989  7.648  50.326 0.0000000000
49796  49.167  6.737  49.886 0.0000000000
49019  47.670  5.576  50.358 0.0000000000
49018  48.563  5.820  50.012 0.0000000000
49017  49.778  5.642  49.675 0.0000000000
49016  50.527  5.338  49.545 0.0000000000
39695  38.641  -6.240  58.952 0.0000000000
39694  39.656  -6.649  58.770 0.0000000000
39682  39.437  -7.194  59.036 0.0000000000
38049  39.822  -8.552  59.293 0.0000000000
54432  50.685  12.313  46.104 0.0000000000
53678  50.493  11.340  46.145 0.0000000000
34166  22.942  -14.839  63.476 0.0000000000
33607  21.541  -14.789  64.294 0.0000000000
33592  21.757  -16.085  64.197 0.0000000000
32410  21.514  -17.382  64.546 0.0000000000
31857  20.914  -18.860  65.700 0.0000000000
30711  20.888  -20.354  66.204 0.0000000000
31264  19.677  -19.401  67.157 0.0000000000
30712  20.190  -20.349  66.657 0.0000000000
30163  20.435  -21.176  66.160 0.0000000000
29626  19.110  -22.386  65.241 0.0000000000
29098  17.951  -23.590  63.834 0.0000000000
27976  13.703  -25.668  64.618 0.0000000000
29082  15.428  -23.712  66.647 0.0000000000
27968  14.191  -25.027  66.232 0.0000000000
27973  13.147  -25.639  65.063 0.0000000000
27407  12.414  -25.948  65.417 0.0000000000
26853  11.837  -27.302  66.046 0.0000000000
26292  11.241  -27.712  66.693 0.0000000000
27960  11.317  -25.234  68.211 0.0000000000
27402  11.001  -26.061  67.559 0.0000000000
26300  10.219  -28.655  66.760 0.0000000000
42115  38.207  -3.702  57.918 0.0000000000
41322  37.753  -4.428  58.314 0.0000000000
40538  38.218  -5.332  58.597 0.0000000000
39696  37.619  -6.135  58.923 0.0000000000
38864  37.429  -7.708  59.366 0.0000000000
38052  36.796  -8.467  59.485 0.0000000000
38053  35.857  -8.388  59.442 0.0000000000
37278  36.099  -9.185  59.616 0.0000000000
37277  37.106  -9.343  59.603 0.0000000000
38056  33.011  -8.847  59.385 0.0000000000
37272  33.073  -9.980  59.492 0.0000000000
36559  33.454  -11.233  59.342 0.0000000000
35316  32.366  -12.656  59.417 0.0000000000
35315  33.210  -12.558  59.700 0.0000000000
35905  33.793  -11.808  59.774 0.0000000000
52869  52.853  9.619  46.789 0.0000000000
48241  44.793  4.632  53.139 0.0000000000
47523  45.400  3.675  52.737 0.0000000000
47522  46.126  3.283  52.664 0.0000000000
46011  41.191  1.616  55.330 0.0000000000
46010  42.298  1.579  55.129 0.0000000000
46747  43.271  2.148  54.765 0.0000000000
45269  44.146  0.219  55.169 0.0000000000
46008  44.585  1.111  55.061 0.0000000000
46017  44.161  1.991  54.804 0.0000000000
46753  45.701  2.277  54.026 0.0000000000
46752  46.305  2.143  53.911 0.0000000000
46761  47.148  2.198  53.128 0.0000000000
46026  47.395  1.583  52.766 0.0000000000
40536  40.247  -5.657  58.214 0.0000000000
40535  41.001  -5.630  57.588 0.0000000000
39708  41.256  -5.951  57.000 0.0000000000
38882  42.253  -7.428  57.107 0.0000000000
39706  42.520  -6.590  56.254 0.0000000000
60318  57.903  19.916  35.310 0.0000000000
58093  55.491  17.168  38.840 0.0000000000
58100  56.140  17.224  38.580 0.0000000000
57380  56.376  16.223  38.942 0.0000000000
57388  56.270  16.639  38.862 0.0000000000
58820  56.565  17.852  38.081 0.0000000000
58825  57.292  18.079  37.250 0.0000000000
58837  57.971  18.163  36.167 0.0000000000
41321  38.795  -4.539  58.043 0.0000000000
52886  51.088  10.543  45.543 0.0000000000
26307  10.598  -28.795  65.868 0.0000000000
47531  46.260  3.732  51.907 0.0000000000
46769  47.035  2.590  52.431 0.0000000000
33605  23.431  -15.609  62.741 0.0000000000
33004  22.151  -16.854  63.941 0.0000000000
39700  33.486  -6.680  57.444 0.0000000000
33620  30.113  -15.974  62.231 0.0000000000
33015  30.740  -16.492  61.877 0.0000000000
46744  40.178  2.424  55.872 0.0000000000
89844  29.412  -12.567  62.961 0.0000000000
89838  29.692  -11.547  62.618 0.0000000000
44489  40.027  -0.472  56.374 0.0000000000
43711  39.681  -0.897  56.517 0.0000000000
42125  41.835  -4.039  56.682 0.0000000000
41334  42.051  -4.782  56.362 0.0000000000
55943  53.006  14.447  43.739 0.0000000000
55946  52.998  14.482  42.953 0.0000000000
55948  53.064  14.553  41.932 0.0000000000
53695  53.338  11.486  42.078 0.0000000000
27421  13.822  -26.652  63.617 0.0000000000
49805  50.760  6.656  49.393 0.0000000000
37276  38.162  -9.499  59.656 0.0000000000
29615  20.457  -21.757  65.537 0.0000000000
29609  17.406  -22.110  66.660 0.0000000000
30166  17.800  -21.841  66.669 0.0000000000
29619  17.130  -22.751  66.389 0.0000000000
29080  16.812  -23.572  66.093 0.0000000000
29075  16.503  -23.053  66.499 0.0000000000
28509  13.265  -23.684  67.838 0.0000000000
28516  13.678  -24.000  67.349 0.0000000000
28510  12.615  -24.190  67.836 0.0000000000
36550  35.627  -10.783  60.397 0.0000000000
89857  31.503  -11.203  59.863 0.0000000000
89866  31.977  -10.634  59.265 0.0000000000
47517  42.734  3.720  53.604 0.0000000000
43720  46.377  -1.017  54.777 0.0000000000
44500  46.245  -0.320  54.761 0.0000000000
44499  46.911  -0.290  54.324 0.0000000000
44504  47.442  -0.193  53.446 0.0000000000
59546  55.992  18.987  37.141 0.0000000000
36534  29.078  -10.188  62.810 0.0000000000
36526  29.123  -10.732  63.218 0.0000000000
36535  28.708  -9.814  63.212 0.0000000000
35892  29.427  -10.602  62.427 0.0000000000
52892  53.250  10.273  44.041 0.0000000000
42931  40.061  -2.699  57.005 0.0000000000
42113  40.477  -4.263  57.819 0.0000000000
41318  41.115  -5.094  57.620 0.0000000000
54441  51.936  12.396  44.522 0.0000000000
54440  52.382  12.620  44.150 0.0000000000
54444  52.616  12.560  43.570 0.0000000000
27412  12.199  -26.883  64.717 0.0000000000
51279  49.337  8.201  50.129 0.0000000000
47549  47.441  4.326  50.837 0.0000000000
45289  48.003  0.423  51.973 0.0000000000
33001  25.261  -16.413  63.439 0.0000000000
31291  24.417  -18.888  63.475 0.0000000000
31293  23.023  -19.656  64.482 0.0000000000
31865  22.230  -18.573  64.356 0.0000000000
30716  22.119  -20.330  65.297 0.0000000000
30141  14.018  -22.012  68.314 0.0000000000
40541  34.858  -5.499  58.372 0.0000000000
38055  34.044  -8.705  59.220 0.0000000000
38045  33.529  -9.311  59.570 0.0000000000
46757  41.589  3.223  54.263 0.0000000000
46749  41.491  2.606  54.695 0.0000000000
42953  44.449  -2.554  55.599 0.0000000000
42962  45.688  -3.072  54.929 0.0000000000
42952  45.346  -2.359  55.355 0.0000000000
25180  8.654  -29.806  65.195 0.0000000000
49789  45.519  5.850  51.611 0.0000000000
33611  29.524  -15.377  62.515 0.0000000000
34173  29.271  -14.807  62.447 0.0000000000
34161  27.689  -14.547  62.934 0.0000000000
34162  26.925  -14.603  63.364 0.0000000000
34163  26.151  -14.712  63.525 0.0000000000
34176  25.798  -14.067  63.218 0.0000000000
34177  24.993  -14.042  62.962 0.0000000000
33612  24.027  -14.966  62.424 0.0000000000
34178  24.016  -14.168  62.931 0.0000000000
89871  31.365  -9.402  59.576 0.0000000000
89873  31.418  -9.645  59.090 0.0000000000
89867  31.601  -9.862  59.539 0.0000000000
89843  30.513  -11.738  60.746 0.0000000000
42941  41.575  -2.671  56.527 0.0000000000
43708  42.452  -1.734  55.883 0.0000000000
42133  42.831  -3.431  55.762 0.0000000000
55939  52.155  14.568  44.770 0.0000000000
57375  53.799  16.488  41.053 0.0000000000
56664  53.837  15.406  41.314 0.0000000000
56667  53.776  14.860  40.758 0.0000000000
55953  53.535  14.518  40.183 0.0000000000
55221  52.017  13.263  41.561 0.0000000000
54446  52.427  12.515  41.557 0.0000000000
54449  52.720  12.458  40.620 0.0000000000
54463  53.821  12.920  39.701 0.0000000000
52870  50.857  9.762  47.170 0.0000000000
52058  52.193  9.188  48.153 0.0000000000
50522  51.686  7.973  48.917 0.0000000000
50530  51.608  7.004  48.836 0.0000000000
49029  50.989  5.679  49.366 0.0000000000
51275  48.116  8.659  50.947 0.0000000000
39683  38.934  -7.093  59.082 0.0000000000
37275  39.128  -9.471  59.516 0.0000000000
54428  50.981  12.920  46.629 0.0000000000
53677  50.814  10.780  45.710 0.0000000000
32421  28.970  -17.024  62.872 0.0000000000
32422  28.236  -17.420  63.257 0.0000000000
31861  25.492  -17.887  63.317 0.0000000000
30179  22.741  -21.455  64.401 0.0000000000
34179  22.996  -14.018  63.398 0.0000000000
32992  21.472  -16.476  64.443 0.0000000000
31858  20.482  -18.670  66.063 0.0000000000
31287  21.167  -19.711  65.938 0.0000000000
30698  19.229  -20.313  67.230 0.0000000000
30164  19.357  -21.068  66.644 0.0000000000
29616  19.741  -21.875  65.843 0.0000000000
29086  17.619  -23.362  64.958 0.0000000000
28525  15.534  -24.537  64.938 0.0000000000
27975  14.936  -25.288  64.400 0.0000000000
27971  14.857  -24.879  65.554 0.0000000000
29611  15.704  -22.287  67.188 0.0000000000
28521  13.550  -24.661  66.665 0.0000000000
27972  13.991  -25.377  65.383 0.0000000000
27401  11.714  -26.104  66.545 0.0000000000
27400  11.886  -25.829  66.307 0.0000000000
26848  11.668  -26.745  66.306 0.0000000000
26854  11.465  -27.599  66.493 0.0000000000
26849  11.266  -27.074  66.753 0.0000000000
28511  11.708  -24.221  68.505 0.0000000000
28512  10.663  -24.394  68.692 0.0000000000
27396  10.619  -25.538  68.064 0.0000000000
26850  10.230  -27.002  67.173 0.0000000000
26294  9.514  -28.047  67.195 0.0000000000
36549  36.798  -10.736  60.659 0.0000000000
38057  32.402  -9.211  59.235 0.0000000000
36552  33.318  -10.566  59.327 0.0000000000
34747  31.900  -13.092  59.984 0.0000000000
35308  33.260  -13.078  60.491 0.0000000000
52074  52.021  9.615  46.818 0.0000000000
52073  52.488  9.624  46.817 0.0000000000
48999  44.420  5.507  53.422 0.0000000000
48242  43.987  4.701  53.714 0.0000000000
46764  44.582  3.118  53.677 0.0000000000
46002  41.022  1.086  55.562 0.0000000000
45270  42.994  0.535  55.260 0.0000000000
46748  42.681  2.243  54.690 0.0000000000
44484  44.588  -0.937  55.572 0.0000000000
44496  44.409  -0.474  55.352 0.0000000000
44495  44.896  -0.401  55.443 0.0000000000
45277  45.398  0.813  54.923 0.0000000000
46014  46.942  1.113  54.077 0.0000000000
46022  46.619  2.021  53.850 0.0000000000
46762  46.344  2.623  53.297 0.0000000000
39693  40.623  -6.626  58.202 0.0000000000
39692  41.337  -6.665  57.492 0.0000000000
39691  41.805  -6.987  57.251 0.0000000000
59554  57.225  19.431  36.270 0.0000000000
59565  57.141  19.889  36.036 0.0000000000
59564  57.690  19.420  35.791 0.0000000000
57383  54.090  16.418  39.888 0.0000000000
58094  54.797  17.283  39.032 0.0000000000
58101  55.337  17.559  38.472 0.0000000000
57386  57.416  16.516  38.035 0.0000000000
58099  57.089  17.214  38.175 0.0000000000
58106  57.159  17.905  37.829 0.0000000000
53681  52.675  10.344  44.339 0.0000000000
41337  39.428  -4.094  57.781 0.0000000000
26298  11.802  -27.981  65.574 0.0000000000
52049  48.809  9.804  50.344 0.0000000000
48248  45.921  4.527  50.957 0.0000000000
48255  46.316  4.678  50.628 0.0000000000
30701  16.126  -20.478  67.437 0.0000000000
33628  30.961  -15.169  61.189 0.0000000000
33022  30.773  -15.812  61.504 0.0000000000
41351  44.614  -3.974  54.732 0.0000000000
34159  28.833  -14.011  62.082 0.0000000000
89835  26.239  -13.570  63.153 0.0000000000
38859  30.535  -8.888  59.741 0.0000000000
36539  29.544  -10.291  61.843 0.0000000000
36543  29.710  -9.926  61.087 0.0000000000
36538  30.161  -10.796  61.838 0.0000000000
40557  42.791  -5.714  55.745 0.0000000000
55215  52.572  13.591  44.322 0.0000000000
55223  52.417  13.894  41.373 0.0000000000
53706  54.402  11.824  40.203 0.0000000000
53699  54.506  11.326  41.333 0.0000000000
51285  49.810  8.451  49.666 0.0000000000
54425  49.930  12.173  48.177 0.0000000000
33008  27.666  -16.977  63.644 0.0000000000
32423  27.364  -17.616  63.332 0.0000000000
30171  22.402  -21.155  64.907 0.0000000000
29635  20.753  -22.304  64.293 0.0000000000
29084  19.359  -22.647  64.483 0.0000000000
34153  20.979  -14.733  64.410 0.0000000000
32993  20.861  -16.617  64.991 0.0000000000
32412  20.348  -18.095  65.933 0.0000000000
30699  18.231  -20.223  67.663 0.0000000000
30151  18.639  -20.883  67.052 0.0000000000
30165  18.336  -21.575  66.626 0.0000000000
29087  17.135  -23.630  65.478 0.0000000000
28518  16.295  -24.004  66.033 0.0000000000
29071  14.398  -22.925  67.588 0.0000000000
29078  14.223  -23.427  67.424 0.0000000000
28522  12.991  -24.814  66.557 0.0000000000
27970  12.667  -24.934  66.663 0.0000000000
27965  12.062  -25.240  67.190 0.0000000000
27404  9.327  -26.257  67.532 0.0000000000
89870  31.887  -9.734  59.153 0.0000000000
35914  32.802  -11.506  59.225 0.0000000000
47526  43.046  4.304  53.588 0.0000000000
47525  43.519  4.061  53.558 0.0000000000
47515  44.313  3.199  53.747 0.0000000000
44494  45.696  -0.423  55.134 0.0000000000
45267  45.623  0.132  55.028 0.0000000000
45281  47.186  0.576  53.815 0.0000000000
38061  40.930  -8.362  58.676 0.0000000000
38060  41.761  -8.383  57.905 0.0000000000
58838  57.324  18.793  36.605 0.0000000000
58105  57.659  17.147  37.456 0.0000000000
89833  29.385  -12.043  63.185 0.0000000000
37262  29.516  -9.304  61.470 0.0000000000
27411  12.895  -26.321  64.335 0.0000000000
49008  46.373  5.945  50.902 0.0000000000
48265  47.403  4.813  50.504 0.0000000000
48254  47.007  4.559  50.767 0.0000000000
46032  49.523  1.374  50.749 0.0000000000
45288  48.928  0.616  51.329 0.0000000000
37267  38.182  -10.248  60.036 0.0000000000
36548  37.865  -10.845  60.446 0.0000000000
30717  21.476  -20.350  65.755 0.0000000000
29612  14.844  -22.290  67.476 0.0000000000
29606  12.974  -22.804  68.738 0.0000000000
34754  31.279  -12.230  59.848 0.0000000000
34748  31.180  -12.945  60.075 0.0000000000
34193  31.680  -14.409  61.120 0.0000000000
50528  52.825  7.538  48.316 0.0000000000
43707  43.416  -1.603  55.594 0.0000000000
43706  44.381  -1.549  55.690 0.0000000000
43705  44.729  -1.253  55.666 0.0000000000
55236  55.362  13.855  39.813 0.0000000000
55957  55.845  14.682  39.723 0.0000000000
25726  9.992  -29.249  66.212 0.0000000000
51276  47.509  8.688  51.598 0.0000000000
49787  46.805  6.699  51.648 0.0000000000
49010  44.948  5.742  49.825 0.0000000000
32997  28.489  -15.833  63.221 0.0000000000
32998  28.003  -15.811  63.475 0.0000000000
89858  31.683  -10.160  59.640 0.0000000000
38047  30.946  -9.073  60.057 0.0000000000
37264  30.116  -9.536  60.778 0.0000000000
89864  31.227  -10.904  60.295 0.0000000000
43709  41.370  -1.861  56.469 0.0000000000
42954  43.619  -2.889  55.660 0.0000000000
57378  53.874  16.478  40.318 0.0000000000
56663  54.057  15.528  40.846 0.0000000000
55952  54.103  14.935  39.771 0.0000000000
55224  51.954  13.340  40.987 0.0000000000
54450  52.025  12.797  40.854 0.0000000000
55238  53.493  13.669  39.757 0.0000000000
55237  54.436  13.602  39.664 0.0000000000
51282  51.945  8.277  48.804 0.0000000000
48274  50.833  5.065  49.523 0.0000000000
38874  39.703  -7.302  59.018 0.0000000000
38862  39.418  -7.744  59.238 0.0000000000
38861  39.857  -7.964  59.227 0.0000000000
53684  50.705  11.819  45.640 0.0000000000
32424  26.433  -17.750  63.388 0.0000000000
34167  22.069  -14.182  63.904 0.0000000000
33606  22.323  -15.569  63.864 0.0000000000
30162  21.122  -20.936  65.911 0.0000000000
32406  19.701  -17.454  66.626 0.0000000000
31280  20.124  -19.616  66.767 0.0000000000
30697  19.836  -20.050  67.020 0.0000000000
29085  18.520  -22.907  64.619 0.0000000000
27410  14.151  -25.947  64.003 0.0000000000
28520  14.604  -24.225  66.742 0.0000000000
27967  14.860  -24.698  66.209 0.0000000000
27977  13.230  -25.839  64.665 0.0000000000
27408  12.102  -26.670  65.237 0.0000000000
27405  12.058  -25.814  66.063 0.0000000000
27406  11.915  -26.429  65.919 0.0000000000
26299  11.285  -28.179  66.327 0.0000000000
29074  12.347  -23.648  68.511 0.0000000000
26293  10.729  -27.859  67.016 0.0000000000
39684  38.024  -6.950  59.222 0.0000000000
89859  31.681  -12.007  59.390 0.0000000000
35322  32.120  -11.916  59.116 0.0000000000
35321  32.745  -12.152  59.261 0.0000000000
35906  33.194  -11.950  59.406 0.0000000000
35913  33.329  -11.635  59.384 0.0000000000
35904  34.902  -11.926  60.529 0.0000000000
52868  53.180  9.545  47.035 0.0000000000
45258  43.552  -0.082  55.144 0.0000000000
46018  43.570  2.107  54.807 0.0000000000
45290  47.584  0.989  52.403 0.0000000000
45285  47.590  0.528  52.907 0.0000000000
45284  47.831  0.227  52.485 0.0000000000
40550  41.316  -5.441  57.141 0.0000000000
39707  41.818  -6.421  56.777 0.0000000000
40548  42.231  -5.533  56.139 0.0000000000
56677  56.669  15.894  38.757 0.0000000000
58117  57.670  17.845  36.789 0.0000000000
26851  9.155  -26.686  67.438 0.0000000000
26855  11.952  -27.369  65.115 0.0000000000
30713  19.667  -20.457  66.906 0.0000000000
31849  20.530  -18.953  66.137 0.0000000000
31855  22.259  -18.869  64.480 0.0000000000
42151  45.445  -3.545  54.629 0.0000000000
46007  45.124  0.947  54.986 0.0000000000
47540  45.165  4.920  49.400 0.0000000000
47550  44.971  4.898  48.991 0.0000000000
47551  44.866  4.984  49.187 0.0000000000
48267  45.725  5.162  49.971 0.0000000000
48268  45.163  5.126  49.268 0.0000000000
48269  44.646  4.895  48.940 0.0000000000
48270  44.173  5.071  49.027 0.0000000000
48275  44.772  5.117  48.911 0.0000000000
48276  44.315  5.204  48.867 0.0000000000
48277  43.990  5.309  48.913 0.0000000000
49022  45.041  5.587  49.592 0.0000000000
49023  44.061  5.971  49.100 0.0000000000
49024  43.986  5.576  49.027 0.0000000000
49031  45.004  5.295  49.044 0.0000000000
49032  44.567  5.439  48.987 0.0000000000
49033  44.126  5.494  48.924 0.0000000000
49790  44.897  5.983  49.908 0.0000000000
49791  44.520  5.966  49.534 0.0000000000
49792  44.506  5.765  49.392 0.0000000000
49798  44.378  6.028  49.364 0.0000000000
49799  44.017  6.112  49.287 0.0000000000
49800  44.104  5.719  49.031 0.0000000000
53713  53.568  12.528  39.840 0.0000000000
54458  52.396  12.966  40.447 0.0000000000
55231  52.084  13.188  40.615 0.0000000000
59545  56.327  19.087  36.935 0.0000000000
