#!ascii label  , from subject TEMPLATE vox2ras=TkReg
1898
25760  12.504  -29.664  62.972 0.1111110002
25769  11.880  -30.069  62.535 0.1111110002
25201  10.681  -30.223  62.960 0.2222220004
26316  15.130  -29.105  63.321 0.1111110002
25749  13.602  -29.637  63.489 0.1111110002
26318  13.250  -28.552  63.534 0.1111110002
26330  15.771  -28.429  62.883 0.1111110002
26317  14.172  -28.677  63.256 0.1111110002
25750  12.905  -29.111  63.522 0.1111110002
26885  16.638  -27.564  62.329 0.2222220004
26886  16.017  -27.790  62.562 0.2222220004
26331  14.941  -28.249  63.047 0.1111110002
26333  11.601  -29.057  63.707 0.3333329856
25762  10.723  -29.632  63.557 0.4444440007
25202  9.896  -30.616  63.361 0.4444440007
25190  10.292  -30.042  63.734 0.4444440007
24636  9.161  -31.021  63.880 0.4444440007
24637  8.270  -31.079  64.283 0.2222220004
27431  16.512  -26.708  62.420 0.2222220004
26873  16.070  -27.218  62.570 0.2222220004
26862  13.658  -27.894  63.450 0.1111110002
26319  12.266  -28.565  63.813 0.2222220004
28555  17.957  -25.129  62.398 0.2222220004
27996  16.421  -26.156  62.790 0.2222220004
27419  15.885  -26.556  62.889 0.2222220004
26875  14.344  -27.501  63.260 0.2222220004
26305  11.746  -28.042  64.751 0.4444440007
29105  18.796  -23.863  63.267 0.2222220004
25752  10.422  -29.439  64.398 0.4444440007
25191  9.669  -30.192  64.303 0.4444440007
25737  10.147  -29.303  65.392 0.4444440007
25192  8.821  -30.425  64.643 0.3333329856
25203  7.390  -30.689  64.335 0.3333329856
24109  5.647  -31.761  62.673 0.2222220004
27995  17.222  -25.866  62.454 0.2222220004
27987  15.188  -25.719  63.796 0.2222220004
27421  13.822  -26.652  63.617 0.2222220004
26864  12.256  -27.397  64.351 0.4444440007
29096  20.110  -22.748  63.863 0.2222220004
29104  19.786  -23.557  63.246 0.2222220004
28545  16.472  -24.912  63.563 0.3333329856
27410  14.151  -25.947  64.003 0.3333329856
26306  11.242  -28.447  65.347 0.5555559993
29635  20.753  -22.304  64.293 0.2222220004
29097  19.059  -23.152  63.836 0.2222220004
29106  18.096  -24.173  63.270 0.2222220004
28531  17.110  -24.056  64.438 0.3333329856
26298  11.802  -27.981  65.574 0.5555559993
26307  10.598  -28.795  65.868 0.4444440007
29624  21.022  -21.867  64.976 0.4444440007
29623  21.853  -21.805  64.734 0.2222220004
25204  6.780  -30.234  64.128 0.4444440007
24120  5.268  -32.299  61.041 0.1111110002
27422  13.271  -26.886  63.738 0.4444440007
27411  12.895  -26.321  64.335 0.5555559993
28532  16.202  -24.591  64.104 0.3333329856
27975  14.936  -25.288  64.400 0.3333329856
27972  13.991  -25.377  65.383 0.5555559993
27407  12.414  -25.948  65.417 0.5555559993
29085  18.520  -22.907  64.619 0.3333329856
29098  17.951  -23.590  63.834 0.2222220004
28525  15.534  -24.537  64.938 0.5555559993
27967  14.860  -24.698  66.209 0.5555559993
26853  11.837  -27.302  66.046 0.6666669846
26299  11.285  -28.179  66.327 0.5555559993
29084  19.359  -22.647  64.483 0.3333329856
29627  18.224  -22.670  65.498 0.3333329856
29087  17.135  -23.630  65.478 0.5555559993
29080  16.812  -23.572  66.093 0.6666669846
26848  11.668  -26.745  66.306 0.6666669846
26300  10.219  -28.655  66.760 0.6666669846
25180  8.654  -29.806  65.195 0.5555559993
30171  22.402  -21.155  64.907 0.3333329856
30173  20.935  -21.402  65.615 0.4444440007
26292  11.241  -27.712  66.693 0.7777780294
24667  5.149  -31.330  61.544 0.1111110002
31293  23.023  -19.656  64.482 0.6666669846
30716  22.119  -20.330  65.297 0.3333329856
25214  5.576  -30.367  62.715 0.2222220004
27969  12.917  -25.315  66.166 0.5555559993
28519  15.606  -24.369  66.077 0.5555559993
27968  14.191  -25.027  66.232 0.5555559993
29616  19.741  -21.875  65.843 0.5555559993
29617  18.814  -22.076  66.112 0.6666669846
29618  17.899  -22.328  66.287 0.6666669846
29082  15.428  -23.712  66.647 0.5555559993
28515  14.370  -23.748  67.209 0.7777780294
27964  12.062  -25.610  66.414 0.7777780294
27966  11.476  -25.534  67.629 0.6666669846
26301  9.675  -28.622  67.019 0.5555559993
30163  20.435  -21.176  66.160 0.5555559993
30164  19.357  -21.068  66.644 0.7777780294
30165  18.336  -21.575  66.626 0.8888890147
26849  11.266  -27.074  66.753 0.6666669846
25727  9.235  -29.005  66.826 0.5555559993
25193  7.800  -30.073  64.709 0.4444440007
31286  21.636  -19.546  65.385 0.7777780294
30711  20.888  -20.354  66.204 0.7777780294
25205  5.996  -30.400  63.433 0.2222220004
30166  17.800  -21.841  66.669 0.8888890147
29610  16.663  -22.295  66.870 0.7777780294
29076  15.886  -23.043  66.807 0.8888890147
30712  20.190  -20.349  66.657 0.8888890147
30150  19.082  -20.761  66.994 0.8888890147
30152  17.584  -21.372  67.098 0.8888890147
31285  22.363  -19.431  64.809 0.6666669846
31856  21.717  -18.574  64.782 0.7777780294
31279  20.590  -19.513  66.298 0.8888890147
30151  18.639  -20.883  67.052 0.8888890147
31863  23.775  -18.397  63.641 0.6666669846
31864  22.807  -18.787  64.161 0.6666669846
31865  22.230  -18.573  64.356 0.7777780294
31850  20.123  -18.753  66.538 0.8888890147
31264  19.677  -19.401  67.157 0.8888890147
31280  20.124  -19.616  66.767 0.8888890147
30698  19.229  -20.313  67.230 0.8888890147
30699  18.231  -20.223  67.663 0.7777780294
31857  20.914  -18.860  65.700 0.8888890147
31862  24.609  -18.095  63.245 0.7777780294
32417  23.923  -17.543  63.065 0.7777780294
32419  22.180  -18.011  64.144 0.7777780294
31861  25.492  -17.887  63.317 0.7777780294
32415  25.820  -17.184  63.784 0.7777780294
32416  24.923  -17.294  63.193 0.7777780294
31265  18.960  -19.320  67.652 0.6666669846
32411  20.861  -17.771  65.197 0.8888890147
32412  20.348  -18.095  65.933 0.8888890147
32406  19.701  -17.454  66.626 0.7777780294
31838  19.392  -18.319  67.277 0.6666669846
33003  23.077  -16.711  63.112 0.7777780294
33004  22.151  -16.854  63.941 0.8888890147
31870  27.926  -18.123  62.778 0.5555559993
32423  27.364  -17.616  63.332 0.5555559993
32414  26.852  -17.044  63.840 0.7777780294
33000  26.228  -16.280  64.189 0.7777780294
33603  25.679  -15.494  63.659 0.7777780294
33002  24.297  -16.628  62.628 0.7777780294
33602  26.678  -15.340  63.959 0.7777780294
31868  31.996  -18.771  62.831 0.3333329856
31878  32.119  -18.177  62.878 0.4444440007
33592  21.757  -16.085  64.197 0.8888890147
33593  21.192  -15.520  64.630 0.8888890147
32993  20.861  -16.617  64.991 0.8888890147
32433  28.791  -17.883  62.614 0.4444440007
33606  22.323  -15.569  63.864 0.8888890147
33607  21.541  -14.789  64.294 0.8888890147
34164  25.391  -14.802  63.080 0.8888890147
32422  28.236  -17.420  63.257 0.6666669846
33007  28.292  -16.492  63.412 0.7777780294
32999  27.367  -16.175  63.840 0.7777780294
32997  28.489  -15.833  63.221 0.7777780294
31879  31.331  -18.440  62.647 0.3333329856
31307  30.898  -19.079  62.500 0.2222220004
31308  30.167  -19.350  62.280 0.3333329856
33013  32.914  -16.466  62.533 0.4444440007
32429  32.478  -17.362  62.697 0.4444440007
31881  29.457  -18.576  62.329 0.3333329856
31880  30.354  -18.447  62.516 0.4444440007
34722  21.884  -13.545  63.701 0.7777780294
34153  20.979  -14.733  64.410 0.7777780294
33594  19.917  -15.664  65.389 0.6666669846
33618  32.528  -15.722  62.379 0.5555559993
32432  29.671  -17.675  62.546 0.3333329856
33605  23.431  -15.609  62.741 0.8888890147
33613  23.499  -14.751  62.984 0.8888890147
34167  22.069  -14.182  63.904 0.7777780294
33626  32.719  -15.075  62.242 0.5555559993
33016  29.820  -16.603  62.526 0.6666669846
33612  24.027  -14.966  62.424 0.8888890147
32421  28.970  -17.024  62.872 0.7777780294
33601  27.487  -15.304  63.462 0.7777780294
34162  26.925  -14.603  63.364 0.8888890147
34176  25.798  -14.067  63.218 0.8888890147
33006  28.985  -16.136  62.924 0.7777780294
33599  28.822  -15.431  62.941 0.7777780294
33600  28.197  -15.280  63.078 0.7777780294
33014  31.886  -16.352  62.276 0.4444440007
32430  31.521  -17.390  62.513 0.5555559993
34179  22.996  -14.018  63.398 0.7777780294
32431  30.581  -17.522  62.414 0.5555559993
34730  24.435  -13.258  63.085 0.8888890147
34731  23.470  -13.306  63.338 0.7777780294
34192  32.691  -14.415  61.605 0.5555559993
33627  31.942  -15.280  61.811 0.5555559993
33021  31.295  -15.905  61.601 0.5555559993
33015  30.740  -16.492  61.877 0.5555559993
34177  24.993  -14.042  62.962 0.8888890147
34178  24.016  -14.168  62.931 0.8888890147
34741  33.369  -13.695  61.121 0.5555559993
34742  32.402  -13.675  60.655 0.6666669846
34193  31.680  -14.409  61.120 0.6666669846
33628  30.961  -15.169  61.189 0.7777780294
33619  30.234  -15.377  61.902 0.7777780294
33620  30.113  -15.974  62.231 0.7777780294
34174  27.007  -13.594  62.915 0.8888890147
34175  26.445  -14.103  63.260 0.8888890147
35314  33.958  -12.494  60.387 0.6666669846
35315  33.210  -12.558  59.700 0.6666669846
34743  31.372  -13.715  60.449 0.6666669846
34185  30.298  -14.479  61.573 0.7777780294
33610  29.779  -15.086  62.204 0.7777780294
34173  29.271  -14.807  62.447 0.7777780294
34160  28.679  -14.597  62.530 0.7777780294
89841  27.852  -13.766  62.561 0.7777780294
37268  37.421  -10.143  60.020 0.5555559993
37269  36.374  -10.015  60.010 0.7777780294
36550  35.627  -10.783  60.397 0.6666669846
36551  34.404  -10.864  59.735 0.6666669846
35905  33.793  -11.808  59.774 0.6666669846
35321  32.745  -12.152  59.261 0.6666669846
35316  32.366  -12.656  59.417 0.7777780294
37270  35.154  -9.742  60.102 0.7777780294
36559  33.454  -11.233  59.342 0.7777780294
35297  24.792  -12.467  63.394 0.8888890147
35298  23.817  -12.552  63.561 0.7777780294
89842  25.907  -12.817  63.225 0.8888890147
34729  25.535  -13.190  63.077 0.8888890147
34194  30.792  -14.084  61.067 0.7777780294
89840  26.895  -12.773  63.146 0.8888890147
36558  38.702  -10.086  59.777 0.5555559993
37276  38.162  -9.499  59.656 0.5555559993
34747  31.900  -13.092  59.984 0.6666669846
89834  30.684  -13.327  60.688 0.7777780294
34728  30.024  -13.169  61.689 0.7777780294
34172  29.521  -14.467  62.128 0.7777780294
89847  28.273  -13.602  62.130 0.8888890147
37277  37.106  -9.343  59.603 0.8888890147
37278  36.099  -9.185  59.616 0.8888890147
35913  33.329  -11.635  59.384 0.6666669846
89863  32.884  -10.977  59.173 0.7777780294
89859  31.681  -12.007  59.390 0.8888890147
34754  31.279  -12.230  59.848 0.8888890147
34749  30.557  -12.417  60.588 0.8888890147
89837  29.829  -12.193  62.422 0.8888890147
89844  29.412  -12.567  62.961 0.8888890147
37279  35.320  -8.972  59.657 0.8888890147
37271  34.004  -9.912  59.637 0.8888890147
36552  33.318  -10.566  59.327 0.8888890147
89866  31.977  -10.634  59.265 0.8888890147
38044  34.494  -9.143  59.658 0.8888890147
35288  25.149  -11.889  63.972 0.8888890147
89848  27.081  -11.946  64.065 0.8888890147
89849  25.651  -12.513  63.414 0.8888890147
89853  27.879  -12.495  63.148 0.8888890147
38050  38.797  -8.590  59.441 0.6666669846
89845  29.596  -11.989  63.011 0.8888890147
89846  29.162  -11.563  63.354 0.8888890147
38051  37.788  -8.561  59.459 0.8888890147
38052  36.796  -8.467  59.485 0.8888890147
89856  31.593  -11.576  59.633 0.8888890147
89851  31.055  -11.643  60.248 0.8888890147
35898  30.197  -11.639  61.589 0.7777780294
38863  38.409  -7.761  59.352 0.8888890147
38864  37.429  -7.708  59.366 0.8888890147
38053  35.857  -8.388  59.442 0.8888890147
38055  34.044  -8.705  59.220 0.7777780294
38045  33.529  -9.311  59.570 0.7777780294
38056  33.011  -8.847  59.385 0.8888890147
38046  32.636  -9.581  59.342 0.8888890147
38054  34.967  -8.472  59.334 0.7777780294
35880  26.483  -11.261  64.392 0.7777780294
36530  25.983  -10.630  64.588 0.4444440007
35287  26.350  -12.220  63.741 0.8888890147
89854  28.312  -11.294  64.083 0.7777780294
37283  41.075  -9.326  58.487 0.4444440007
37284  40.516  -9.026  59.029 0.5555559993
38049  39.822  -8.552  59.293 0.5555559993
38062  40.420  -8.382  59.061 0.5555559993
89839  29.807  -10.943  62.257 0.7777780294
35892  29.427  -10.602  62.427 0.7777780294
38861  39.857  -7.964  59.227 0.7777780294
38862  39.418  -7.744  59.238 0.8888890147
89861  31.773  -10.047  59.236 0.8888890147
89865  31.257  -10.122  60.179 0.8888890147
35897  30.709  -11.301  60.824 0.7777780294
36542  30.475  -10.520  61.150 0.7777780294
36538  30.161  -10.796  61.838 0.7777780294
89838  29.692  -11.547  62.618 0.7777780294
39682  39.437  -7.194  59.036 0.8888890147
39695  38.641  -6.240  58.952 0.8888890147
39685  37.061  -6.939  59.088 0.8888890147
38865  36.466  -7.659  59.320 0.7777780294
38866  35.477  -7.627  59.095 0.7777780294
38875  34.949  -7.414  58.777 0.7777780294
38868  33.560  -8.205  58.907 0.7777780294
38057  32.402  -9.211  59.235 0.7777780294
89870  31.887  -9.734  59.153 0.7777780294
89862  31.559  -9.652  59.334 0.8888890147
38867  34.552  -7.945  59.030 0.7777780294
36528  27.551  -10.265  64.061 0.5555559993
37282  41.686  -9.779  57.935 0.2222220004
89855  27.354  -11.270  64.194 0.6666669846
38060  41.761  -8.383  57.905 0.2222220004
38061  40.930  -8.362  58.676 0.5555559993
36535  28.708  -9.814  63.212 0.4444440007
36527  28.578  -10.321  63.582 0.6666669846
38872  41.153  -7.499  58.181 0.6666669846
38873  40.236  -7.644  58.945 0.6666669846
36539  29.544  -10.291  61.843 0.6666669846
36534  29.078  -10.188  62.810 0.7777780294
36526  29.123  -10.732  63.218 0.7777780294
39694  39.656  -6.649  58.770 0.8888890147
38041  31.088  -9.435  60.214 0.7777780294
37264  30.116  -9.536  60.778 0.6666669846
39696  37.619  -6.135  58.923 0.8888890147
39697  36.573  -6.203  58.783 0.7777780294
39686  36.171  -6.963  59.067 0.7777780294
39698  35.338  -6.627  58.618 0.7777780294
38876  34.309  -7.387  58.614 0.7777780294
89875  32.280  -8.999  58.726 0.7777780294
89918  28.551  -5.367  56.224 0.3333329856
41329  28.660  -5.419  58.674 0.2222220004
40526  29.479  -5.869  60.918 0.1111110002
40522  29.444  -5.827  61.874 0.1111110002
39670  29.292  -6.676  62.884 0.1111110002
38031  28.319  -8.611  63.629 0.2222220004
41345  31.957  -4.422  55.991 0.1111110002
39726  31.392  -5.155  54.550 0.3333329856
40559  28.496  -6.083  56.539 0.3333329856
39703  28.333  -6.503  57.638 0.2222220004
40532  29.182  -6.380  58.899 0.2222220004
39677  29.774  -7.321  61.185 0.2222220004
39675  29.820  -6.905  62.134 0.1111110002
38036  28.910  -8.580  63.245 0.2222220004
38067  42.362  -8.271  57.326 0.2222220004
41339  32.247  -4.552  56.898 0.1111110002
39727  30.484  -5.505  54.137 0.3333329856
39712  28.450  -6.959  57.064 0.2222220004
40531  29.392  -7.133  58.960 0.2222220004
40525  29.605  -6.768  60.541 0.2222220004
39674  29.888  -7.294  61.660 0.2222220004
38035  29.278  -8.562  62.558 0.2222220004
37254  28.438  -9.474  63.453 0.3333329856
41313  33.467  -4.186  59.078 0.1111110002
41327  32.416  -4.750  57.804 0.2222220004
40552  32.415  -5.427  56.160 0.2222220004
39710  31.920  -6.694  56.057 0.3333329856
38889  29.963  -7.310  56.499 0.2222220004
39687  29.441  -7.959  58.751 0.2222220004
39680  29.628  -7.900  60.040 0.2222220004
38854  29.764  -7.718  61.529 0.2222220004
38039  29.515  -8.603  61.825 0.3333329856
39691  41.805  -6.987  57.251 0.4444440007
38871  41.730  -7.377  57.635 0.5555559993
41324  35.426  -4.091  58.720 0.5555559993
41311  34.997  -3.659  59.264 0.4444440007
41325  34.223  -4.692  58.553 0.4444440007
41326  33.251  -4.950  58.281 0.4444440007
39709  32.844  -6.756  56.688 0.4444440007
38884  32.230  -7.501  56.637 0.5555559993
89869  30.763  -8.676  57.213 0.4444440007
38068  29.857  -8.458  57.649 0.4444440007
89877  29.942  -8.616  59.310 0.3333329856
38857  29.772  -8.305  60.703 0.5555559993
37262  29.516  -9.304  61.470 0.5555559993
37258  29.132  -9.517  62.296 0.6666669846
39692  41.337  -6.665  57.492 0.6666669846
39693  40.623  -6.626  58.202 0.7777780294
41323  36.707  -4.310  58.426 0.7777780294
40541  34.858  -5.499  58.372 0.6666669846
40542  33.854  -5.691  57.993 0.5555559993
39700  33.486  -6.680  57.444 0.6666669846
38883  32.882  -7.486  57.148 0.6666669846
89878  32.020  -8.445  57.336 0.5555559993
89879  30.636  -9.179  58.395 0.5555559993
38859  30.535  -8.888  59.741 0.4444440007
38042  30.380  -8.981  60.473 0.4444440007
37261  29.746  -9.163  61.109 0.5555559993
40535  41.001  -5.630  57.588 0.7777780294
40536  40.247  -5.657  58.214 0.8888890147
40537  39.252  -5.515  58.449 0.8888890147
40538  38.218  -5.332  58.597 0.8888890147
40539  37.160  -5.273  58.614 0.7777780294
40540  36.030  -5.335  58.433 0.7777780294
39699  34.160  -6.572  58.237 0.6666669846
38877  33.246  -7.669  58.069 0.7777780294
38066  42.739  -8.234  56.615 0.1111110002
38882  42.253  -7.428  57.107 0.4444440007
39707  41.818  -6.421  56.777 0.5555559993
39708  41.256  -5.951  57.000 0.5555559993
42117  36.447  -3.278  58.502 0.7777780294
41322  37.753  -4.428  58.314 0.7777780294
42116  37.347  -3.484  58.165 0.7777780294
41335  41.388  -4.804  57.258 0.8888890147
41319  40.800  -4.895  57.838 0.8888890147
41320  39.877  -4.707  58.011 0.8888890147
41338  38.890  -3.804  57.660 0.8888890147
42115  38.207  -3.702  57.918 0.7777780294
38887  42.901  -7.250  56.012 0.4444440007
38881  42.618  -7.368  56.528 0.4444440007
42923  36.277  -2.443  58.723 0.3333329856
39706  42.520  -6.590  56.254 0.4444440007
42922  37.109  -2.364  58.165 0.5555559993
42921  37.845  -2.868  57.812 0.5555559993
40548  42.231  -5.533  56.139 0.6666669846
40549  41.640  -5.474  56.729 0.6666669846
42129  38.595  -3.117  57.507 0.6666669846
41336  40.974  -4.240  57.620 0.8888890147
42114  39.991  -3.992  57.762 0.8888890147
42128  39.513  -3.419  57.434 0.7777780294
42932  39.068  -2.488  57.141 1.0000000000
42126  41.281  -3.792  57.128 0.8888890147
42127  40.505  -3.611  57.394 1.0000000000
44469  36.057  -0.872  58.953 0.2222220004
38073  43.485  -8.158  55.161 0.2222220004
43694  36.505  -1.545  58.569 0.3333329856
38070  43.086  -7.933  55.755 0.2222220004
43686  36.045  -1.467  58.987 0.3333329856
43693  37.061  -1.565  58.100 0.4444440007
42914  35.989  -1.975  59.091 0.3333329856
39717  43.135  -6.340  55.584 0.4444440007
42934  37.695  -2.269  57.772 0.5555559993
40557  42.791  -5.714  55.745 0.5555559993
42933  38.206  -2.315  57.464 0.6666669846
43700  39.596  -1.679  56.728 1.0000000000
41333  42.337  -4.986  56.012 0.7777780294
41334  42.051  -4.782  56.362 0.7777780294
42125  41.835  -4.039  56.682 0.8888890147
42931  40.061  -2.699  57.005 1.0000000000
43699  40.598  -2.084  56.724 1.0000000000
41344  42.291  -4.087  56.126 1.0000000000
42134  42.118  -3.521  56.251 1.0000000000
42929  41.665  -3.280  56.586 1.0000000000
42930  41.039  -2.787  56.831 1.0000000000
45239  35.125  0.083  59.892 0.1111110002
44470  35.277  -0.655  59.370 0.2222220004
45238  36.007  0.131  59.427 0.2222220004
44476  36.554  -0.869  58.581 0.3333329856
44475  37.066  -0.820  58.116 0.4444440007
43702  37.642  -1.562  57.666 0.6666669846
44480  38.118  -0.776  57.343 0.6666669846
38893  43.592  -6.772  55.057 0.2222220004
43701  38.564  -1.573  57.110 0.6666669846
39725  43.465  -6.435  55.287 0.3333329856
39724  43.689  -6.408  54.928 0.3333329856
38894  43.397  -7.069  55.259 0.2222220004
39716  43.547  -6.011  55.266 0.5555559993
43711  39.681  -0.897  56.517 1.0000000000
40556  43.327  -5.370  55.305 0.8888890147
43710  40.362  -1.259  56.512 1.0000000000
41343  42.829  -4.696  55.667 1.0000000000
43698  41.031  -2.242  56.699 1.0000000000
43709  41.370  -1.861  56.469 1.0000000000
45246  36.607  -0.255  58.723 0.2222220004
44481  37.595  -0.839  57.668 0.6666669846
44479  39.043  -0.594  56.868 0.6666669846
39731  43.686  -6.761  54.058 0.2222220004
44490  39.565  -0.466  56.561 1.0000000000
40567  44.202  -5.883  54.336 0.2222220004
40562  43.802  -5.514  54.868 0.3333329856
41352  43.903  -4.398  54.940 0.7777780294
44489  40.027  -0.472  56.374 1.0000000000
41342  43.336  -4.837  55.253 1.0000000000
41353  43.370  -3.841  55.399 1.0000000000
44488  40.867  -0.596  56.238 1.0000000000
42133  42.831  -3.431  55.762 1.0000000000
42940  42.154  -2.713  56.179 1.0000000000
44487  41.853  -0.808  55.873 1.0000000000
45981  36.523  1.089  59.901 0.1111110002
45980  37.229  1.479  59.486 0.2222220004
45988  37.624  0.979  58.829 0.1111110002
45237  36.909  0.573  59.161 0.3333329856
45245  37.283  0.168  58.401 0.2222220004
45987  38.278  1.383  58.482 0.2222220004
45244  38.068  0.489  58.208 0.2222220004
45253  37.734  -0.261  57.818 0.6666669846
45252  38.468  0.034  57.527 0.5555559993
45251  39.147  0.441  57.196 0.5555559993
41361  44.374  -5.051  54.461 0.3333329856
45263  39.566  0.066  56.577 0.7777780294
41351  44.614  -3.974  54.732 0.6666669846
45262  40.215  0.302  56.100 1.0000000000
42143  43.952  -3.401  55.353 0.7777780294
42938  43.812  -2.194  55.728 1.0000000000
42939  43.047  -2.429  55.730 1.0000000000
42144  43.451  -3.374  55.548 1.0000000000
43708  42.452  -1.734  55.883 1.0000000000
45261  41.240  0.388  55.730 1.0000000000
46003  40.380  1.379  55.798 1.0000000000
46002  41.022  1.086  55.562 1.0000000000
45996  38.745  0.857  57.890 0.4444440007
41360  45.129  -4.196  54.235 0.5555559993
46004  39.599  1.127  56.681 0.8888890147
40566  44.791  -5.305  53.754 0.4444440007
42151  45.445  -3.545  54.629 0.5555559993
42142  44.877  -3.479  55.078 0.6666669846
42953  44.449  -2.554  55.599 0.8888890147
43707  43.416  -1.603  55.594 1.0000000000
44486  42.830  -0.903  55.481 1.0000000000
45260  42.336  -0.047  55.507 1.0000000000
45272  41.339  0.984  55.507 1.0000000000
45995  39.166  1.264  57.465 0.4444440007
41359  45.722  -3.914  54.003 0.5555559993
42156  46.709  -3.696  53.360 0.2222220004
42150  46.041  -3.493  54.234 0.3333329856
42962  45.688  -3.072  54.929 0.5555559993
42952  45.346  -2.359  55.355 0.6666669846
42149  46.992  -2.955  54.030 0.3333329856
42961  46.296  -2.213  54.769 0.3333329856
42951  45.723  -1.816  55.287 0.6666669846
43717  44.889  -1.952  55.715 0.7777780294
43706  44.381  -1.549  55.690 1.0000000000
43724  47.413  -1.080  53.593 0.3333329856
42960  46.993  -2.200  54.160 0.3333329856
43716  45.175  -1.323  55.568 0.7777780294
44484  44.588  -0.937  55.572 1.0000000000
44485  43.843  -0.730  55.327 1.0000000000
45259  43.113  -0.276  55.243 1.0000000000
43719  47.011  -1.508  54.261 0.3333329856
43720  46.377  -1.017  54.777 0.4444440007
43715  45.895  -1.354  55.171 0.8888890147
44495  44.896  -0.401  55.443 1.0000000000
45258  43.552  -0.082  55.144 1.0000000000
45270  42.994  0.535  55.260 1.0000000000
45271  41.899  0.841  55.386 1.0000000000
46011  41.191  1.616  55.330 0.8888890147
44494  45.696  -0.423  55.134 1.0000000000
45269  44.146  0.219  55.169 1.0000000000
46010  42.298  1.579  55.129 1.0000000000
46750  40.576  2.529  55.239 0.8888890147
44499  46.911  -0.290  54.324 0.7777780294
45276  45.969  0.450  54.776 1.0000000000
45267  45.623  0.132  55.028 0.8888890147
45268  45.202  0.370  55.136 1.0000000000
46008  44.585  1.111  55.061 1.0000000000
46009  43.479  1.531  55.083 1.0000000000
46748  42.681  2.243  54.690 1.0000000000
45275  46.728  0.680  54.296 0.8888890147
46747  43.271  2.148  54.765 1.0000000000
46738  39.253  2.166  57.388 0.4444440007
46745  39.765  2.200  56.536 0.7777780294
43727  48.212  -1.214  52.419 0.2222220004
42967  47.779  -1.969  53.077 0.2222220004
42155  47.312  -3.235  53.162 0.2222220004
46012  40.551  1.981  55.527 0.8888890147
43723  47.806  -1.557  53.055 0.3333329856
42968  47.465  -2.173  53.434 0.2222220004
44503  47.770  -0.736  53.017 0.3333329856
44507  47.971  -0.204  52.574 0.3333329856
46749  41.491  2.606  54.695 1.0000000000
44508  47.701  -0.157  52.990 0.4444440007
44504  47.442  -0.193  53.446 0.4444440007
45281  47.186  0.576  53.815 0.7777780294
46016  45.256  1.484  54.666 1.0000000000
46017  44.161  1.991  54.804 1.0000000000
46018  43.570  2.107  54.807 1.0000000000
46755  43.354  2.620  54.315 1.0000000000
46756  42.229  3.009  54.211 1.0000000000
46014  46.942  1.113  54.077 1.0000000000
46753  45.701  2.277  54.026 1.0000000000
46754  44.539  2.637  54.090 1.0000000000
47510  39.756  3.120  56.414 0.5555559993
46744  40.178  2.424  55.872 0.8888890147
43730  48.631  -1.152  51.712 0.2222220004
47509  40.156  3.321  55.739 0.7777780294
44512  48.341  -0.514  52.013 0.3333329856
47513  40.678  3.453  55.089 0.8888890147
47512  41.125  3.636  54.457 0.8888890147
46757  41.589  3.223  54.263 0.8888890147
45284  47.831  0.227  52.485 0.4444440007
47517  42.734  3.720  53.604 1.0000000000
47518  41.652  3.729  53.854 1.0000000000
45285  47.590  0.528  52.907 0.6666669846
46021  47.103  1.582  53.610 0.8888890147
46022  46.619  2.021  53.850 1.0000000000
46015  46.385  1.503  54.238 1.0000000000
47516  43.796  3.346  53.827 1.0000000000
46762  46.344  2.623  53.297 1.0000000000
46764  44.582  3.118  53.677 1.0000000000
48219  39.558  3.862  57.159 0.5555559993
48225  39.970  3.872  56.396 0.6666669846
43729  49.194  -1.468  51.113 0.1111110002
48235  41.958  4.476  53.653 0.7777780294
45289  48.003  0.423  51.973 0.2222220004
47525  43.519  4.061  53.558 1.0000000000
45290  47.584  0.989  52.403 0.5555559993
46026  47.395  1.583  52.766 0.7777780294
47515  44.313  3.199  53.747 1.0000000000
46761  47.148  2.198  53.128 0.8888890147
46763  45.160  3.003  53.548 1.0000000000
48218  40.068  4.527  56.854 0.4444440007
48987  40.548  5.005  56.762 0.3333329856
48224  40.544  4.345  55.930 0.3333329856
48223  41.126  4.783  55.439 0.3333329856
48230  40.979  4.178  55.087 0.4444440007
44511  48.923  -0.385  51.418 0.2222220004
48228  42.028  5.089  54.069 0.4444440007
48229  41.378  4.683  54.495 0.3333329856
48243  43.327  4.577  53.701 0.7777780294
48234  42.748  4.810  53.767 0.5555559993
46034  47.488  1.541  51.983 0.3333329856
47524  44.394  3.695  53.419 1.0000000000
46769  47.035  2.590  52.431 0.8888890147
47522  46.126  3.283  52.664 1.0000000000
43734  49.751  -1.334  50.527 0.1111110002
44516  49.527  -0.740  50.808 0.1111110002
49769  41.444  5.922  55.923 0.2222220004
48991  41.479  5.453  55.401 0.3333329856
49768  41.779  6.448  55.507 0.3333329856
48990  41.917  5.599  54.728 0.3333329856
45288  48.928  0.616  51.329 0.3333329856
48995  42.484  5.637  54.203 0.4444440007
48233  43.399  5.021  53.858 0.6666669846
48994  43.138  5.596  53.992 0.5555559993
46778  47.538  2.492  51.567 0.7777780294
46770  46.477  3.088  52.619 1.0000000000
47523  45.400  3.675  52.737 1.0000000000
48241  44.793  4.632  53.139 0.8888890147
48242  43.987  4.701  53.714 0.7777780294
47530  47.050  3.161  51.815 0.8888890147
47531  46.260  3.732  51.907 0.8888890147
47532  45.485  4.170  52.028 1.0000000000
48240  45.148  4.688  52.288 1.0000000000
49773  42.282  6.412  54.645 0.2222220004
49000  43.746  5.559  53.759 0.5555559993
26874  15.386  -27.443  62.865 0.2222220004
26320  11.255  -28.754  64.392 0.4444440007
26863  13.008  -27.531  63.807 0.3333329856
27985  16.843  -25.374  63.041 0.2222220004
27420  14.950  -26.374  63.457 0.2222220004
28543  18.428  -24.492  62.759 0.2222220004
27986  16.097  -25.512  63.452 0.2222220004
27412  12.199  -26.883  64.717 0.5555559993
28554  19.104  -24.925  61.911 0.2222220004
25753  9.735  -29.640  64.935 0.4444440007
25179  9.216  -29.863  64.911 0.4444440007
24645  7.466  -31.300  63.782 0.2222220004
24638  7.707  -30.879  64.379 0.4444440007
24646  6.427  -31.290  63.520 0.2222220004
24647  5.704  -31.239  63.080 0.2222220004
24108  5.998  -32.117  63.020 0.2222220004
24658  5.437  -31.241  62.363 0.1111110002
24118  5.688  -32.296  62.036 0.2222220004
28544  17.226  -24.768  63.233 0.2222220004
27409  14.788  -25.780  63.876 0.2222220004
27974  15.665  -25.002  64.051 0.2222220004
28533  15.568  -24.828  64.373 0.3333329856
27976  13.703  -25.668  64.618 0.5555559993
27408  12.102  -26.670  65.237 0.5555559993
28523  17.112  -23.820  65.069 0.3333329856
29086  17.619  -23.362  64.958 0.3333329856
27406  11.915  -26.429  65.919 0.6666669846
29625  20.097  -22.294  64.936 0.3333329856
29615  20.457  -21.757  65.537 0.4444440007
25726  9.992  -29.249  66.212 0.5555559993
25738  9.369  -29.579  65.688 0.5555559993
30172  21.602  -21.167  65.388 0.3333329856
25194  7.172  -29.703  64.468 0.4444440007
27977  13.230  -25.839  64.665 0.5555559993
27973  13.147  -25.639  65.063 0.5555559993
28524  16.483  -24.095  65.296 0.4444440007
27405  12.058  -25.814  66.063 0.5555559993
28518  16.295  -24.004  66.033 0.5555559993
27971  14.857  -24.879  65.554 0.4444440007
27400  11.886  -25.829  66.307 0.6666669846
26854  11.465  -27.599  66.493 0.6666669846
29626  19.110  -22.386  65.241 0.4444440007
29079  17.489  -23.080  65.811 0.6666669846
29081  16.074  -23.613  66.347 0.5555559993
29619  17.130  -22.751  66.389 0.7777780294
29075  16.503  -23.053  66.499 0.7777780294
27401  11.714  -26.104  66.545 0.7777780294
26293  10.729  -27.859  67.016 0.5555559993
25739  8.503  -29.380  65.925 0.5555559993
30715  22.767  -20.305  64.839 0.4444440007
30717  21.476  -20.350  65.755 0.5555559993
30162  21.122  -20.936  65.911 0.5555559993
25755  6.825  -29.287  64.289 0.5555559993
25764  6.215  -29.607  63.612 0.2222220004
28521  13.550  -24.661  66.665 0.6666669846
28520  14.604  -24.225  66.742 0.6666669846
28522  12.991  -24.814  66.557 0.6666669846
27970  12.667  -24.934  66.663 0.7777780294
29609  17.406  -22.110  66.660 0.7777780294
27965  12.062  -25.240  67.190 0.7777780294
26850  10.230  -27.002  67.173 0.4444440007
25740  7.715  -28.919  65.477 0.5555559993
31292  23.745  -19.414  64.081 0.4444440007
31287  21.167  -19.711  65.938 0.7777780294
29611  15.704  -22.287  67.188 0.7777780294
30697  19.836  -20.050  67.020 0.8888890147
32410  21.514  -17.382  64.546 0.8888890147
32418  22.989  -17.729  63.652 0.7777780294
31858  20.482  -18.670  66.063 0.8888890147
32424  26.433  -17.750  63.388 0.7777780294
33001  25.261  -16.413  63.439 0.7777780294
32992  21.472  -16.476  64.443 0.8888890147
32994  20.210  -16.988  65.699 0.8888890147
32985  19.561  -16.365  66.034 0.6666669846
33604  24.784  -15.590  62.728 0.7777780294
33008  27.666  -16.977  63.644 0.6666669846
34166  22.942  -14.839  63.476 0.8888890147
34163  26.151  -14.712  63.525 0.8888890147
32998  28.003  -15.811  63.475 0.7777780294
34184  33.298  -14.814  62.093 0.5555559993
34165  24.673  -14.733  62.700 0.8888890147
34161  27.689  -14.547  62.934 0.7777780294
33611  29.524  -15.377  62.515 0.7777780294
34732  22.628  -13.225  63.543 0.5555559993
35299  22.908  -12.615  63.675 0.5555559993
33022  30.773  -15.812  61.504 0.5555559993
89835  26.239  -13.570  63.153 0.8888890147
35308  33.260  -13.078  60.491 0.5555559993
35309  32.630  -13.079  59.982 0.6666669846
34159  28.833  -14.011  62.082 0.7777780294
36549  36.798  -10.736  60.659 0.6666669846
35904  34.902  -11.926  60.529 0.6666669846
35906  33.194  -11.950  59.406 0.6666669846
35322  32.120  -11.916  59.116 0.7777780294
35289  24.130  -11.797  63.992 0.5555559993
89836  26.304  -12.938  63.132 0.8888890147
34753  31.680  -12.551  59.474 0.7777780294
34748  31.180  -12.945  60.075 0.8888890147
89852  28.900  -13.209  61.971 0.7777780294
89833  29.385  -12.043  63.185 0.8888890147
37272  33.073  -9.980  59.492 0.8888890147
35914  32.802  -11.506  59.225 0.7777780294
89860  31.861  -11.565  59.299 0.8888890147
89843  30.513  -11.738  60.746 0.8888890147
35881  25.468  -11.046  64.534 0.7777780294
37275  39.128  -9.471  59.516 0.7777780294
35889  29.421  -10.921  62.827 0.7777780294
89857  31.503  -11.203  59.863 0.8888890147
89864  31.227  -10.904  60.295 0.8888890147
39684  38.024  -6.950  59.222 0.8888890147
38874  39.703  -7.302  59.018 0.7777780294
39683  38.934  -7.093  59.082 0.8888890147
89858  31.683  -10.160  59.640 0.7777780294
89867  31.601  -9.862  59.539 0.7777780294
36543  29.710  -9.926  61.087 0.5555559993
89874  32.019  -9.742  58.910 0.7777780294
89871  31.365  -9.402  59.576 0.6666669846
38047  30.946  -9.073  60.057 0.6666669846
89873  31.418  -9.645  59.090 0.5555559993
89924  29.851  -4.835  53.545 0.3333329856
89916  29.271  -4.691  54.323 0.2222220004
40553  28.306  -5.918  57.267 0.2222220004
89935  28.273  -5.400  57.300 0.2222220004
40529  29.494  -6.064  59.948 0.2222220004
40545  28.476  -6.110  58.202 0.2222220004
39678  29.762  -6.494  61.365 0.1111110002
38851  29.350  -7.426  62.830 0.1111110002
38852  28.842  -7.871  63.403 0.1111110002
41354  31.573  -4.333  55.228 0.1111110002
40558  31.792  -4.963  55.281 0.3333329856
41340  31.619  -3.746  56.741 0.1111110002
41355  31.113  -3.928  54.529 0.2222220004
39718  31.484  -5.743  55.276 0.3333329856
39728  29.452  -5.979  55.312 0.3333329856
39702  28.912  -7.003  58.031 0.2222220004
40528  29.486  -7.028  59.549 0.2222220004
38855  29.644  -7.971  62.058 0.2222220004
37259  28.865  -9.248  63.059 0.3333329856
37255  27.849  -9.361  63.883 0.2222220004
40544  32.600  -5.110  57.021 0.2222220004
39720  29.547  -6.678  56.092 0.2222220004
39719  30.660  -6.556  55.754 0.3333329856
38885  29.361  -7.708  57.294 0.2222220004
40543  33.003  -5.703  57.205 0.2222220004
40551  32.638  -6.178  56.462 0.5555559993
38888  31.049  -7.686  56.517 0.3333329856
89872  29.849  -8.190  57.145 0.4444440007
89876  30.068  -7.933  56.803 0.3333329856
38063  29.419  -8.007  57.963 0.2222220004
38038  29.728  -8.681  61.217 0.2222220004
41312  34.450  -3.921  59.239 0.4444440007
40550  41.316  -5.441  57.141 0.7777780294
41321  38.795  -4.539  58.043 0.7777780294
42113  40.477  -4.263  57.819 0.8888890147
41318  41.115  -5.094  57.620 0.8888890147
41337  39.428  -4.094  57.781 0.8888890147
42941  41.575  -2.671  56.527 1.0000000000
45229  35.664  0.855  60.172 0.1111110002
42954  43.619  -2.889  55.660 0.8888890147
43705  44.729  -1.253  55.666 0.8888890147
44496  44.409  -0.474  55.352 1.0000000000
44500  46.245  -0.320  54.761 0.6666669846
45277  45.398  0.813  54.923 1.0000000000
47526  43.046  4.304  53.588 1.0000000000
46752  46.305  2.143  53.911 1.0000000000
45296  49.573  0.149  50.720 0.3333329856
48999  44.420  5.507  53.422 0.7777780294
25181  8.173  -29.566  65.339 0.4444440007
25722  9.140  -28.514  67.146 0.4444440007
25728  8.104  -28.722  66.585 0.4444440007
27402  11.001  -26.061  67.559 0.5555559993
25723  8.679  -28.347  67.210 0.2222220004
26846  8.881  -26.255  67.433 0.2222220004
26295  8.503  -27.260  67.362 0.2222220004
27403  9.787  -26.277  67.591 0.2222220004
26294  9.514  -28.047  67.195 0.3333329856
27959  11.956  -24.761  67.964 0.6666669846
28516  13.678  -24.000  67.349 0.6666669846
28517  12.888  -24.573  66.984 0.6666669846
29078  14.223  -23.427  67.424 0.6666669846
27404  9.327  -26.257  67.532 0.2222220004
27397  9.946  -25.624  67.956 0.2222220004
27960  11.317  -25.234  68.211 0.3333329856
28509  13.265  -23.684  67.838 0.6666669846
29071  14.398  -22.925  67.588 0.6666669846
29072  13.805  -23.244  67.911 0.6666669846
29612  14.844  -22.290  67.476 0.7777780294
27961  10.182  -24.993  68.341 0.2222220004
27396  10.619  -25.538  68.064 0.3333329856
28511  11.708  -24.221  68.505 0.3333329856
29073  13.046  -23.368  68.347 0.6666669846
29604  14.249  -22.447  67.999 0.6666669846
29605  13.546  -22.557  68.427 0.6666669846
30153  16.443  -21.408  67.299 0.7777780294
30154  15.465  -21.434  67.373 0.6666669846
30141  14.018  -22.012  68.314 0.6666669846
30155  14.465  -21.470  67.728 0.5555559993
30700  17.124  -20.577  67.695 0.4444440007
30701  16.126  -20.478  67.437 0.5555559993
30702  15.248  -20.647  67.277 0.3333329856
30686  16.766  -19.867  67.824 0.4444440007
31839  18.792  -18.453  67.637 0.5555559993
30684  18.042  -19.652  67.802 0.4444440007
31252  16.041  -19.297  67.433 0.3333329856
31251  17.116  -19.111  67.652 0.2222220004
31826  18.247  -18.324  67.686 0.3333329856
32393  19.292  -17.573  67.194 0.4444440007
31249  18.479  -18.942  67.668 0.4444440007
32987  18.278  -16.311  66.892 0.2222220004
32380  17.898  -17.725  67.705 0.2222220004
32972  18.451  -16.618  67.142 0.2222220004
32407  19.223  -17.182  67.124 0.3333329856
32986  18.876  -16.569  66.727 0.2222220004
34154  20.154  -14.602  64.347 0.5555559993
34148  18.794  -15.148  65.249 0.1111110002
34725  19.150  -12.998  63.636 0.1111110002
34718  19.099  -13.644  63.984 0.1111110002
33586  18.947  -15.767  65.691 0.2222220004
34169  20.259  -14.065  63.964 0.4444440007
34717  19.872  -13.986  63.911 0.3333329856
34168  20.908  -14.145  64.057 0.4444440007
35902  37.259  -11.751  60.803 0.2222220004
35292  21.415  -12.306  63.552 0.2222220004
34723  21.226  -13.243  63.607 0.3333329856
35301  21.757  -12.734  63.582 0.3333329856
36548  37.865  -10.845  60.446 0.3333329856
35290  23.143  -11.873  64.014 0.4444440007
42943  29.936  -2.586  55.733 0.1111110002
42955  29.422  -2.836  55.152 0.1111110002
42136  30.095  -2.748  55.217 0.1111110002
89937  29.981  -3.265  54.206 0.1111110002
89939  30.493  -3.379  54.320 0.1111110002
41362  30.139  -4.077  53.145 0.1111110002
35883  23.388  -10.932  64.574 0.2222220004
37267  38.182  -10.248  60.036 0.4444440007
36520  23.627  -10.096  65.409 0.2222220004
35872  23.072  -10.554  65.191 0.2222220004
36532  23.921  -10.560  64.741 0.3333329856
35882  24.445  -10.961  64.353 0.3333329856
44471  34.420  -0.503  59.721 0.1111110002
42916  34.215  -2.291  59.771 0.2222220004
43688  34.722  -1.412  59.506 0.2222220004
42106  34.728  -3.224  59.663 0.2222220004
43687  35.568  -1.472  59.233 0.2222220004
42915  35.331  -2.415  59.459 0.2222220004
42118  35.842  -3.035  59.052 0.2222220004
42924  35.888  -2.479  59.119 0.2222220004
42107  33.733  -3.299  59.692 0.2222220004
42105  35.312  -3.326  59.315 0.2222220004
48256  45.332  5.324  49.839 0.7777780294
45986  38.793  1.771  58.004 0.3333329856
49009  45.535  5.548  50.741 0.7777780294
48249  45.397  4.720  51.306 0.7777780294
49010  44.948  5.742  49.825 0.7777780294
46730  38.815  2.551  58.060 0.3333329856
49783  45.428  6.359  52.366 0.7777780294
49003  45.178  5.471  51.793 0.6666669846
48998  45.067  5.493  52.782 0.6666669846
49787  46.805  6.699  51.648 0.6666669846
49788  45.979  6.169  51.599 0.7777780294
50519  48.371  7.942  50.615 0.7777780294
49008  46.373  5.945  50.902 0.7777780294
47494  39.073  3.270  57.823 0.3333329856
47503  39.412  2.939  57.033 0.4444440007
51268  46.685  8.663  52.372 0.3333329856
50511  46.598  7.665  52.339 0.4444440007
50512  45.809  7.460  52.688 0.4444440007
51276  47.509  8.688  51.598 0.4444440007
51277  47.090  8.424  52.003 0.5555559993
49781  46.726  7.033  52.217 0.5555559993
49782  46.275  6.815  52.260 0.6666669846
51275  48.116  8.659  50.947 0.5555559993
50514  47.713  7.844  50.952 0.6666669846
51280  48.752  8.552  50.418 0.7777780294
52053  50.124  9.168  49.198 0.7777780294
51286  49.203  8.780  50.011 0.7777780294
52037  46.243  9.505  53.016 0.1111110002
51269  46.049  8.422  52.704 0.3333329856
51260  45.358  8.296  53.058 0.2222220004
50506  45.020  7.313  53.030 0.3333329856
49776  44.694  6.379  53.138 0.3333329856
54415  47.991  12.596  51.650 0.1111110002
53663  48.346  11.394  51.881 0.1111110002
53664  47.882  11.169  52.190 0.3333329856
52854  47.545  10.656  52.303 0.5555559993
52036  46.877  9.469  52.470 0.3333329856
54414  48.677  11.956  51.406 0.1111110002
52852  48.698  10.673  51.806 0.2222220004
52859  48.348  9.909  51.336 0.4444440007
52045  48.026  9.459  51.464 0.5555559993
53667  49.125  11.070  50.780 0.3333329856
52050  48.458  9.442  50.791 0.6666669846
52861  49.073  10.368  50.152 0.7777780294
52049  48.809  9.804  50.344 0.7777780294
52054  49.287  9.487  49.672 0.7777780294
48983  40.160  5.120  57.270 0.2222220004
49777  44.025  6.310  53.557 0.3333329856
52038  45.762  8.854  53.023 0.2222220004
48986  41.068  5.366  56.212 0.2222220004
52031  45.515  9.078  53.469 0.1111110002
50508  43.709  6.844  53.675 0.2222220004
49778  43.438  6.334  53.802 0.3333329856
51261  44.672  8.065  53.324 0.2222220004
50507  44.194  7.331  53.559 0.2222220004
51252  45.018  8.616  53.654 0.1111110002
49772  42.860  6.404  54.141 0.3333329856
51253  44.409  8.383  54.027 0.1111110002
50504  42.618  7.089  54.424 0.3333329856
50503  43.376  7.393  54.094 0.2222220004
50502  43.934  7.844  53.971 0.2222220004
34733  21.924  -13.131  63.569 0.6666669846
35903  36.138  -11.618  60.864 0.4444440007
29077  14.919  -23.203  67.119 0.6666669846
28510  12.615  -24.190  67.836 0.6666669846
33585  19.499  -15.923  65.734 0.4444440007
33595  19.175  -15.316  65.279 0.2222220004
35300  22.140  -12.670  63.642 0.2222220004
35870  25.059  -10.379  64.705 0.5555559993
89936  29.435  -3.421  54.099 0.1111110002
28513  9.471  -24.103  68.534 0.2222220004
30685  17.556  -19.768  67.879 0.4444440007
31250  17.931  -19.103  67.697 0.4444440007
32394  18.648  -17.362  67.507 0.2222220004
31827  17.556  -18.340  67.637 0.3333329856
49789  45.519  5.850  51.611 0.7777780294
50510  46.944  7.227  52.105 0.6666669846
50515  47.143  7.688  51.745 0.5555559993
50518  48.989  7.648  50.326 0.7777780294
50516  46.900  8.104  52.136 0.4444440007
52046  47.434  9.735  52.078 0.4444440007
51267  47.121  8.998  52.098 0.3333329856
51279  49.337  8.201  50.129 0.7777780294
52055  48.864  9.214  50.214 0.7777780294
52061  49.660  9.776  48.956 0.7777780294
52848  46.514  10.139  53.134 0.2222220004
53655  47.934  11.801  52.188 0.1111110002
52853  48.147  10.402  51.860 0.4444440007
53662  48.795  10.985  51.533 0.2222220004
52851  49.227  10.717  51.943 0.2222220004
52858  48.682  10.392  51.107 0.5555559993
52857  48.690  10.904  51.563 0.2222220004
52865  49.247  10.385  49.268 0.7777780294
24644  8.487  -31.426  63.293 0.3333329856
25221  5.266  -30.335  61.913 0.1111110002
25763  6.483  -29.365  63.960 0.2222220004
26334  6.267  -29.001  63.700 0.1111110002
25770  5.833  -29.582  63.034 0.1111110002
26322  6.871  -28.537  64.385 0.2222220004
26341  16.406  -28.151  62.625 0.1111110002
26340  17.012  -28.086  62.673 0.1111110002
26894  20.226  -27.009  61.393 0.1111110002
26895  19.257  -27.193  61.358 0.1111110002
26871  18.172  -27.897  63.166 0.1111110002
26884  17.580  -27.813  62.120 0.1111110002
26896  18.338  -27.455  61.328 0.1111110002
89545  19.516  -25.461  61.015 0.1111110002
27442  18.618  -26.499  61.040 0.1111110002
27443  17.586  -26.982  61.247 0.1111110002
89544  20.202  -24.915  61.129 0.1111110002
28005  17.856  -26.323  61.604 0.1111110002
29595  13.092  -22.306  68.783 0.4444440007
27993  19.008  -25.326  61.471 0.1111110002
28006  17.434  -26.540  61.779 0.1111110002
29606  12.974  -22.804  68.738 0.6666669846
27453  20.392  -26.124  60.617 0.1111110002
27440  20.910  -26.429  61.019 0.1111110002
30687  13.308  -20.646  67.835 0.2222220004
30143  12.797  -20.923  68.492 0.2222220004
30142  13.433  -21.578  68.454 0.3333329856
29112  20.772  -24.006  62.270 0.1111110002
28553  20.181  -24.360  62.011 0.1111110002
28541  20.498  -23.921  62.585 0.1111110002
27983  22.710  -25.382  62.696 0.1111110002
27428  21.885  -25.956  61.450 0.1111110002
27984  22.335  -25.140  62.173 0.1111110002
28539  22.377  -24.553  63.109 0.1111110002
27992  21.864  -24.764  61.420 0.1111110002
30704  13.783  -20.283  67.023 0.1111110002
28529  22.564  -24.004  63.875 0.1111110002
28530  22.000  -23.912  63.478 0.1111110002
29102  21.536  -23.479  63.434 0.1111110002
29094  21.941  -23.232  64.014 0.1111110002
29634  21.503  -22.348  64.275 0.1111110002
28537  23.983  -24.244  63.123 0.1111110002
28528  23.360  -23.917  64.038 0.1111110002
29091  23.665  -23.054  63.366 0.1111110002
29092  23.357  -23.043  63.992 0.1111110002
29093  22.742  -23.200  64.250 0.1111110002
29631  23.402  -22.140  63.614 0.1111110002
29633  22.224  -22.451  64.326 0.1111110002
30178  23.308  -21.230  64.073 0.1111110002
30179  22.741  -21.455  64.401 0.1111110002
29622  22.394  -21.810  64.477 0.1111110002
30721  23.315  -20.325  64.363 0.1111110002
29101  23.995  -23.079  62.604 0.1111110002
29639  23.996  -21.987  61.911 0.1111110002
29630  23.838  -22.035  62.891 0.1111110002
34190  34.468  -14.773  61.098 0.2222220004
30185  24.516  -20.780  62.360 0.1111110002
34182  34.406  -15.458  61.523 0.3333329856
30177  23.957  -21.140  63.384 0.1111110002
33617  33.356  -15.611  62.315 0.4444440007
31302  24.355  -19.620  63.614 0.2222220004
30730  24.478  -20.127  63.155 0.2222220004
30720  23.967  -20.352  63.902 0.1111110002
30738  28.749  -20.466  61.634 0.2222220004
29643  27.925  -21.369  60.444 0.1111110002
30208  27.052  -20.285  60.100 0.1111110002
30193  28.119  -21.203  61.274 0.2222220004
29644  27.564  -20.726  60.298 0.1111110002
30756  27.199  -20.029  59.055 0.1111110002
31309  29.176  -19.493  61.976 0.2222220004
31310  28.186  -19.416  61.785 0.2222220004
30194  27.528  -20.454  60.832 0.1111110002
30195  26.716  -19.803  60.332 0.1111110002
30210  24.727  -20.749  60.140 0.1111110002
29645  23.980  -21.970  60.776 0.1111110002
33624  35.946  -15.614  61.068 0.1111110002
34189  35.475  -14.839  60.729 0.2222220004
30739  27.760  -20.098  61.474 0.2222220004
30740  27.047  -19.546  61.118 0.1111110002
30183  25.645  -19.027  60.796 0.1111110002
31311  27.277  -19.221  61.685 0.1111110002
30741  26.297  -18.988  61.172 0.1111110002
30184  24.917  -19.603  61.394 0.1111110002
30729  24.895  -19.490  62.326 0.1111110002
34183  33.874  -15.144  61.761 0.3333329856
34191  33.650  -14.428  61.490 0.4444440007
31301  24.825  -19.244  63.066 0.2222220004
31291  24.417  -18.888  63.475 0.5555559993
33623  36.853  -15.718  60.665 0.1111110002
34187  37.187  -15.131  60.637 0.1111110002
34188  36.429  -14.914  60.768 0.1111110002
34738  36.109  -13.993  60.723 0.1111110002
31882  28.521  -18.647  62.183 0.2222220004
30727  26.558  -19.023  61.518 0.1111110002
31300  25.405  -18.729  62.475 0.2222220004
34739  35.163  -13.868  60.881 0.3333329856
31883  27.566  -18.697  62.202 0.3333329856
31299  26.480  -18.787  62.210 0.3333329856
34740  34.253  -13.793  61.055 0.4444440007
31871  26.981  -18.313  62.896 0.4444440007
31872  25.999  -18.386  62.950 0.5555559993
35307  34.038  -13.071  60.893 0.4444440007
34737  36.981  -14.234  60.612 0.1111110002
35305  35.900  -13.157  61.256 0.2222220004
35306  34.890  -12.906  61.189 0.4444440007
33632  37.557  -15.745  60.116 0.1111110002
33631  37.983  -15.504  59.772 0.1111110002
34198  37.694  -14.627  60.314 0.1111110002
35896  35.682  -12.353  61.061 0.4444440007
35313  34.471  -12.584  60.782 0.4444440007
33636  38.051  -15.618  59.214 0.1111110002
34197  38.191  -15.035  59.844 0.1111110002
34746  37.626  -13.592  60.342 0.1111110002
35304  36.845  -13.197  60.839 0.1111110002
35895  36.501  -12.394  61.040 0.1111110002
33640  39.083  -15.409  57.477 0.1111110002
33033  38.557  -16.141  58.148 0.1111110002
36519  24.569  -10.008  65.073 0.2222220004
33641  38.619  -14.969  58.280 0.1111110002
34201  38.468  -14.470  59.085 0.1111110002
34745  38.330  -14.015  59.847 0.1111110002
35312  37.584  -12.599  60.475 0.1111110002
38032  27.391  -8.345  64.290 0.1111110002
35894  37.073  -12.474  60.865 0.1111110002
34210  41.285  -14.176  56.229 0.1111110002
34211  40.264  -13.919  56.463 0.1111110002
33648  39.723  -14.731  56.939 0.1111110002
33039  39.891  -15.933  56.934 0.1111110002
37249  24.595  -9.024  65.540 0.2222220004
34763  40.873  -12.745  56.446 0.1111110002
37248  25.552  -9.039  65.074 0.2222220004
35331  41.175  -12.377  56.895 0.1111110002
34212  39.607  -13.731  57.074 0.1111110002
34204  39.119  -14.294  57.590 0.1111110002
37247  26.192  -9.234  64.709 0.1111110002
36517  25.899  -9.588  64.676 0.2222220004
36518  25.425  -9.964  64.726 0.2222220004
35917  41.575  -11.841  57.650 0.1111110002
35325  41.055  -12.274  57.403 0.1111110002
34757  40.366  -12.551  57.276 0.1111110002
34758  39.555  -13.160  57.973 0.1111110002
34205  38.912  -13.922  58.364 0.1111110002
34752  39.010  -13.326  58.979 0.1111110002
37256  26.910  -9.150  64.423 0.1111110002
36529  26.466  -10.168  64.382 0.1111110002
35923  42.148  -11.408  57.246 0.1111110002
35918  41.033  -11.706  58.491 0.1111110002
35327  39.877  -12.684  58.393 0.1111110002
35311  38.332  -12.930  59.898 0.1111110002
36567  42.281  -10.297  57.371 0.1111110002
36561  41.788  -10.971  58.051 0.1111110002
35320  38.978  -12.320  59.546 0.1111110002
36562  41.081  -10.537  58.642 0.1111110002
35901  38.493  -11.768  60.157 0.1111110002
37289  42.316  -9.097  57.352 0.1111110002
35326  40.357  -12.377  58.342 0.1111110002
35318  40.157  -12.237  58.717 0.1111110002
36555  40.775  -11.316  58.929 0.1111110002
35910  40.370  -11.808  58.899 0.1111110002
35319  39.701  -12.513  58.817 0.1111110002
35911  39.369  -11.529  59.569 0.1111110002
36563  40.546  -9.868  58.867 0.2222220004
36556  40.230  -10.747  59.161 0.1111110002
36557  39.308  -10.469  59.584 0.1111110002
35900  38.963  -11.265  59.987 0.1111110002
42973  47.721  -2.881  52.779 0.1111110002
47537  48.118  3.519  50.936 0.6666669846
47538  47.313  3.796  51.227 0.7777780294
47547  48.854  3.934  50.350 0.6666669846
47548  47.983  4.069  50.671 0.6666669846
47539  46.449  4.215  51.200 0.6666669846
48248  45.921  4.527  50.957 0.6666669846
48264  48.300  4.800  50.315 0.6666669846
48265  47.403  4.813  50.504 0.6666669846
48266  46.571  4.988  50.328 0.6666669846
49020  46.868  5.494  50.492 0.6666669846
49021  46.001  5.408  50.344 0.6666669846
49018  48.563  5.820  50.012 0.6666669846
49019  47.670  5.576  50.358 0.6666669846
49007  47.157  6.199  50.782 0.6666669846
49038  52.234  5.883  48.586 0.5555559993
49028  51.796  5.344  49.134 0.5555559993
48274  50.833  5.065  49.523 0.6666669846
49786  47.534  6.940  51.078 0.6666669846
49810  52.479  6.650  48.467 0.5555559993
49811  51.881  6.476  48.714 0.5555559993
49029  50.989  5.679  49.366 0.6666669846
49016  50.527  5.338  49.545 0.6666669846
48263  49.342  4.686  50.084 0.6666669846
49006  47.823  6.333  50.496 0.6666669846
49804  51.395  6.457  49.095 0.5555559993
49805  50.760  6.656  49.393 0.6666669846
49806  49.984  6.688  49.515 0.6666669846
49796  49.167  6.737  49.886 0.6666669846
50528  52.825  7.538  48.316 0.5555559993
50530  51.608  7.004  48.836 0.5555559993
49797  48.322  7.027  50.502 0.6666669846
50525  49.630  7.540  49.854 0.6666669846
50524  50.375  7.551  49.502 0.6666669846
52847  46.900  10.412  52.825 0.1111110002
51295  53.664  8.243  47.320 0.4444440007
51289  53.208  8.384  47.976 0.4444440007
51290  52.500  8.454  48.495 0.5555559993
50529  52.017  7.505  48.679 0.6666669846
50522  51.686  7.973  48.917 0.6666669846
50523  51.274  7.525  49.127 0.6666669846
51285  49.810  8.451  49.666 0.6666669846
52063  54.046  8.752  46.949 0.3333329856
52064  53.577  9.210  47.399 0.4444440007
51291  51.975  8.865  48.767 0.6666669846
51283  51.454  8.535  49.028 0.6666669846
51284  50.676  8.409  49.299 0.6666669846
52071  54.532  8.763  46.312 0.3333329856
52873  54.790  9.170  45.978 0.3333329856
52072  54.100  9.237  46.712 0.3333329856
52874  54.383  9.357  46.070 0.3333329856
52065  52.642  9.498  47.372 0.6666669846
52052  50.863  9.114  48.996 0.6666669846
52066  51.557  9.484  47.400 0.6666669846
52059  51.329  9.227  48.372 0.6666669846
53671  49.517  11.100  47.861 0.5555559993
52864  49.543  10.341  48.386 0.6666669846
52877  51.036  10.094  46.352 0.6666669846
52870  50.857  9.762  47.170 0.6666669846
52896  54.866  9.730  43.760 0.2222220004
52883  54.136  9.642  45.348 0.4444440007
52884  52.902  9.857  45.021 0.5555559993
52876  52.341  9.713  46.206 0.6666669846
52871  50.159  10.212  47.374 0.6666669846
52060  50.326  9.586  48.403 0.6666669846
52882  55.028  9.377  45.471 0.2222220004
52875  53.463  9.569  46.356 0.3333329856
52073  52.488  9.624  46.817 0.6666669846
52074  52.021  9.615  46.818 0.6666669846
53675  50.042  11.338  47.164 0.4444440007
52095  55.688  9.744  41.585 0.2222220004
52900  55.654  9.686  43.341 0.2222220004
52878  50.292  10.695  46.664 0.5555559993
53678  50.493  11.340  46.145 0.5555559993
52100  55.900  9.733  40.966 0.1111110002
52901  55.054  9.999  42.731 0.2222220004
52891  54.006  9.824  44.365 0.4444440007
52885  51.687  10.244  45.382 0.6666669846
53677  50.814  10.780  45.710 0.6666669846
52907  54.538  11.000  41.933 0.2222220004
52902  54.078  10.693  42.440 0.3333329856
52897  54.055  10.130  43.404 0.4444440007
52892  53.250  10.273  44.041 0.5555559993
53682  52.046  10.589  44.518 0.5555559993
52915  56.651  10.645  40.075 0.1111110002
53703  57.143  11.808  39.879 0.1111110002
53697  56.000  10.958  40.995 0.1111110002
52906  55.266  10.531  41.684 0.1111110002
53683  51.138  11.359  45.086 0.5555559993
54461  57.645  12.653  39.430 0.2222220004
53704  56.397  11.399  40.492 0.1111110002
52898  53.283  10.675  43.246 0.5555559993
53687  52.599  10.783  43.854 0.5555559993
53688  52.112  11.668  44.219 0.5555559993
55243  58.003  13.424  38.625 0.2222220004
55233  57.745  12.956  39.174 0.2222220004
54454  56.784  12.295  40.106 0.1111110002
54455  56.088  12.423  40.550 0.2222220004
53699  54.506  11.326  41.333 0.2222220004
53694  54.101  11.093  41.937 0.4444440007
52903  53.255  11.007  42.685 0.5555559993
53691  52.821  11.582  43.285 0.5555559993
53695  53.338  11.486  42.078 0.5555559993
54432  50.685  12.313  46.104 0.4444440007
53689  51.621  12.026  44.668 0.5555559993
55253  58.313  13.938  38.085 0.1111110002
55234  57.264  13.395  39.468 0.2222220004
53706  54.402  11.824  40.203 0.3333329856
53700  53.396  11.806  40.921 0.5555559993
53692  52.487  12.093  43.805 0.5555559993
56694  59.579  14.856  36.310 0.1111110002
56684  58.814  14.923  37.428 0.1111110002
55962  58.168  14.456  38.208 0.1111110002
55228  55.766  13.196  40.264 0.3333329856
54443  52.676  12.506  42.738 0.5555559993
56695  59.141  15.358  36.743 0.1111110002
55963  57.726  14.456  38.619 0.2222220004
55956  56.721  14.498  39.482 0.2222220004
55236  55.362  13.855  39.813 0.3333329856
55237  54.436  13.602  39.664 0.4444440007
56700  59.478  15.793  36.128 0.1111110002
55210  51.986  13.611  44.992 0.3333329856
54436  51.495  12.669  45.063 0.3333329856
54437  50.933  12.251  45.484 0.3333329856
54435  52.115  12.976  44.626 0.4444440007
55217  52.777  13.520  43.497 0.4444440007
55218  52.686  13.058  43.929 0.4444440007
54440  52.382  12.620  44.150 0.4444440007
54444  52.616  12.560  43.570 0.4444440007
54463  53.821  12.920  39.701 0.5555559993
54447  51.879  12.929  41.258 0.5555559993
57408  59.993  16.272  34.283 0.1111110002
57405  59.880  16.164  35.147 0.1111110002
57402  59.184  16.203  36.182 0.1111110002
56696  58.618  15.868  37.065 0.2222220004
55955  57.331  14.482  39.099 0.2222220004
55215  52.572  13.591  44.322 0.3333329856
55953  53.535  14.518  40.183 0.4444440007
55223  52.417  13.894  41.373 0.5555559993
55220  52.362  13.588  42.332 0.5555559993
55959  54.029  14.297  39.648 0.5555559993
55230  52.629  13.675  40.446 0.5555559993
55221  52.017  13.263  41.561 0.5555559993
58121  59.562  16.573  35.290 0.1111110002
56686  57.690  15.907  37.921 0.2222220004
56676  57.332  15.470  38.541 0.2222220004
55957  55.845  14.682  39.723 0.4444440007
56671  55.361  15.565  39.627 0.5555559993
58132  60.196  17.335  32.841 0.1111110002
58128  59.982  17.218  33.816 0.1111110002
57403  58.735  16.257  36.649 0.2222220004
57392  58.187  16.407  37.120 0.2222220004
57386  57.416  16.516  38.035 0.3333329856
56670  56.412  15.517  39.237 0.4444440007
58859  60.209  18.291  32.331 0.2222220004
58850  59.595  17.874  34.178 0.2222220004
58122  59.042  16.968  35.540 0.2222220004
58115  58.807  16.598  36.205 0.2222220004
58104  58.030  16.886  37.032 0.2222220004
57393  57.827  16.275  37.608 0.2222220004
59575  59.795  19.084  32.804 0.4444440007
59570  59.676  18.865  33.292 0.3333329856
58854  59.824  18.305  33.368 0.3333329856
56666  54.022  15.327  40.438 0.4444440007
56672  54.523  15.481  39.826 0.4444440007
56677  56.669  15.894  38.757 0.4444440007
57381  55.730  16.553  39.215 0.4444440007
58126  59.258  17.663  34.768 0.3333329856
58116  58.271  17.100  36.510 0.3333329856
58105  57.659  17.147  37.456 0.3333329856
57388  56.270  16.639  38.862 0.4444440007
58855  59.522  18.486  33.929 0.4444440007
58123  58.445  17.767  35.710 0.3333329856
58117  57.670  17.845  36.789 0.4444440007
58098  57.453  17.004  37.950 0.3333329856
58100  56.140  17.224  38.580 0.4444440007
58093  55.491  17.168  38.840 0.4444440007
58825  57.292  18.079  37.250 0.4444440007
58820  56.565  17.852  38.081 0.4444440007
58851  59.195  18.536  34.438 0.4444440007
58852  58.804  18.648  34.894 0.4444440007
58837  57.971  18.163  36.167 0.4444440007
58106  57.159  17.905  37.829 0.4444440007
59576  59.440  19.781  32.890 0.4444440007
59571  59.366  19.186  33.704 0.4444440007
59567  59.168  19.024  34.272 0.4444440007
60337  59.750  19.893  32.218 0.4444440007
59542  54.533  19.499  38.005 0.1111110002
58827  55.417  18.728  37.260 0.2222220004
58822  54.719  18.351  38.199 0.3333329856
59546  55.992  18.987  37.141 0.2222220004
58821  55.764  18.017  37.972 0.4444440007
58826  56.521  18.547  37.385 0.4444440007
59568  58.810  19.287  34.616 0.4444440007
58847  58.356  18.722  35.451 0.4444440007
58848  57.845  18.785  36.010 0.4444440007
58838  57.324  18.793  36.605 0.4444440007
61119  59.215  21.143  31.772 0.3333329856
61113  58.867  21.018  32.428 0.4444440007
60330  58.991  20.220  33.256 0.4444440007
59572  58.788  20.040  34.007 0.4444440007
59547  54.621  19.808  37.230 0.1111110002
58841  54.928  18.892  36.876 0.1111110002
60310  56.058  19.762  36.261 0.1111110002
59556  55.742  19.286  36.687 0.2222220004
60320  56.373  20.241  35.658 0.2222220004
59565  57.141  19.889  36.036 0.2222220004
58839  56.721  19.028  36.899 0.3333329856
60319  57.395  20.151  35.362 0.2222220004
59554  57.225  19.431  36.270 0.2222220004
60324  58.088  20.293  34.654 0.2222220004
60318  57.903  19.916  35.310 0.3333329856
59564  57.690  19.420  35.791 0.4444440007
60339  58.744  20.847  32.870 0.2222220004
59563  58.238  19.573  35.217 0.4444440007
59557  54.931  19.415  36.652 0.1111110002
60311  55.488  19.946  36.181 0.1111110002
60332  57.666  20.904  34.074 0.2222220004
60331  58.260  20.883  33.550 0.2222220004
60312  54.653  20.515  36.506 0.1111110002
60321  55.239  20.480  35.412 0.1111110002
61103  55.604  20.883  33.894 0.1111110002
60326  55.916  20.823  34.682 0.1111110002
61108  55.947  21.396  33.393 0.1111110002
61102  56.429  21.036  33.970 0.1111110002
61873  56.880  21.809  32.543 0.1111110002
61107  57.168  21.283  33.377 0.1111110002
60325  57.006  20.785  34.502 0.2222220004
61115  57.375  21.620  32.611 0.1111110002
61106  57.901  21.286  33.189 0.2222220004
61114  58.148  21.396  32.503 0.2222220004
60327  54.832  20.726  34.347 0.1111110002
57414  60.128  16.404  32.314 0.1111110002
57416  60.229  16.403  31.327 0.1111110002
58138  60.467  17.347  30.614 0.1111110002
58134  60.385  17.355  31.792 0.1111110002
27994  18.453  -25.642  61.650 0.1111110002
28542  19.460  -24.205  62.648 0.1111110002
29103  20.800  -23.436  63.264 0.1111110002
29095  21.139  -22.833  63.760 0.1111110002
37274  39.920  -9.685  59.214 0.2222220004
42972  47.962  -2.148  52.656 0.1111110002
29063  12.562  -23.152  68.794 0.4444440007
50498  42.813  7.737  54.736 0.1111110002
36547  38.723  -10.773  60.104 0.1111110002
25729  7.683  -27.687  66.092 0.2222220004
28004  21.130  -24.750  60.900 0.1111110002
29596  12.534  -22.546  69.115 0.2222220004
30138  12.404  -21.594  69.138 0.2222220004
30156  13.928  -20.853  67.685 0.2222220004
28552  21.077  -24.072  61.731 0.1111110002
28540  21.708  -23.973  62.566 0.1111110002
28527  23.616  -23.584  63.704 0.1111110002
29632  22.887  -22.217  64.194 0.1111110002
30170  22.908  -20.901  64.532 0.1111110002
30197  24.673  -20.801  61.163 0.1111110002
31873  25.153  -18.559  63.139 0.5555559993
30209  25.734  -19.635  59.660 0.1111110002
30218  24.914  -20.888  59.248 0.1111110002
30196  24.996  -19.428  60.318 0.1111110002
30728  25.666  -18.876  61.616 0.2222220004
34764  39.879  -13.084  56.849 0.1111110002
34756  40.775  -12.408  56.976 0.1111110002
35324  41.425  -12.104  57.335 0.1111110002
34765  39.639  -13.310  57.247 0.1111110002
34751  39.413  -12.994  58.594 0.1111110002
35912  38.955  -11.870  59.780 0.1111110002
36546  39.147  -10.994  59.890 0.1111110002
47549  47.441  4.326  50.837 0.6666669846
48254  47.007  4.559  50.767 0.6666669846
48255  46.316  4.678  50.628 0.6666669846
49027  52.529  5.246  48.806 0.5555559993
48273  51.182  4.941  49.510 0.6666669846
49017  49.778  5.642  49.675 0.6666669846
49030  50.410  5.996  49.488 0.6666669846
52057  53.000  9.185  48.173 0.5555559993
51282  51.945  8.277  48.804 0.6666669846
52058  52.193  9.188  48.153 0.6666669846
52868  53.180  9.545  47.035 0.4444440007
52067  50.821  9.588  47.721 0.6666669846
53669  49.291  11.005  49.773 0.4444440007
52886  51.088  10.543  45.543 0.6666669846
52890  54.885  9.640  44.667 0.2222220004
52869  52.853  9.619  46.789 0.4444440007
52090  55.445  9.855  42.079 0.2222220004
52910  55.577  10.050  41.174 0.1111110002
52909  55.958  10.462  40.824 0.1111110002
53681  52.675  10.344  44.339 0.5555559993
53711  56.642  11.099  40.084 0.1111110002
52099  56.544  9.698  40.514 0.1111110002
53684  50.705  11.819  45.640 0.5555559993
53698  55.585  11.165  41.135 0.1111110002
52905  55.730  10.775  41.188 0.1111110002
54453  57.332  12.418  39.724 0.2222220004
53705  55.380  11.818  40.750 0.2222220004
55244  57.575  13.931  38.946 0.2222220004
55226  57.000  12.757  39.839 0.2222220004
55227  56.574  12.991  40.073 0.2222220004
54446  52.427  12.515  41.557 0.5555559993
54441  51.936  12.396  44.522 0.4444440007
55972  58.558  14.438  37.775 0.1111110002
55235  56.276  13.788  39.848 0.2222220004
54456  55.193  12.529  40.335 0.3333329856
53707  53.470  12.189  40.132 0.5555559993
56699  59.823  15.345  35.813 0.1111110002
55229  55.003  13.228  40.124 0.3333329856
53712  53.949  12.281  39.694 0.5555559993
54462  54.496  12.696  39.882 0.4444440007
54449  52.720  12.458  40.620 0.5555559993
56675  57.956  14.984  38.344 0.2222220004
56669  57.022  15.037  39.187 0.2222220004
57406  59.559  16.194  35.714 0.1111110002
55238  53.493  13.669  39.757 0.5555559993
55958  54.809  14.648  39.612 0.5555559993
54457  53.090  12.883  40.052 0.5555559993
55224  51.954  13.340  40.987 0.5555559993
54450  52.025  12.797  40.854 0.5555559993
57410  59.999  16.360  33.307 0.1111110002
58125  59.657  16.980  34.736 0.1111110002
56685  58.303  15.441  37.727 0.2222220004
55950  53.221  14.471  41.001 0.4444440007
55952  54.103  14.935  39.771 0.4444440007
57387  56.737  16.454  38.531 0.4444440007
57380  56.376  16.223  38.942 0.4444440007
57382  54.668  16.344  39.645 0.4444440007
58846  58.785  18.016  35.062 0.3333329856
58099  57.089  17.214  38.175 0.4444440007
58101  55.337  17.559  38.472 0.4444440007
58094  54.797  17.283  39.032 0.4444440007
60338  59.234  20.487  32.468 0.4444440007
58828  54.721  19.013  37.313 0.1111110002
58840  55.224  19.007  36.762 0.1111110002
59545  56.327  19.087  36.935 0.2222220004
59555  56.624  19.479  36.459 0.2222220004
61101  56.875  21.062  33.968 0.1111110002
25754  7.290  -29.169  64.688 0.2222220004
29074  12.347  -23.648  68.511 0.2222220004
29065  10.831  -23.049  69.153 0.1111110002
29064  11.859  -23.371  69.157 0.1111110002
29597  11.556  -22.385  69.398 0.1111110002
38018  24.869  -7.585  65.643 0.1111110002
38029  24.455  -8.240  65.733 0.1111110002
37239  24.144  -8.806  65.838 0.1111110002
38028  24.948  -8.109  65.486 0.1111110002
38789  23.812  -6.719  67.862 0.1111110002
39651  24.000  -7.249  66.621 0.1111110002
38809  23.640  -7.091  67.037 0.1111110002
38824  24.325  -7.398  66.118 0.1111110002
38838  24.288  -8.015  65.924 0.1111110002
36510  23.327  -9.476  66.066 0.1111110002
36511  22.897  -9.841  66.216 0.1111110002
35873  22.561  -10.807  65.126 0.1111110002
38017  25.347  -7.738  65.504 0.1111110002
38810  23.042  -7.295  67.128 0.1111110002
38021  22.941  -8.340  66.671 0.1111110002
37241  22.926  -8.897  66.570 0.1111110002
36522  22.206  -10.625  65.615 0.1111110002
35885  21.462  -11.507  64.157 0.1111110002
35886  20.808  -11.642  63.762 0.1111110002
34724  20.012  -13.423  63.601 0.1111110002
35884  22.386  -11.315  64.456 0.1111110002
35874  21.599  -10.959  65.230 0.1111110002
46040  50.362  0.874  49.929 0.3333329856
46041  49.914  0.648  50.407 0.3333329856
46032  49.523  1.374  50.749 0.3333329856
46777  48.580  2.746  51.039 0.4444440007
46031  50.316  1.910  50.101 0.3333329856
46030  50.964  2.351  49.835 0.2222220004
46775  50.355  2.784  50.252 0.4444440007
46784  49.773  3.000  50.308 0.5555559993
46785  49.202  3.181  50.469 0.5555559993
46786  48.540  3.466  50.680 0.5555559993
46029  51.317  2.403  50.168 0.2222220004
47544  52.144  3.491  50.414 0.2222220004
47545  51.597  3.807  50.346 0.3333329856
47536  50.718  3.437  50.265 0.3333329856
47546  49.854  3.613  50.212 0.5555559993
48260  52.395  4.202  49.840 0.2222220004
49013  52.882  4.720  49.015 0.3333329856
49014  52.450  4.746  49.331 0.4444440007
48261  51.648  4.352  49.896 0.4444440007
48262  50.624  4.411  49.819 0.5555559993
49037  52.734  5.809  48.301 0.2222220004
49809  53.085  6.608  48.073 0.4444440007
50534  53.375  7.471  47.746 0.3333329856
50533  53.868  7.366  47.156 0.2222220004
51294  54.109  8.082  46.712 0.1111110002
52078  55.341  8.756  45.336 0.1111110002
52070  55.020  8.937  45.847 0.2222220004
52889  55.439  9.287  44.785 0.1111110002
52089  56.081  9.485  42.450 0.1111110002
53672  49.220  11.327  48.853 0.4444440007
54425  49.930  12.173  48.177 0.3333329856
54428  50.981  12.920  46.629 0.2222220004
54429  50.396  12.418  47.035 0.2222220004
55214  53.035  13.969  44.057 0.3333329856
24643  9.413  -31.298  62.925 0.2222220004
24657  7.881  -31.993  62.782 0.1111110002
24107  6.946  -32.094  63.026 0.1111110002
46033  48.345  1.514  51.440 0.5555559993
24116  7.417  -32.743  62.316 0.1111110002
28503  11.056  -23.777  68.962 0.1111110002
30703  14.512  -20.430  67.175 0.3333329856
35291  22.235  -12.032  63.892 0.1111110002
37240  23.806  -9.062  66.010 0.1111110002
37250  24.144  -9.533  65.489 0.1111110002
49015  52.100  4.703  49.622 0.4444440007
48252  51.266  3.879  50.129 0.5555559993
29598  10.484  -22.236  69.378 0.1111110002
38825  23.780  -7.645  66.418 0.1111110002
38826  23.297  -7.550  66.776 0.1111110002
38020  23.243  -8.101  66.563 0.1111110002
46776  49.651  2.499  50.487 0.4444440007
46774  50.997  2.750  50.433 0.2222220004
46773  51.533  2.602  50.516 0.2222220004
47543  52.843  3.487  49.825 0.1111110002
47535  51.326  3.410  50.642 0.3333329856
47534  51.824  3.007  50.760 0.2222220004
48253  51.017  3.721  50.151 0.5555559993
48259  52.911  4.199  49.404 0.2222220004
49026  53.094  5.013  48.485 0.1111110002
49036  53.335  5.555  47.815 0.2222220004
49814  53.608  6.531  47.517 0.2222220004
52895  55.620  9.530  44.125 0.1111110002
25780  26.177  -28.736  59.234 0.1111110002
33010  35.095  -16.627  61.856 0.1111110002
31875  34.893  -17.895  62.076 0.1111110002
31305  33.830  -19.443  62.677 0.1111110002
28000  29.508  -25.024  61.112 0.1111110002
33625  35.041  -15.601  61.297 0.1111110002
33011  34.710  -16.437  61.942 0.1111110002
31876  34.014  -18.236  62.403 0.2222220004
31306  33.031  -19.549  63.255 0.2222220004
30735  32.099  -20.365  62.529 0.1111110002
30203  31.554  -21.824  61.672 0.1111110002
29651  30.890  -22.657  61.167 0.1111110002
28558  30.035  -24.282  60.596 0.1111110002
33615  34.657  -15.874  61.681 0.2222220004
33616  34.144  -15.817  61.949 0.2222220004
32428  33.417  -17.385  62.510 0.2222220004
31296  32.402  -19.192  63.029 0.2222220004
30190  31.370  -20.986  62.155 0.1111110002
31267  15.669  -20.075  67.292 0.1111110002
26905  26.148  -27.319  60.063 0.1111110002
26904  27.140  -27.461  60.352 0.1111110002
26889  27.581  -26.736  60.571 0.1111110002
29652  30.000  -22.502  60.494 0.1111110002
29117  29.826  -23.307  60.004 0.1111110002
30736  31.168  -19.932  62.313 0.1111110002
30191  30.721  -20.780  62.050 0.1111110002
30205  29.459  -21.703  61.178 0.1111110002
31298  31.437  -19.187  62.606 0.2222220004
30737  29.951  -20.494  61.840 0.1111110002
31268  15.190  -19.815  67.048 0.1111110002
27437  26.637  -26.004  61.456 0.1111110002
26890  26.786  -26.705  60.719 0.1111110002
27436  27.711  -25.947  61.007 0.1111110002
28001  28.524  -24.926  61.099 0.1111110002
28560  28.365  -24.057  60.425 0.1111110002
28559  29.233  -24.096  60.520 0.1111110002
29118  29.096  -23.023  59.829 0.1111110002
28002  27.547  -24.978  61.100 0.1111110002
29119  28.284  -23.114  59.490 0.1111110002
29654  28.693  -21.915  59.770 0.1111110002
30206  28.799  -21.674  60.982 0.1111110002
31828  16.685  -18.211  67.545 0.1111110002
53666  48.856  10.908  51.259 0.1111110002
31297  31.876  -19.215  62.750 0.2222220004
31867  32.392  -18.661  63.013 0.2222220004
30192  28.855  -21.282  61.409 0.1111110002
30747  29.334  -21.075  61.580 0.1111110002
33019  35.471  -16.456  61.555 0.1111110002
31877  33.011  -18.468  63.028 0.2222220004
33012  33.782  -16.499  62.176 0.2222220004
26353  26.627  -28.200  59.887 0.1111110002
33020  34.998  -16.064  61.678 0.1111110002
32426  35.073  -17.013  62.011 0.1111110002
32427  34.317  -17.247  62.185 0.1111110002
27434  29.301  -25.854  60.968 0.1111110002
28012  29.740  -25.592  60.962 0.1111110002
30734  33.094  -20.531  62.814 0.1111110002
30724  32.518  -19.901  62.988 0.1111110002
30189  32.274  -21.190  62.233 0.1111110002
30204  30.448  -21.570  61.594 0.1111110002
30725  31.991  -19.688  62.692 0.1111110002
26903  28.163  -27.250  60.328 0.1111110002
27450  28.189  -26.413  60.675 0.1111110002
27435  28.683  -25.805  61.019 0.1111110002
29664  29.566  -22.570  59.990 0.1111110002
29663  29.759  -22.777  59.972 0.1111110002
29131  29.392  -22.550  59.751 0.1111110002
30746  29.787  -21.235  61.578 0.1111110002
29653  29.265  -22.063  60.182 0.1111110002
28561  27.395  -24.200  60.369 0.1111110002
29642  28.531  -21.692  60.550 0.1111110002
40570  44.488  -6.187  53.479 0.1111110002
53656  47.406  11.504  52.539 0.1111110002
55211  51.524  13.628  45.644 0.1111110002
55943  53.006  14.447  43.739 0.2222220004
55944  52.727  14.480  44.197 0.1111110002
55948  53.064  14.553  41.932 0.3333329856
56661  53.414  15.463  42.519 0.2222220004
55946  52.998  14.482  42.953 0.2222220004
56664  53.837  15.406  41.314 0.2222220004
56663  54.057  15.528  40.846 0.2222220004
57375  53.799  16.488  41.053 0.1111110002
57378  53.874  16.478  40.318 0.1111110002
57374  54.051  15.874  40.715 0.2222220004
57383  54.090  16.418  39.888 0.2222220004
58862  60.344  18.333  31.258 0.2222220004
58813  53.722  18.334  40.532 0.1111110002
58091  53.666  17.233  40.491 0.1111110002
58095  53.975  17.056  39.732 0.2222220004
59582  60.325  19.325  30.781 0.2222220004
59588  60.644  19.418  29.666 0.3333329856
60342  60.009  20.169  31.377 0.3333329856
60345  60.306  20.348  30.363 0.3333329856
58816  54.044  18.198  39.434 0.1111110002
59579  60.144  19.206  31.811 0.3333329856
60350  60.407  20.455  29.347 0.2222220004
60343  59.607  20.497  31.875 0.3333329856
61118  59.689  20.717  31.503 0.3333329856
61122  59.840  21.004  30.975 0.3333329856
61123  59.223  21.788  30.708 0.1111110002
61129  60.056  21.501  29.885 0.1111110002
61120  58.532  21.666  31.388 0.1111110002
61895  59.114  22.215  30.083 0.1111110002
61912  59.526  22.377  28.463 0.1111110002
61903  59.356  22.268  29.433 0.1111110002
62650  59.613  22.427  27.358 0.1111110002
61902  59.965  21.944  28.970 0.1111110002
61130  59.516  22.027  30.067 0.1111110002
61904  58.801  22.464  29.761 0.1111110002
61124  58.603  21.947  30.851 0.1111110002
62642  58.823  22.775  28.777 0.1111110002
62632  58.796  22.597  29.380 0.1111110002
62651  59.036  22.839  27.589 0.1111110002
54431  51.199  12.884  45.927 0.1111110002
56667  53.776  14.860  40.758 0.2222220004
56658  52.981  15.364  43.483 0.2222220004
57377  54.189  15.981  40.127 0.2222220004
58817  53.660  17.709  39.964 0.1111110002
59597  60.602  19.861  29.008 0.2222220004
24105  10.256  -33.074  62.670 0.1111110002
24106  9.701  -33.373  62.597 0.1111110002
24112  11.150  -32.101  61.986 0.1111110002
24113  10.496  -32.346  62.197 0.1111110002
24654  10.889  -31.488  61.862 0.1111110002
25212  11.020  -30.718  62.190 0.1111110002
24114  9.399  -32.823  62.460 0.1111110002
23596  8.635  -33.644  62.374 0.1111110002
24655  9.824  -31.791  62.199 0.1111110002
24656  8.822  -31.908  62.411 0.1111110002
24115  8.308  -32.783  62.338 0.1111110002
25213  10.292  -31.027  62.546 0.1111110002
48982  40.381  5.839  57.111 0.1111110002
49755  39.720  7.076  57.807 0.1111110002
49756  39.989  6.515  57.551 0.1111110002
50499  42.260  7.280  55.045 0.1111110002
49765  41.534  6.952  55.945 0.1111110002
54423  49.485  11.841  49.798 0.1111110002
54426  49.500  12.082  49.005 0.1111110002
54422  49.920  12.600  49.224 0.1111110002
58875  60.995  18.260  29.118 0.1111110002
58866  60.573  18.426  30.243 0.1111110002
59599  61.024  19.092  27.606 0.1111110002
59596  60.876  19.255  28.636 0.1111110002
25761  11.446  -29.573  63.107 0.1111110002
58876  60.783  18.626  29.605 0.1111110002
23592  9.904  -33.836  62.802 0.1111110002
23595  9.334  -33.789  62.497 0.1111110002
49762  40.472  6.794  57.016 0.1111110002
49761  40.062  7.079  57.367 0.1111110002
49766  41.155  6.498  56.349 0.1111110002
59587  60.846  18.899  29.259 0.1111110002
58884  61.100  18.261  28.147 0.1111110002
59601  61.007  19.105  26.706 0.1111110002
26308  7.294  -28.420  64.825 0.1111110002
28514  7.668  -23.678  68.786 0.1111110002
88972  7.164  -23.563  68.440 0.1111110002
27963  7.823  -24.101  67.891 0.1111110002
27398  9.045  -25.711  67.567 0.1111110002
27962  9.062  -24.661  68.062 0.1111110002
46731  38.336  2.400  58.613 0.1111110002
47486  38.202  3.359  59.061 0.1111110002
47485  38.748  3.831  58.596 0.1111110002
45295  50.083  0.193  50.165 0.1111110002
48212  39.222  4.290  58.069 0.1111110002
45302  50.569  -0.063  49.765 0.1111110002
46039  50.974  1.514  49.587 0.1111110002
46046  50.744  0.477  49.613 0.1111110002
26290  8.374  -26.828  67.321 0.1111110002
28512  10.663  -24.394  68.692 0.1111110002
47495  38.630  3.100  58.439 0.1111110002
60436  57.241  20.368  17.520 0.1111110002
60425  57.231  20.617  18.096 0.1111110002
61146  60.709  20.505  26.424 0.1111110002
60362  60.677  20.435  27.437 0.1111110002
60380  60.407  20.294  23.326 0.1111110002
61151  60.621  20.573  25.911 0.1111110002
61147  60.477  21.042  26.685 0.1111110002
60381  59.911  20.798  23.046 0.1111110002
60389  59.954  20.593  22.455 0.1111110002
60412  57.924  20.034  20.398 0.1111110002
59676  57.442  19.892  16.303 0.1111110002
59693  57.605  19.366  14.477 0.1111110002
61184  58.982  20.357  21.440 0.1111110002
60403  58.220  20.229  20.696 0.1111110002
61211  57.395  20.728  19.627 0.1111110002
61171  59.158  20.677  22.032 0.1111110002
61219  57.290  20.901  18.792 0.1111110002
60358  60.825  19.793  27.838 0.1111110002
60359  60.527  20.305  28.395 0.1111110002
61160  60.340  20.730  24.210 0.1111110002
61155  60.534  20.687  25.031 0.1111110002
61142  60.326  21.148  27.785 0.1111110002
61138  60.206  21.212  28.757 0.1111110002
58967  57.342  18.685  13.655 0.1111110002
61152  60.217  21.202  25.635 0.1111110002
59686  57.531  19.650  15.153 0.1111110002
61199  57.762  20.606  20.356 0.1111110002
61166  59.366  20.924  22.853 0.1111110002
61172  58.580  20.641  21.648 0.1111110002
61161  59.821  21.131  23.646 0.1111110002
61156  60.062  21.277  24.665 0.1111110002
59666  57.226  20.055  17.260 0.1111110002
60365  60.796  20.384  26.793 0.1111110002
60402  58.878  19.885  20.964 0.1111110002
61185  58.301  20.482  21.076 0.1111110002
61911  60.042  21.881  28.178 0.1111110002
25200  11.340  -30.230  62.556 0.1111110002
25751  11.062  -29.238  63.807 0.4444440007
26291  8.163  -26.906  67.232 0.1111110002
26321  10.697  -28.904  65.081 0.4444440007
26332  11.965  -29.222  63.419 0.1111110002
26335  6.029  -29.040  63.350 0.1111110002
26339  17.405  -28.017  62.719 0.1111110002
26847  8.517  -26.255  67.215 0.1111110002
26851  9.155  -26.686  67.438 0.2222220004
26852  8.689  -26.756  67.407 0.2222220004
26855  11.952  -27.369  65.115 0.5555559993
26872  17.639  -27.973  62.828 0.1111110002
26876  13.598  -27.269  63.531 0.2222220004
27430  17.088  -26.935  61.943 0.2222220004
27439  21.442  -25.548  60.895 0.1111110002
27441  19.805  -26.431  60.860 0.1111110002
27451  21.115  -25.380  60.747 0.1111110002
27452  20.996  -25.965  60.645 0.1111110002
28013  20.805  -25.326  60.722 0.1111110002
28014  20.338  -25.600  60.617 0.1111110002
28015  19.913  -25.910  60.501 0.1111110002
28551  21.031  -23.770  61.679 0.1111110002
28556  17.447  -25.236  62.663 0.2222220004
28565  20.926  -24.167  61.229 0.1111110002
28566  20.942  -23.932  61.544 0.1111110002
28567  19.903  -24.804  61.468 0.1111110002
28576  20.981  -24.154  61.019 0.1111110002
29111  20.923  -24.205  61.680 0.1111110002
29113  20.611  -24.406  61.430 0.1111110002
29123  20.772  -24.568  61.074 0.1111110002
29130  29.528  -22.816  59.863 0.1111110002
29135  20.248  -24.885  60.981 0.1111110002
30137  12.929  -22.017  68.985 0.4444440007
30207  27.166  -20.400  59.965 0.1111110002
30215  27.547  -20.375  59.793 0.1111110002
30216  27.438  -20.765  59.514 0.1111110002
30217  25.664  -20.236  58.753 0.1111110002
30223  27.050  -20.805  57.925 0.1111110002
30224  25.973  -20.846  58.045 0.1111110002
30713  19.667  -20.457  66.906 0.8888890147
30726  31.634  -19.511  62.591 0.2222220004
30748  27.390  -20.107  59.720 0.1111110002
30749  26.804  -20.232  60.116 0.1111110002
30750  26.513  -20.028  59.964 0.1111110002
30755  27.531  -20.265  59.498 0.1111110002
30757  26.317  -19.842  59.441 0.1111110002
30762  27.014  -20.132  58.318 0.1111110002
30763  26.515  -20.000  58.367 0.1111110002
31266  18.352  -19.459  67.735 0.4444440007
31849  20.530  -18.953  66.137 0.8888890147
31855  22.259  -18.869  64.480 0.7777780294
31869  31.675  -18.906  62.714 0.2222220004
33622  37.222  -15.533  60.511 0.1111110002
34180  22.303  -13.622  63.629 0.7777780294
34734  21.557  -12.856  63.544 0.5555559993
34759  39.153  -13.470  58.442 0.1111110002
35871  24.768  -10.545  64.661 0.2222220004
35909  40.741  -11.617  58.799 0.1111110002
35919  40.626  -11.992  58.643 0.1111110002
36521  22.726  -10.390  65.678 0.1111110002
36531  24.267  -10.419  64.827 0.3333329856
37265  29.722  -9.574  61.031 0.5555559993
38019  24.036  -8.384  65.999 0.1111110002
38837  24.476  -7.878  65.789 0.1111110002
38878  29.273  -7.642  58.104 0.2222220004
38890  29.081  -7.179  56.526 0.2222220004
39650  24.148  -7.038  66.425 0.1111110002
39688  29.243  -7.191  58.617 0.2222220004
39701  29.247  -7.448  58.385 0.2222220004
39711  31.234  -6.970  56.150 0.3333329856
39713  28.294  -6.301  57.205 0.2222220004
39721  28.706  -6.451  56.275 0.2222220004
39722  28.372  -6.388  56.774 0.2222220004
40546  28.270  -5.930  57.603 0.2222220004
40563  31.520  -4.622  54.630 0.3333329856
40564  31.232  -4.727  53.885 0.3333329856
41315  29.156  -5.347  59.428 0.1111110002
46007  45.124  0.947  54.986 1.0000000000
47540  45.165  4.920  49.400 0.6666669846
47550  44.971  4.898  48.991 0.7777780294
47551  44.866  4.984  49.187 0.7777780294
48267  45.725  5.162  49.971 0.6666669846
48268  45.163  5.126  49.268 0.6666669846
48269  44.646  4.895  48.940 0.7777780294
48270  44.173  5.071  49.027 0.7777780294
48275  44.772  5.117  48.911 0.7777780294
48276  44.315  5.204  48.867 0.7777780294
48277  43.990  5.309  48.913 0.7777780294
49022  45.041  5.587  49.592 0.7777780294
49023  44.061  5.971  49.100 0.7777780294
49024  43.986  5.576  49.027 0.7777780294
49031  45.004  5.295  49.044 0.7777780294
49032  44.567  5.439  48.987 0.7777780294
49033  44.126  5.494  48.924 0.7777780294
49790  44.897  5.983  49.908 0.7777780294
49791  44.520  5.966  49.534 0.7777780294
49792  44.506  5.765  49.392 0.7777780294
49798  44.378  6.028  49.364 0.7777780294
49799  44.017  6.112  49.287 0.7777780294
49800  44.104  5.719  49.031 0.7777780294
51257  50.978  9.570  52.411 0.2222220004
51258  50.577  9.393  52.865 0.2222220004
51259  50.259  9.471  53.125 0.2222220004
51264  50.919  9.776  51.812 0.2222220004
51265  50.500  9.218  52.291 0.2222220004
51266  50.066  9.187  52.954 0.2222220004
51272  50.493  10.059  51.847 0.2222220004
51273  50.105  9.733  51.809 0.2222220004
51274  49.970  9.437  52.460 0.2222220004
52027  51.049  9.779  53.097 0.2222220004
52028  50.485  9.792  53.245 0.2222220004
52029  49.975  9.682  53.359 0.2222220004
52034  50.899  10.106  52.393 0.2222220004
52035  49.717  9.670  52.884 0.2222220004
52042  50.636  10.452  51.889 0.2222220004
52043  49.988  10.195  51.801 0.2222220004
52044  49.653  9.983  52.276 0.2222220004
52837  50.867  10.180  53.217 0.2222220004
52838  50.170  10.384  53.181 0.2222220004
52839  49.695  10.080  53.191 0.2222220004
52844  50.393  10.773  52.523 0.2222220004
52845  50.070  11.126  53.194 0.2222220004
52846  49.534  10.250  52.513 0.2222220004
52850  50.015  10.794  52.038 0.2222220004
52881  55.375  9.126  45.136 0.1111110002
53645  49.773  10.825  53.130 0.2222220004
53646  49.787  10.475  53.258 0.2222220004
53652  49.760  11.142  51.984 0.2222220004
53653  49.625  10.665  52.308 0.2222220004
53654  49.547  10.474  52.912 0.2222220004
53660  49.446  11.027  51.855 0.2222220004
53661  49.150  10.996  51.671 0.2222220004
53713  53.568  12.528  39.840 0.5555559993
54458  52.396  12.966  40.447 0.5555559993
55231  52.084  13.188  40.615 0.5555559993
89542  20.421  -25.056  60.890 0.1111110002
89543  20.886  -24.274  61.262 0.1111110002
89546  20.874  -24.142  61.437 0.1111110002
89547  20.928  -24.297  60.953 0.1111110002
89850  26.070  -12.627  63.361 0.8888890147
89868  30.294  -8.310  56.984 0.4444440007
89923  29.702  -4.554  53.499 0.1111110002
89925  28.407  -5.951  56.898 0.2222220004
89926  29.068  -4.114  54.312 0.2222220004
89934  29.285  -3.993  54.026 0.2222220004
89938  30.185  -2.947  54.781 0.1111110002
