#!ascii label  , from subject TEMPLATE vox2ras=TkReg
1280
42218  57.812  -3.541  39.322 0.0000000000
29171  45.534  -23.460  53.027 0.0000000000
25257  34.721  -30.415  56.730 0.0000000000
89254  26.817  -32.569  56.439 0.0000000000
29156  38.564  -23.598  56.082 0.0000000000
24730  42.326  -31.175  52.941 0.0000000000
35991  57.198  -11.513  42.353 0.0000000000
48325  60.550  4.934  37.223 0.0000000000
35370  54.170  -12.456  48.051 0.0000000000
29723  50.938  -22.720  48.582 0.0000000000
25299  47.842  -30.620  47.480 0.0000000000
26357  33.407  -27.738  58.728 0.0000000000
24687  31.196  -31.375  57.303 0.0000000000
26350  29.635  -28.099  60.040 0.0000000000
26916  36.507  -27.121  56.461 0.0000000000
38116  54.993  -8.514  46.301 0.0000000000
31337  44.457  -19.609  55.566 0.0000000000
31344  46.775  -19.290  52.909 0.0000000000
31930  50.022  -18.205  51.043 0.0000000000
29185  48.471  -23.362  51.061 0.0000000000
27497  49.488  -26.142  48.522 0.0000000000
26944  47.480  -27.527  50.876 0.0000000000
23120  39.757  -34.304  51.094 0.0000000000
21978  42.910  -36.166  46.807 0.0000000000
45339  59.455  0.705  38.916 0.0000000000
46843  61.562  2.692  34.517 0.0000000000
23108  36.270  -34.362  54.606 0.0000000000
22496  33.111  -35.030  55.780 0.0000000000
29168  42.175  -24.067  54.838 0.0000000000
26936  43.635  -27.454  52.910 0.0000000000
26376  40.483  -28.009  54.538 0.0000000000
24167  38.880  -31.628  55.338 0.0000000000
38967  57.642  -7.902  40.241 0.0000000000
26355  24.918  -28.481  60.079 0.0000000000
24153  20.928  -32.424  57.179 0.0000000000
46074  56.453  1.376  41.522 0.0000000000
42209  57.563  -3.615  42.420 0.0000000000
38129  56.424  -7.895  43.798 0.0000000000
35378  56.085  -12.514  45.924 0.0000000000
33084  54.246  -16.630  45.882 0.0000000000
34789  51.353  -13.514  50.987 0.0000000000
32491  52.160  -17.350  48.642 0.0000000000
30282  53.818  -21.621  46.062 0.0000000000
27507  52.982  -26.022  46.678 0.0000000000
24750  45.036  -31.383  48.630 0.0000000000
28019  32.522  -25.390  59.689 0.0000000000
26911  31.351  -27.682  59.620 0.0000000000
27447  30.677  -26.230  60.538 0.0000000000
28021  34.068  -25.452  58.235 0.0000000000
30249  44.695  -21.535  53.784 0.0000000000
30254  46.053  -21.727  53.289 0.0000000000
30258  47.794  -21.544  51.964 0.0000000000
29175  47.461  -23.497  52.544 0.0000000000
28055  47.978  -25.716  51.519 0.0000000000
28049  46.440  -25.304  52.425 0.0000000000
21958  39.173  -36.496  51.564 0.0000000000
21971  40.649  -36.696  49.241 0.0000000000
43773  58.807  -1.508  39.359 0.0000000000
44564  60.408  -0.819  37.601 0.0000000000
43027  59.720  -2.756  37.594 0.0000000000
24171  35.394  -32.806  55.736 0.0000000000
22508  34.901  -34.970  55.116 0.0000000000
23626  33.800  -33.451  56.068 0.0000000000
24689  29.373  -31.845  57.451 0.0000000000
23078  30.303  -34.270  57.111 0.0000000000
23069  28.466  -33.995  57.634 0.0000000000
22489  26.957  -34.955  56.316 0.0000000000
30245  41.532  -21.791  55.377 0.0000000000
29163  40.828  -23.613  55.601 0.0000000000
28034  41.602  -25.394  55.060 0.0000000000
28028  39.223  -25.379  55.633 0.0000000000
26374  35.221  -29.004  56.544 0.0000000000
25807  37.418  -29.454  55.600 0.0000000000
24703  36.721  -31.018  56.024 0.0000000000
24176  37.531  -33.240  54.922 0.0000000000
37359  58.155  -9.504  41.553 0.0000000000
38140  59.007  -8.646  39.734 0.0000000000
36000  58.438  -11.385  40.737 0.0000000000
23606  18.805  -33.752  59.263 0.0000000000
40615  56.805  -5.570  43.198 0.0000000000
40612  56.173  -5.523  44.607 0.0000000000
36620  54.252  -10.681  47.489 0.0000000000
36623  55.702  -10.586  45.978 0.0000000000
35374  54.996  -12.489  46.939 0.0000000000
34261  55.540  -14.404  46.113 0.0000000000
34257  53.739  -14.327  47.075 0.0000000000
30809  50.426  -21.077  49.749 0.0000000000
31934  50.963  -18.455  50.274 0.0000000000
30807  51.668  -20.112  48.985 0.0000000000
31373  52.678  -19.343  47.023 0.0000000000
29727  52.558  -22.510  47.326 0.0000000000
28635  53.828  -23.940  46.585 0.0000000000
28631  52.031  -24.288  47.862 0.0000000000
26412  50.112  -27.886  47.043 0.0000000000
25277  43.318  -30.034  52.730 0.0000000000
25833  44.463  -29.209  51.296 0.0000000000
24738  43.337  -31.061  50.675 0.0000000000
22001  43.188  -36.355  43.621 0.0000000000
50586  61.376  7.465  33.685 0.0000000000
49088  61.371  5.559  34.384 0.0000000000
26369  33.950  -28.684  57.312 0.0000000000
24695  33.106  -30.973  56.952 0.0000000000
25796  31.804  -29.845  58.150 0.0000000000
25230  30.373  -30.723  58.850 0.0000000000
25233  27.819  -30.390  58.453 0.0000000000
29683  37.050  -22.815  57.397 0.0000000000
28030  37.586  -25.462  56.142 0.0000000000
28589  35.624  -24.590  57.029 0.0000000000
26918  35.142  -27.312  57.340 0.0000000000
39784  54.880  -6.338  46.235 0.0000000000
36616  53.183  -10.605  48.798 0.0000000000
31926  48.255  -18.436  52.076 0.0000000000
30261  48.653  -21.254  50.692 0.0000000000
29189  49.252  -23.400  49.717 0.0000000000
28063  50.046  -24.651  47.843 0.0000000000
28059  48.905  -24.867  49.360 0.0000000000
26948  48.430  -27.167  49.645 0.0000000000
25847  47.620  -29.532  48.382 0.0000000000
23649  40.431  -32.727  51.332 0.0000000000
23662  41.733  -32.711  48.946 0.0000000000
23127  40.816  -34.394  49.081 0.0000000000
46830  60.290  2.973  37.436 0.0000000000
47604  61.261  3.652  35.635 0.0000000000
45350  60.710  1.326  36.644 0.0000000000
23628  32.141  -33.437  56.207 0.0000000000
30243  43.111  -21.537  55.181 0.0000000000
29173  43.779  -23.445  53.497 0.0000000000
28044  44.191  -25.246  52.287 0.0000000000
28038  42.934  -25.366  53.555 0.0000000000
26932  41.965  -27.409  53.917 0.0000000000
25818  41.653  -29.349  53.926 0.0000000000
26920  38.638  -27.084  55.764 0.0000000000
25821  39.531  -29.720  54.625 0.0000000000
24721  40.568  -31.142  54.210 0.0000000000
24180  39.564  -32.710  53.578 0.0000000000
23118  38.548  -34.763  52.718 0.0000000000
40630  57.614  -6.043  39.208 0.0000000000
41423  58.949  -4.456  37.946 0.0000000000
39810  58.620  -7.018  39.315 0.0000000000
26353  26.627  -28.200  59.887 0.0000000000
25234  25.284  -29.936  58.248 0.0000000000
24670  23.005  -31.004  59.763 0.0000000000
24140  24.477  -32.881  57.590 0.0000000000
46821  59.407  2.801  39.342 0.0000000000
45336  58.447  0.715  40.103 0.0000000000
43770  57.726  -1.350  40.562 0.0000000000
42215  57.466  -3.435  40.572 0.0000000000
40622  56.877  -5.900  41.528 0.0000000000
38961  56.989  -7.710  41.865 0.0000000000
36632  57.790  -10.123  43.678 0.0000000000
38950  55.772  -7.774  45.138 0.0000000000
37344  56.687  -9.964  45.085 0.0000000000
35983  57.073  -11.664  44.050 0.0000000000
34267  56.484  -14.497  44.803 0.0000000000
33089  55.727  -16.496  45.544 0.0000000000
34798  52.667  -13.480  49.298 0.0000000000
33666  49.548  -15.906  50.290 0.0000000000
33677  51.358  -15.454  49.443 0.0000000000
33687  52.464  -15.002  47.619 0.0000000000
33079  53.006  -16.617  47.063 0.0000000000
31946  53.962  -18.482  46.248 0.0000000000
27501  51.109  -25.632  47.064 0.0000000000
26393  45.340  -28.106  51.891 0.0000000000
25843  46.166  -29.851  49.809 0.0000000000
24755  46.553  -31.691  47.926 0.0000000000
23135  44.069  -33.629  47.168 0.0000000000
22551  45.969  -35.187  45.836 0.0000000000
28009  31.872  -25.435  60.077 0.0000000000
28570  31.639  -24.919  60.172 0.0000000000
29704  44.778  -22.572  53.544 0.0000000000
30793  45.406  -21.103  53.470 0.0000000000
29703  45.741  -22.527  53.257 0.0000000000
29709  47.244  -22.611  52.988 0.0000000000
29176  46.555  -23.497  52.926 0.0000000000
28614  47.057  -24.435  52.606 0.0000000000
28042  45.852  -24.926  52.585 0.0000000000
43024  58.314  -2.376  39.526 0.0000000000
43778  59.225  -1.812  38.681 0.0000000000
43023  58.660  -2.703  38.774 0.0000000000
24158  34.794  -32.122  56.258 0.0000000000
23625  34.577  -33.030  56.067 0.0000000000
24159  33.853  -32.369  56.352 0.0000000000
24137  28.087  -32.283  56.077 0.0000000000
23613  29.207  -33.424  56.915 0.0000000000
23614  27.908  -33.452  56.452 0.0000000000
22479  27.269  -34.618  57.252 0.0000000000
23615  26.380  -33.453  57.196 0.0000000000
29688  38.132  -22.671  56.424 0.0000000000
29687  39.140  -22.666  55.810 0.0000000000
29695  40.127  -22.720  55.506 0.0000000000
29686  39.657  -23.156  55.691 0.0000000000
28601  40.299  -24.511  55.527 0.0000000000
28594  38.986  -24.493  55.816 0.0000000000
25810  35.147  -29.798  56.636 0.0000000000
25255  36.317  -30.379  56.281 0.0000000000
25256  35.536  -30.448  56.503 0.0000000000
24157  35.754  -32.005  56.143 0.0000000000
36645  57.511  -10.823  42.067 0.0000000000
36643  58.497  -10.262  40.946 0.0000000000
35995  57.975  -11.800  41.267 0.0000000000
42198  56.044  -3.325  44.998 0.0000000000
41404  56.683  -4.781  44.361 0.0000000000
41400  56.099  -4.647  45.170 0.0000000000
35968  54.085  -11.532  48.193 0.0000000000
35971  54.844  -11.620  47.026 0.0000000000
35375  54.562  -12.462  47.473 0.0000000000
34807  54.404  -13.414  47.213 0.0000000000
34808  53.713  -13.675  47.509 0.0000000000
30268  50.841  -21.790  49.123 0.0000000000
30808  51.097  -20.641  49.479 0.0000000000
30274  51.329  -22.008  48.566 0.0000000000
30273  51.909  -21.670  48.159 0.0000000000
29722  51.596  -22.663  48.304 0.0000000000
29192  52.477  -23.727  47.854 0.0000000000
29194  51.122  -23.420  48.124 0.0000000000
25278  42.811  -30.671  52.350 0.0000000000
25281  43.327  -30.158  51.428 0.0000000000
25282  42.878  -30.807  51.709 0.0000000000
49857  60.785  6.514  35.813 0.0000000000
49080  60.792  5.556  36.534 0.0000000000
26363  33.595  -28.128  57.908 0.0000000000
25795  32.557  -29.536  57.778 0.0000000000
26358  32.622  -28.058  59.011 0.0000000000
26349  30.506  -27.885  59.808 0.0000000000
26360  30.946  -28.595  59.364 0.0000000000
25787  29.824  -29.934  59.530 0.0000000000
25231  29.470  -30.742  59.085 0.0000000000
25223  28.889  -30.137  59.625 0.0000000000
29684  36.485  -22.971  57.764 0.0000000000
29159  36.142  -24.156  57.071 0.0000000000
29153  35.192  -23.956  57.800 0.0000000000
27455  34.207  -26.214  58.826 0.0000000000
27459  34.451  -26.197  58.130 0.0000000000
26907  34.314  -26.796  58.485 0.0000000000
26362  34.323  -27.782  57.621 0.0000000000
31921  45.928  -18.753  53.153 0.0000000000
31916  45.843  -17.785  53.366 0.0000000000
31920  46.635  -18.059  52.784 0.0000000000
32472  47.886  -17.710  52.435 0.0000000000
31343  47.428  -18.864  52.532 0.0000000000
29712  48.174  -22.534  51.593 0.0000000000
30800  48.029  -20.778  51.209 0.0000000000
29715  48.467  -22.501  50.956 0.0000000000
30265  49.165  -21.858  50.238 0.0000000000
29184  48.812  -23.639  50.344 0.0000000000
28622  48.935  -24.292  49.908 0.0000000000
28623  48.593  -24.326  50.691 0.0000000000
27490  47.801  -26.545  51.193 0.0000000000
27489  48.393  -26.005  50.806 0.0000000000
26949  47.893  -27.755  49.967 0.0000000000
26953  48.257  -27.856  49.349 0.0000000000
26402  47.283  -28.518  50.247 0.0000000000
23650  39.951  -33.361  51.297 0.0000000000
23653  40.620  -32.990  50.618 0.0000000000
23128  40.356  -34.683  49.757 0.0000000000
46084  59.861  1.324  38.135 0.0000000000
46088  60.265  1.982  37.266 0.0000000000
45349  61.072  0.344  36.325 0.0000000000
22520  37.246  -35.122  53.816 0.0000000000
21944  35.977  -36.475  53.931 0.0000000000
24696  32.064  -31.238  56.648 0.0000000000
24708  32.430  -31.820  55.690 0.0000000000
24147  31.081  -32.358  56.418 0.0000000000
23079  29.578  -34.933  57.463 0.0000000000
22484  30.798  -34.990  56.513 0.0000000000
29693  42.044  -22.566  55.196 0.0000000000
30244  42.379  -21.713  55.345 0.0000000000
29692  42.868  -22.510  54.863 0.0000000000
29699  43.763  -22.513  54.153 0.0000000000
29166  43.095  -23.413  53.847 0.0000000000
28611  43.142  -24.680  53.242 0.0000000000
28606  42.306  -24.524  54.510 0.0000000000
27471  41.128  -26.220  55.040 0.0000000000
27478  41.505  -26.812  54.499 0.0000000000
26933  41.233  -27.706  54.218 0.0000000000
26383  41.782  -28.404  53.742 0.0000000000
26384  41.022  -28.662  54.060 0.0000000000
27468  37.140  -26.531  56.283 0.0000000000
27467  38.084  -26.326  55.980 0.0000000000
26921  37.796  -27.321  55.914 0.0000000000
25264  37.920  -30.457  55.598 0.0000000000
26379  38.152  -28.975  55.122 0.0000000000
25262  39.453  -30.550  55.040 0.0000000000
25270  40.033  -30.553  54.577 0.0000000000
24722  39.865  -31.215  54.851 0.0000000000
24179  40.401  -31.929  53.848 0.0000000000
24174  39.301  -32.050  54.699 0.0000000000
23640  37.061  -33.751  54.543 0.0000000000
23639  37.918  -33.647  54.281 0.0000000000
23107  37.416  -34.594  53.942 0.0000000000
39806  57.874  -7.014  40.216 0.0000000000
39805  58.123  -7.194  39.646 0.0000000000
38139  59.588  -8.646  39.341 0.0000000000
26354  25.695  -28.135  59.708 0.0000000000
25780  26.177  -28.736  59.234 0.0000000000
25781  25.340  -28.961  59.477 0.0000000000
24684  20.708  -31.835  59.421 0.0000000000
24128  22.182  -31.988  58.533 0.0000000000
24681  23.461  -31.422  59.089 0.0000000000
24141  22.698  -32.485  57.448 0.0000000000
89270  23.304  -33.523  56.381 0.0000000000
89269  21.564  -33.391  55.883 0.0000000000
47589  59.343  3.984  39.492 0.0000000000
46078  57.956  1.643  40.536 0.0000000000
45332  57.261  0.869  40.770 0.0000000000
45331  57.861  0.298  40.443 0.0000000000
44552  57.231  -0.406  40.816 0.0000000000
43015  57.454  -2.359  42.248 0.0000000000
43018  57.507  -2.441  41.224 0.0000000000
42208  57.591  -3.386  41.972 0.0000000000
41414  56.856  -4.752  41.364 0.0000000000
41410  56.966  -4.737  42.145 0.0000000000
38959  56.517  -7.111  43.650 0.0000000000
39799  56.974  -6.776  42.292 0.0000000000
38958  56.690  -7.536  43.091 0.0000000000
38132  57.208  -8.812  42.470 0.0000000000
38128  56.993  -8.696  43.699 0.0000000000
38947  54.718  -7.393  46.667 0.0000000000
38951  55.346  -7.279  45.877 0.0000000000
38121  55.583  -8.196  45.807 0.0000000000
35975  55.951  -11.558  46.002 0.0000000000
37345  56.208  -9.626  45.419 0.0000000000
35980  56.421  -11.588  45.395 0.0000000000
35979  56.859  -11.602  44.771 0.0000000000
35382  56.827  -12.597  44.613 0.0000000000
34816  56.510  -13.539  45.095 0.0000000000
33697  55.220  -15.254  46.294 0.0000000000
33696  55.618  -15.400  45.780 0.0000000000
33090  55.096  -16.125  46.041 0.0000000000
32505  55.079  -17.369  45.724 0.0000000000
34793  52.193  -13.543  50.107 0.0000000000
32477  48.922  -17.265  51.358 0.0000000000
33064  49.349  -16.580  50.724 0.0000000000
33069  49.757  -17.071  50.685 0.0000000000
32492  51.590  -17.423  49.309 0.0000000000
33071  51.144  -16.604  49.458 0.0000000000
33076  51.578  -16.336  48.857 0.0000000000
33682  51.707  -15.553  48.974 0.0000000000
33075  52.032  -16.502  48.196 0.0000000000
33080  52.165  -16.056  47.375 0.0000000000
32496  52.747  -17.203  47.892 0.0000000000
30817  52.992  -20.198  46.108 0.0000000000
31372  53.524  -19.389  46.318 0.0000000000
30823  53.954  -20.595  46.236 0.0000000000
30822  54.504  -20.457  45.593 0.0000000000
30281  54.198  -21.426  45.732 0.0000000000
29730  53.881  -22.278  45.845 0.0000000000
28076  53.461  -25.333  47.128 0.0000000000
28075  53.839  -24.751  46.551 0.0000000000
27496  50.041  -25.564  48.009 0.0000000000
28071  50.653  -25.202  47.511 0.0000000000
27502  50.546  -26.093  47.504 0.0000000000
26970  50.786  -27.583  46.499 0.0000000000
27481  43.680  -26.328  52.771 0.0000000000
27486  44.998  -26.695  52.265 0.0000000000
26941  44.873  -27.602  52.318 0.0000000000
25293  44.484  -30.474  49.878 0.0000000000
25839  45.435  -29.492  50.555 0.0000000000
25844  45.652  -30.027  49.823 0.0000000000
25297  46.305  -30.809  48.743 0.0000000000
24201  46.013  -31.805  48.028 0.0000000000
24234  41.428  -32.121  45.446 0.0000000000
24213  42.821  -32.120  47.196 0.0000000000
23141  43.306  -33.953  46.644 0.0000000000
21988  45.196  -36.007  44.498 0.0000000000
23151  46.470  -34.010  45.773 0.0000000000
46840  61.337  2.703  35.291 0.0000000000
47608  61.474  3.634  34.701 0.0000000000
41422  59.564  -4.478  37.476 0.0000000000
27457  32.973  -26.189  59.815 0.0000000000
26910  32.212  -27.527  59.576 0.0000000000
26898  32.502  -26.838  59.886 0.0000000000
26900  30.992  -27.029  60.113 0.0000000000
26901  30.118  -27.131  60.274 0.0000000000
28018  33.236  -25.386  59.202 0.0000000000
30781  44.110  -20.462  55.230 0.0000000000
31336  45.009  -19.148  54.982 0.0000000000
30787  44.746  -20.517  53.856 0.0000000000
31346  45.440  -20.163  53.485 0.0000000000
30791  46.938  -20.357  53.140 0.0000000000
30790  47.333  -19.886  52.552 0.0000000000
30253  46.987  -21.545  53.289 0.0000000000
29708  47.721  -22.579  52.304 0.0000000000
29180  48.072  -23.440  51.927 0.0000000000
28618  48.290  -24.276  51.500 0.0000000000
28613  47.834  -24.352  52.194 0.0000000000
28048  47.451  -25.349  52.158 0.0000000000
27491  47.100  -26.831  51.490 0.0000000000
22539  39.444  -35.622  50.967 0.0000000000
22538  39.762  -35.609  50.293 0.0000000000
21962  40.004  -36.463  50.563 0.0000000000
44560  59.458  -0.689  38.865 0.0000000000
45338  59.971  0.051  38.200 0.0000000000
44559  59.957  -0.772  38.231 0.0000000000
43782  60.223  -1.876  37.506 0.0000000000
23634  35.957  -33.572  55.104 0.0000000000
23109  35.813  -34.675  54.769 0.0000000000
23635  35.017  -33.577  55.507 0.0000000000
23101  34.335  -34.236  55.550 0.0000000000
23088  33.454  -34.142  55.747 0.0000000000
24688  30.326  -31.819  58.048 0.0000000000
24148  30.680  -32.824  57.206 0.0000000000
23612  30.037  -33.535  57.229 0.0000000000
23068  29.512  -34.128  57.487 0.0000000000
21921  27.248  -36.415  56.394 0.0000000000
29694  41.182  -22.695  55.357 0.0000000000
29162  41.834  -23.594  55.191 0.0000000000
28599  41.909  -24.549  54.994 0.0000000000
28600  41.242  -24.525  55.372 0.0000000000
28035  40.772  -25.414  55.407 0.0000000000
27472  40.246  -26.353  55.353 0.0000000000
26923  36.281  -27.903  56.425 0.0000000000
26922  37.044  -27.651  56.234 0.0000000000
25808  36.591  -29.553  56.160 0.0000000000
25254  37.063  -30.375  55.866 0.0000000000
24717  37.543  -31.342  55.786 0.0000000000
24168  38.355  -31.954  55.395 0.0000000000
24169  37.409  -32.501  55.506 0.0000000000
23633  36.842  -33.313  55.176 0.0000000000
38137  58.062  -8.664  40.693 0.0000000000
38136  58.470  -8.681  40.135 0.0000000000
37363  58.413  -9.330  41.002 0.0000000000
37361  59.110  -9.918  40.161 0.0000000000
24122  19.982  -32.056  59.768 0.0000000000
24144  19.780  -32.723  57.962 0.0000000000
23084  19.541  -34.207  55.873 0.0000000000
23063  19.763  -34.935  58.528 0.0000000000
42206  57.458  -3.739  43.444 0.0000000000
41407  57.101  -4.743  43.196 0.0000000000
41408  57.007  -4.858  43.885 0.0000000000
40616  56.652  -5.568  43.825 0.0000000000
38954  56.178  -7.232  44.309 0.0000000000
38117  54.364  -9.129  46.930 0.0000000000
37340  54.654  -9.693  46.482 0.0000000000
36624  55.001  -10.623  46.537 0.0000000000
35976  55.339  -11.558  46.487 0.0000000000
35379  55.525  -12.482  46.425 0.0000000000
34812  55.602  -13.392  46.287 0.0000000000
34806  55.069  -13.375  46.749 0.0000000000
34256  54.556  -14.364  46.803 0.0000000000
33691  54.512  -15.458  46.398 0.0000000000
31359  50.107  -19.699  50.397 0.0000000000
31929  50.500  -18.321  50.680 0.0000000000
31358  50.597  -19.124  50.543 0.0000000000
31364  51.325  -19.466  49.887 0.0000000000
31938  52.094  -18.361  48.962 0.0000000000
31368  52.715  -18.878  47.803 0.0000000000
31369  52.310  -19.540  48.191 0.0000000000
30824  52.522  -21.014  47.026 0.0000000000
29726  52.980  -22.484  46.703 0.0000000000
29198  53.501  -23.296  46.752 0.0000000000
29199  52.918  -23.408  47.351 0.0000000000
28630  52.794  -24.279  47.821 0.0000000000
28069  52.303  -24.918  47.525 0.0000000000
26957  49.138  -27.696  47.990 0.0000000000
26956  49.798  -26.916  47.909 0.0000000000
26964  49.366  -28.047  47.503 0.0000000000
26419  49.752  -28.660  46.549 0.0000000000
25863  50.017  -29.149  45.749 0.0000000000
26390  43.754  -28.498  53.036 0.0000000000
26395  44.200  -28.646  52.471 0.0000000000
25829  43.780  -29.255  52.215 0.0000000000
25287  43.670  -30.496  50.706 0.0000000000
24743  44.204  -31.043  49.400 0.0000000000
21410  43.404  -37.065  45.257 0.0000000000
22003  41.412  -36.415  43.308 0.0000000000
50581  60.845  7.444  35.294 0.0000000000
49864  61.451  6.594  34.084 0.0000000000
49087  61.774  6.019  34.018 0.0000000000
25246  33.989  -30.297  57.082 0.0000000000
24694  33.594  -30.677  56.929 0.0000000000
25803  33.048  -29.661  57.264 0.0000000000
25237  32.099  -30.485  57.515 0.0000000000
25238  31.685  -30.857  58.001 0.0000000000
26359  31.780  -28.338  59.165 0.0000000000
25229  31.117  -30.221  58.508 0.0000000000
25239  31.017  -31.100  58.238 0.0000000000
24678  29.393  -31.311  58.388 0.0000000000
24679  28.752  -31.404  57.968 0.0000000000
25249  27.318  -30.751  57.183 0.0000000000
29157  37.667  -23.663  56.407 0.0000000000
28595  38.064  -24.518  56.101 0.0000000000
28596  37.162  -24.557  56.383 0.0000000000
28597  36.330  -24.620  56.651 0.0000000000
27461  36.226  -26.349  56.539 0.0000000000
28026  34.492  -25.464  57.631 0.0000000000
28025  35.016  -25.408  57.003 0.0000000000
26917  35.881  -27.186  56.790 0.0000000000
26367  35.551  -28.097  56.772 0.0000000000
26368  34.760  -28.379  57.072 0.0000000000
35390  57.036  -12.857  43.183 0.0000000000
35990  57.467  -12.174  42.022 0.0000000000
34822  58.018  -13.642  42.719 0.0000000000
40610  55.353  -5.531  45.554 0.0000000000
38948  54.470  -8.218  46.964 0.0000000000
37337  53.901  -9.764  47.470 0.0000000000
36615  53.722  -10.601  48.143 0.0000000000
35969  53.534  -11.519  48.760 0.0000000000
32478  48.164  -17.158  52.010 0.0000000000
31932  48.645  -18.891  51.478 0.0000000000
30796  47.629  -20.350  51.968 0.0000000000
31355  48.251  -19.606  51.501 0.0000000000
31354  48.955  -19.281  50.993 0.0000000000
30804  49.327  -20.873  50.448 0.0000000000
30269  50.114  -21.969  49.496 0.0000000000
29717  50.316  -22.731  48.987 0.0000000000
29187  50.353  -23.471  48.276 0.0000000000
29188  49.758  -23.500  48.880 0.0000000000
28064  49.386  -25.042  48.594 0.0000000000
28065  48.851  -25.669  49.222 0.0000000000
28060  48.654  -25.220  50.156 0.0000000000
27493  48.517  -26.250  49.900 0.0000000000
27498  48.848  -26.611  49.113 0.0000000000
26952  48.689  -27.567  48.866 0.0000000000
25846  48.116  -29.095  48.180 0.0000000000
25851  47.788  -29.993  47.803 0.0000000000
24188  41.288  -32.220  51.685 0.0000000000
24192  42.011  -31.971  50.829 0.0000000000
24193  41.540  -32.503  50.332 0.0000000000
23663  40.965  -32.797  48.162 0.0000000000
89310  41.385  -34.778  46.980 0.0000000000
22545  40.724  -35.470  48.573 0.0000000000
89308  41.283  -35.158  47.597 0.0000000000
48330  60.502  4.094  37.370 0.0000000000
48329  60.690  4.518  36.930 0.0000000000
47601  60.546  3.620  37.109 0.0000000000
46836  61.079  2.768  36.127 0.0000000000
46094  61.083  1.675  35.833 0.0000000000
45343  60.451  0.554  37.315 0.0000000000
24707  33.073  -31.640  56.279 0.0000000000
23627  32.869  -33.388  56.035 0.0000000000
23089  32.590  -34.262  56.028 0.0000000000
23620  31.193  -33.443  56.883 0.0000000000
23090  31.651  -34.340  56.393 0.0000000000
30782  43.418  -20.709  55.486 0.0000000000
30242  43.776  -21.409  54.811 0.0000000000
29705  44.235  -23.026  53.635 0.0000000000
29172  44.503  -23.513  53.218 0.0000000000
28609  44.813  -24.272  52.693 0.0000000000
28610  43.778  -24.266  52.841 0.0000000000
28045  43.398  -25.328  52.944 0.0000000000
26930  43.070  -26.874  53.248 0.0000000000
28040  42.064  -25.705  54.647 0.0000000000
26931  42.608  -27.161  53.679 0.0000000000
26381  43.198  -27.832  53.483 0.0000000000
25816  43.131  -28.789  53.547 0.0000000000
25274  42.590  -30.292  53.510 0.0000000000
25275  41.978  -30.699  53.725 0.0000000000
28029  38.450  -25.385  55.854 0.0000000000
27466  38.892  -26.173  55.750 0.0000000000
26927  39.143  -27.706  55.264 0.0000000000
26371  37.551  -28.320  55.678 0.0000000000
26378  38.901  -28.606  54.861 0.0000000000
26377  39.713  -28.316  54.793 0.0000000000
25819  40.890  -29.582  54.175 0.0000000000
24720  41.084  -30.751  54.024 0.0000000000
24726  41.466  -31.205  53.600 0.0000000000
24183  41.130  -31.994  53.093 0.0000000000
24189  40.000  -32.575  51.879 0.0000000000
24190  39.590  -33.331  51.979 0.0000000000
23638  38.803  -33.190  54.153 0.0000000000
23643  38.900  -33.628  53.226 0.0000000000
23117  38.990  -34.762  52.277 0.0000000000
22531  38.801  -35.234  52.274 0.0000000000
41420  57.211  -4.700  38.926 0.0000000000
42217  58.273  -3.590  38.483 0.0000000000
41419  58.203  -4.666  38.324 0.0000000000
38971  58.756  -7.880  39.325 0.0000000000
38970  59.480  -7.780  39.090 0.0000000000
35994  58.635  -12.071  40.952 0.0000000000
28011  30.354  -25.144  60.757 0.0000000000
27448  29.748  -26.259  60.704 0.0000000000
26902  29.183  -27.231  60.312 0.0000000000
26903  28.163  -27.250  60.328 0.0000000000
26351  28.654  -28.249  60.068 0.0000000000
25779  27.094  -29.044  59.472 0.0000000000
25798  27.060  -30.057  58.015 0.0000000000
24700  25.480  -31.098  57.011 0.0000000000
25783  23.872  -29.617  60.268 0.0000000000
25225  24.028  -30.088  59.381 0.0000000000
24692  24.350  -30.989  57.835 0.0000000000
24138  26.014  -32.402  57.209 0.0000000000
89263  24.867  -34.021  57.345 0.0000000000
48326  60.372  4.616  37.702 0.0000000000
47591  60.065  3.869  38.270 0.0000000000
46820  59.691  3.057  38.873 0.0000000000
46085  59.608  1.915  38.964 0.0000000000
46818  58.335  2.904  40.721 0.0000000000
46077  58.560  1.829  40.226 0.0000000000
45335  58.966  0.161  39.552 0.0000000000
43774  58.254  -1.653  39.934 0.0000000000
43771  57.319  -1.155  40.913 0.0000000000
43021  57.930  -2.476  40.220 0.0000000000
41416  56.945  -4.686  40.072 0.0000000000
40625  57.113  -6.050  40.567 0.0000000000
39801  57.367  -6.749  41.258 0.0000000000
40618  56.820  -5.659  42.585 0.0000000000
39798  57.218  -6.939  41.809 0.0000000000
38964  57.383  -7.814  40.884 0.0000000000
38134  57.479  -8.741  41.577 0.0000000000
37355  57.833  -9.419  42.396 0.0000000000
36640  57.365  -10.801  42.723 0.0000000000
39788  55.704  -6.432  45.025 0.0000000000
38124  56.469  -8.648  44.614 0.0000000000
37339  55.332  -9.513  45.897 0.0000000000
38123  56.936  -8.916  44.297 0.0000000000
37347  57.702  -9.720  44.039 0.0000000000
36636  57.370  -10.803  43.499 0.0000000000
35987  56.907  -11.746  43.185 0.0000000000
35386  56.978  -12.668  43.896 0.0000000000
34266  57.018  -14.505  44.336 0.0000000000
34260  55.988  -14.479  45.402 0.0000000000
33695  56.181  -15.617  45.119 0.0000000000
35964  52.962  -11.560  49.344 0.0000000000
34797  53.171  -13.109  48.788 0.0000000000
34236  50.454  -14.317  50.678 0.0000000000
32487  50.233  -17.043  50.025 0.0000000000
33072  50.544  -16.250  49.748 0.0000000000
34243  51.415  -14.430  50.046 0.0000000000
34242  52.047  -14.433  49.553 0.0000000000
34247  52.382  -14.428  48.899 0.0000000000
34803  53.442  -13.406  48.159 0.0000000000
34251  53.067  -14.267  47.509 0.0000000000
33686  53.113  -15.338  47.103 0.0000000000
32500  53.533  -17.364  46.430 0.0000000000
31942  52.954  -18.288  47.558 0.0000000000
31947  53.270  -18.393  46.789 0.0000000000
32499  54.242  -17.698  45.891 0.0000000000
31951  54.669  -18.506  45.805 0.0000000000
29205  53.780  -23.214  46.094 0.0000000000
28642  53.731  -24.298  44.993 0.0000000000
28062  50.745  -24.481  47.523 0.0000000000
28070  51.441  -24.816  47.334 0.0000000000
27500  51.882  -25.411  46.909 0.0000000000
26962  50.515  -27.116  47.068 0.0000000000
27509  51.464  -26.228  46.681 0.0000000000
28051  45.028  -25.780  51.956 0.0000000000
27485  45.838  -26.228  52.111 0.0000000000
26946  46.028  -27.852  51.634 0.0000000000
26400  45.032  -28.632  51.515 0.0000000000
26399  45.660  -28.647  51.290 0.0000000000
26403  46.777  -28.850  50.751 0.0000000000
25842  46.938  -29.451  49.524 0.0000000000
25296  46.710  -30.497  48.575 0.0000000000
24753  47.622  -31.167  47.438 0.0000000000
24745  42.843  -31.991  50.016 0.0000000000
24196  43.653  -31.906  49.122 0.0000000000
23660  44.370  -32.526  48.093 0.0000000000
21399  44.157  -36.682  45.636 0.0000000000
23139  45.210  -34.649  46.406 0.0000000000
24211  45.227  -32.463  47.887 0.0000000000
23666  46.146  -32.883  47.176 0.0000000000
23673  46.924  -32.989  46.589 0.0000000000
48335  61.257  4.583  35.076 0.0000000000
49091  61.435  5.100  33.886 0.0000000000
49094  62.265  5.781  32.675 0.0000000000
42222  58.927  -3.587  37.925 0.0000000000
29170  46.108  -22.992  53.084 0.0000000000
29177  46.018  -23.939  52.850 0.0000000000
28615  46.281  -24.427  52.737 0.0000000000
28608  45.631  -24.346  52.730 0.0000000000
24705  35.144  -31.233  56.436 0.0000000000
24706  34.026  -31.227  56.647 0.0000000000
24150  27.300  -32.235  56.118 0.0000000000
89256  27.521  -32.796  56.045 0.0000000000
23070  27.449  -34.091  57.377 0.0000000000
30240  38.582  -21.858  56.161 0.0000000000
29155  39.348  -23.620  55.831 0.0000000000
35996  57.538  -11.360  41.767 0.0000000000
41401  55.422  -4.695  45.513 0.0000000000
35972  54.504  -11.612  47.608 0.0000000000
34802  54.116  -13.122  47.742 0.0000000000
24734  42.384  -31.490  51.645 0.0000000000
49076  60.649  5.122  36.996 0.0000000000
26364  32.997  -28.636  58.378 0.0000000000
25776  30.141  -28.895  59.700 0.0000000000
25777  29.212  -29.135  59.842 0.0000000000
29676  36.039  -22.695  58.208 0.0000000000
29152  35.816  -23.680  57.621 0.0000000000
26908  34.056  -27.039  59.138 0.0000000000
26914  34.003  -27.381  58.262 0.0000000000
31919  47.555  -18.063  52.594 0.0000000000
30262  48.270  -21.775  51.167 0.0000000000
29714  48.835  -22.768  50.377 0.0000000000
23654  40.153  -33.879  50.677 0.0000000000
23124  39.925  -34.797  50.382 0.0000000000
22521  36.722  -35.348  54.035 0.0000000000
24697  31.000  -31.502  56.285 0.0000000000
22485  29.966  -35.595  56.824 0.0000000000
29161  42.343  -23.067  54.970 0.0000000000
29700  43.036  -22.966  54.320 0.0000000000
29167  42.528  -23.562  54.528 0.0000000000
28605  42.734  -24.418  53.835 0.0000000000
26925  40.784  -27.095  54.854 0.0000000000
24716  38.497  -31.193  55.639 0.0000000000
25263  38.751  -30.488  55.384 0.0000000000
24715  39.235  -31.219  55.357 0.0000000000
26905  26.148  -27.319  60.063 0.0000000000
26344  25.283  -27.701  60.282 0.0000000000
24129  21.134  -32.032  58.643 0.0000000000
24683  21.626  -31.641  59.567 0.0000000000
24142  21.527  -32.290  57.672 0.0000000000
89272  21.586  -32.511  56.667 0.0000000000
24152  22.334  -32.828  56.426 0.0000000000
24164  20.648  -32.599  56.195 0.0000000000
48312  59.261  4.694  40.129 0.0000000000
48308  59.013  4.472  40.940 0.0000000000
46073  56.907  1.689  41.308 0.0000000000
46079  57.309  1.431  40.804 0.0000000000
43014  57.613  -3.047  41.904 0.0000000000
42213  57.274  -4.139  41.709 0.0000000000
35383  56.497  -12.555  45.284 0.0000000000
34794  51.638  -13.782  50.512 0.0000000000
31931  49.119  -18.285  51.327 0.0000000000
32484  49.644  -17.462  51.072 0.0000000000
30276  53.154  -21.379  46.254 0.0000000000
27503  50.095  -26.265  48.002 0.0000000000
26935  44.260  -27.055  52.492 0.0000000000
26389  44.263  -27.960  52.630 0.0000000000
25292  45.005  -30.244  49.771 0.0000000000
24742  45.387  -30.926  49.057 0.0000000000
24741  45.873  -30.985  48.943 0.0000000000
24202  45.535  -31.868  48.137 0.0000000000
22555  42.705  -34.996  46.663 0.0000000000
23142  42.507  -33.998  46.418 0.0000000000
27445  32.196  -26.178  59.965 0.0000000000
27446  31.490  -26.222  60.280 0.0000000000
28579  32.786  -24.647  59.300 0.0000000000
30788  44.308  -20.924  54.419 0.0000000000
30780  44.615  -20.045  54.707 0.0000000000
30792  46.187  -20.784  53.278 0.0000000000
31345  46.148  -19.776  53.240 0.0000000000
27484  46.775  -26.137  51.959 0.0000000000
21963  39.584  -36.357  51.076 0.0000000000
43028  59.236  -2.485  38.188 0.0000000000
43777  59.761  -1.603  38.102 0.0000000000
23636  34.403  -33.546  55.746 0.0000000000
23087  33.855  -33.930  55.761 0.0000000000
24135  29.952  -32.561  57.056 0.0000000000
22477  28.847  -34.903  57.976 0.0000000000
22487  28.244  -35.565  57.357 0.0000000000
22478  27.863  -34.796  57.917 0.0000000000
22488  27.526  -35.475  57.169 0.0000000000
30238  40.082  -21.126  55.569 0.0000000000
28602  39.604  -24.778  55.521 0.0000000000
28036  39.946  -25.412  55.483 0.0000000000
27465  39.549  -26.042  55.535 0.0000000000
26373  36.037  -28.805  56.410 0.0000000000
24156  36.663  -31.809  55.971 0.0000000000
24170  36.347  -32.674  55.617 0.0000000000
36649  58.238  -10.898  40.913 0.0000000000
36648  58.738  -10.572  40.533 0.0000000000
24132  18.846  -32.758  59.821 0.0000000000
24131  19.376  -32.625  59.153 0.0000000000
23609  19.033  -33.303  58.220 0.0000000000
23074  19.060  -33.883  56.946 0.0000000000
23064  19.130  -34.205  58.259 0.0000000000
41403  57.228  -4.242  44.012 0.0000000000
39792  56.172  -6.240  44.279 0.0000000000
39796  56.428  -6.501  43.835 0.0000000000
37341  54.209  -9.953  46.944 0.0000000000
36625  54.507  -10.406  46.862 0.0000000000
33692  53.882  -15.095  46.745 0.0000000000
30802  50.638  -20.108  50.115 0.0000000000
31363  51.816  -19.176  49.175 0.0000000000
30813  51.849  -20.645  48.272 0.0000000000
30278  52.341  -21.757  47.514 0.0000000000
30819  52.308  -20.858  47.519 0.0000000000
30277  52.609  -21.556  46.947 0.0000000000
28068  53.070  -25.008  47.747 0.0000000000
25853  49.840  -28.814  46.294 0.0000000000
25864  49.378  -29.610  45.828 0.0000000000
25824  43.474  -29.372  53.181 0.0000000000
24737  43.838  -30.666  50.292 0.0000000000
49084  61.046  5.545  35.454 0.0000000000
49861  61.022  6.505  34.886 0.0000000000
25802  33.670  -29.553  57.218 0.0000000000
25786  30.625  -29.605  59.147 0.0000000000
24677  29.904  -31.205  58.674 0.0000000000
25232  28.445  -30.602  58.708 0.0000000000
25240  28.366  -31.036  57.874 0.0000000000
24690  28.496  -31.408  56.978 0.0000000000
25241  27.785  -30.662  57.787 0.0000000000
30234  37.457  -21.938  57.604 0.0000000000
29682  37.639  -22.408  57.040 0.0000000000
29689  37.460  -23.049  56.844 0.0000000000
29158  36.768  -23.716  56.960 0.0000000000
28031  36.696  -25.487  56.403 0.0000000000
28024  35.834  -25.448  56.635 0.0000000000
28586  34.125  -24.441  58.165 0.0000000000
28590  34.843  -24.451  57.610 0.0000000000
28591  34.277  -24.940  57.805 0.0000000000
27463  34.827  -26.292  57.473 0.0000000000
27462  35.474  -26.330  56.951 0.0000000000
25801  34.486  -29.447  56.945 0.0000000000
35389  57.551  -12.904  42.648 0.0000000000
38112  54.014  -8.697  47.525 0.0000000000
31925  48.654  -17.785  51.747 0.0000000000
30252  47.531  -20.917  52.732 0.0000000000
30799  48.705  -20.246  50.776 0.0000000000
30798  49.477  -19.915  50.564 0.0000000000
29719  49.349  -22.584  49.925 0.0000000000
30270  49.651  -22.119  49.832 0.0000000000
29718  49.742  -22.723  49.459 0.0000000000
28627  49.224  -24.199  49.105 0.0000000000
28054  48.360  -25.102  51.108 0.0000000000
27494  48.145  -26.903  50.447 0.0000000000
26407  47.830  -28.577  49.163 0.0000000000
26406  48.315  -28.131  48.946 0.0000000000
26410  47.983  -28.913  48.508 0.0000000000
23657  41.258  -33.111  49.572 0.0000000000
23131  40.983  -34.027  47.648 0.0000000000
23670  40.637  -32.592  47.006 0.0000000000
22546  40.487  -36.270  49.134 0.0000000000
22542  40.186  -35.514  49.543 0.0000000000
21974  41.240  -36.463  47.887 0.0000000000
21394  41.866  -36.877  47.125 0.0000000000
47597  60.299  3.649  37.718 0.0000000000
46837  60.609  2.851  36.796 0.0000000000
46095  60.701  2.114  36.506 0.0000000000
22522  35.608  -35.286  54.599 0.0000000000
21933  34.819  -35.827  55.109 0.0000000000
24161  32.241  -32.626  55.789 0.0000000000
23621  30.555  -33.517  57.120 0.0000000000
22498  31.432  -35.606  56.099 0.0000000000
30237  40.950  -20.958  55.420 0.0000000000
30236  41.852  -20.928  55.539 0.0000000000
30783  42.685  -20.874  55.623 0.0000000000
27475  43.146  -26.041  53.273 0.0000000000
28033  42.089  -25.122  54.705 0.0000000000
27477  42.206  -26.422  54.264 0.0000000000
26382  42.551  -28.143  53.671 0.0000000000
25817  42.433  -29.206  53.728 0.0000000000
25267  42.138  -29.810  53.956 0.0000000000
25268  41.612  -30.297  54.035 0.0000000000
27473  39.446  -26.826  55.630 0.0000000000
26372  36.822  -28.617  56.108 0.0000000000
25813  39.009  -29.703  54.945 0.0000000000
26386  39.497  -29.180  54.493 0.0000000000
26385  40.222  -28.911  54.257 0.0000000000
25820  40.059  -29.802  54.411 0.0000000000
25269  40.718  -30.370  54.270 0.0000000000
24178  40.950  -31.625  53.594 0.0000000000
24184  40.330  -32.413  52.794 0.0000000000
24185  39.577  -33.052  52.647 0.0000000000
24175  38.243  -32.777  54.856 0.0000000000
23644  38.369  -33.861  53.769 0.0000000000
23112  38.742  -34.301  52.768 0.0000000000
40629  59.022  -5.924  38.704 0.0000000000
38966  58.048  -7.989  39.614 0.0000000000
39814  60.099  -6.945  38.631 0.0000000000
35394  58.115  -12.847  42.021 0.0000000000
35398  58.480  -12.572  41.439 0.0000000000
28572  30.646  -24.245  60.399 0.0000000000
28012  29.740  -25.592  60.962 0.0000000000
27434  29.301  -25.854  60.968 0.0000000000
27449  28.867  -26.481  60.704 0.0000000000
26904  27.140  -27.461  60.352 0.0000000000
26352  27.617  -28.325  60.096 0.0000000000
25778  28.159  -29.409  59.665 0.0000000000
25791  25.704  -29.330  58.716 0.0000000000
25790  26.630  -29.412  58.671 0.0000000000
25799  26.089  -29.798  57.918 0.0000000000
25805  26.542  -30.254  57.615 0.0000000000
25243  25.564  -30.174  57.738 0.0000000000
25227  22.739  -30.616  60.462 0.0000000000
25226  23.391  -30.358  60.042 0.0000000000
24669  23.520  -30.760  59.421 0.0000000000
24127  23.301  -32.131  58.475 0.0000000000
24126  24.007  -31.683  58.194 0.0000000000
24139  24.827  -31.792  57.493 0.0000000000
89261  25.373  -33.862  57.373 0.0000000000
89268  24.355  -33.544  57.411 0.0000000000
23082  23.714  -34.139  55.636 0.0000000000
23094  20.912  -34.549  55.623 0.0000000000
49070  59.794  5.560  38.665 0.0000000000
48318  59.864  4.717  38.605 0.0000000000
47588  59.688  3.636  38.854 0.0000000000
46824  59.659  2.487  38.910 0.0000000000
47586  58.598  3.381  40.801 0.0000000000
46082  58.476  1.272  40.194 0.0000000000
46081  58.954  1.473  39.878 0.0000000000
44551  57.818  -0.505  40.448 0.0000000000
44556  58.364  -0.560  39.978 0.0000000000
43768  57.074  -1.173  41.335 0.0000000000
40626  56.775  -5.237  40.845 0.0000000000
40621  57.135  -6.248  41.126 0.0000000000
38962  56.839  -7.569  42.478 0.0000000000
37351  57.653  -9.316  43.321 0.0000000000
36635  57.830  -10.126  43.014 0.0000000000
39789  55.328  -6.391  45.679 0.0000000000
37349  56.690  -9.408  44.955 0.0000000000
37348  57.136  -9.501  44.504 0.0000000000
36633  57.379  -10.590  44.271 0.0000000000
34815  56.823  -13.568  44.436 0.0000000000
34811  56.091  -13.492  45.741 0.0000000000
35366  52.624  -12.548  49.703 0.0000000000
35365  53.172  -12.454  49.142 0.0000000000
33667  49.124  -15.354  50.631 0.0000000000
33672  49.782  -15.059  50.412 0.0000000000
33671  50.166  -15.357  50.028 0.0000000000
32482  50.609  -17.972  50.395 0.0000000000
32483  50.201  -17.526  50.572 0.0000000000
33678  50.827  -15.191  49.872 0.0000000000
33681  51.887  -15.336  48.335 0.0000000000
34804  52.834  -13.739  48.670 0.0000000000
34252  52.642  -14.340  48.203 0.0000000000
33085  53.558  -16.031  46.407 0.0000000000
31378  54.367  -19.500  46.061 0.0000000000
28081  53.800  -25.010  45.688 0.0000000000
28639  53.887  -24.130  45.939 0.0000000000
28621  49.946  -24.097  48.009 0.0000000000
28625  50.684  -23.933  47.774 0.0000000000
28057  50.363  -24.263  47.679 0.0000000000
26969  51.350  -27.215  46.277 0.0000000000
28043  45.224  -24.924  52.259 0.0000000000
26940  45.613  -27.268  52.116 0.0000000000
26939  46.334  -26.986  51.763 0.0000000000
25828  44.274  -28.883  52.034 0.0000000000
26394  44.683  -28.474  52.093 0.0000000000
26404  46.191  -29.049  50.951 0.0000000000
25838  46.425  -29.335  50.343 0.0000000000
25837  46.895  -29.079  50.255 0.0000000000
24748  46.666  -31.090  48.251 0.0000000000
25300  47.445  -30.437  48.020 0.0000000000
24754  47.089  -31.416  47.721 0.0000000000
24198  41.724  -32.600  49.737 0.0000000000
24197  42.444  -32.300  49.578 0.0000000000
23136  43.576  -33.305  46.953 0.0000000000
24204  43.298  -32.380  48.292 0.0000000000
23669  43.638  -32.859  47.478 0.0000000000
23661  44.069  -32.610  48.077 0.0000000000
21991  42.916  -36.737  44.070 0.0000000000
21422  43.877  -36.785  44.569 0.0000000000
21980  45.602  -35.896  45.420 0.0000000000
21975  45.496  -35.940  45.774 0.0000000000
22552  45.614  -35.495  45.896 0.0000000000
23134  44.966  -33.886  47.148 0.0000000000
23675  45.631  -33.879  46.655 0.0000000000
23667  45.633  -33.089  47.271 0.0000000000
23138  45.943  -34.573  46.097 0.0000000000
23161  46.841  -33.664  45.508 0.0000000000
23150  46.767  -33.632  45.887 0.0000000000
24219  47.156  -32.348  46.883 0.0000000000
47600  60.902  3.661  36.447 0.0000000000
48332  61.076  4.586  36.038 0.0000000000
48338  61.402  4.562  34.261 0.0000000000
48337  61.583  4.604  33.586 0.0000000000
28010  31.221  -25.402  60.382 0.0000000000
30255  45.351  -21.897  53.463 0.0000000000
29702  46.482  -22.489  53.177 0.0000000000
24136  29.144  -32.446  56.223 0.0000000000
23071  26.727  -34.093  57.166 0.0000000000
30239  39.324  -21.581  55.805 0.0000000000
30247  39.948  -21.888  55.487 0.0000000000
29696  39.623  -22.205  55.603 0.0000000000
29164  40.002  -23.635  55.679 0.0000000000
28593  39.660  -24.209  55.712 0.0000000000
25809  35.820  -29.666  56.480 0.0000000000
24704  36.043  -31.163  56.294 0.0000000000
36639  57.935  -10.228  42.250 0.0000000000
37358  58.447  -9.816  41.141 0.0000000000
36644  58.053  -10.576  41.494 0.0000000000
23600  18.710  -34.014  60.298 0.0000000000
42203  56.703  -3.816  44.518 0.0000000000
40609  55.808  -5.529  45.068 0.0000000000
36619  54.629  -10.985  47.105 0.0000000000
30814  51.399  -21.136  48.724 0.0000000000
29728  52.218  -22.545  47.936 0.0000000000
29200  52.454  -23.145  47.735 0.0000000000
29193  51.933  -23.470  48.132 0.0000000000
28632  51.314  -24.103  47.789 0.0000000000
25273  43.190  -29.876  53.358 0.0000000000
24733  43.013  -30.906  51.388 0.0000000000
25794  33.269  -28.986  57.580 0.0000000000
26365  32.147  -28.911  58.504 0.0000000000
25224  28.374  -30.092  59.382 0.0000000000
29151  36.541  -23.292  57.437 0.0000000000
28017  33.818  -25.657  58.896 0.0000000000
26913  34.690  -26.996  58.031 0.0000000000
31922  45.457  -19.299  53.496 0.0000000000
32473  47.214  -17.211  52.492 0.0000000000
31349  47.811  -19.428  52.162 0.0000000000
30266  48.647  -22.035  50.650 0.0000000000
23123  40.665  -34.050  50.102 0.0000000000
46823  59.872  2.765  38.372 0.0000000000
44563  60.836  -0.908  37.086 0.0000000000
45342  60.839  -0.324  37.022 0.0000000000
22509  34.245  -35.247  55.294 0.0000000000
24146  31.463  -31.895  55.460 0.0000000000
24162  31.663  -32.789  56.218 0.0000000000
22499  30.625  -35.986  56.182 0.0000000000
29691  43.401  -21.995  54.774 0.0000000000
28604  43.180  -23.968  53.291 0.0000000000
28039  42.500  -25.412  54.232 0.0000000000
27470  41.729  -26.120  54.747 0.0000000000
25814  38.256  -29.823  55.358 0.0000000000
25812  39.607  -30.095  54.713 0.0000000000
24173  40.074  -31.611  54.464 0.0000000000
23106  37.977  -34.181  53.825 0.0000000000
23113  38.144  -34.602  53.277 0.0000000000
22527  37.980  -35.117  53.065 0.0000000000
23114  37.714  -34.870  53.556 0.0000000000
22528  37.517  -35.382  53.394 0.0000000000
39811  58.063  -6.816  39.586 0.0000000000
37366  59.161  -9.372  40.046 0.0000000000
25792  24.876  -29.622  59.008 0.0000000000
24673  20.729  -31.528  60.304 0.0000000000
24671  22.293  -31.188  60.094 0.0000000000
24682  22.687  -31.650  59.349 0.0000000000
23617  23.297  -33.098  57.068 0.0000000000
89271  23.887  -33.390  57.173 0.0000000000
23083  22.389  -34.309  55.852 0.0000000000
48315  59.584  4.305  39.049 0.0000000000
47585  58.888  3.577  40.414 0.0000000000
46072  57.420  2.039  40.988 0.0000000000
43019  57.323  -1.770  41.625 0.0000000000
42212  57.496  -3.450  41.565 0.0000000000
41413  57.118  -4.138  41.028 0.0000000000
39795  56.684  -6.381  43.197 0.0000000000
38957  56.809  -8.263  42.737 0.0000000000
38127  57.240  -8.743  43.070 0.0000000000
36629  56.295  -10.664  45.448 0.0000000000
36628  56.876  -10.646  44.969 0.0000000000
35361  52.222  -12.544  50.313 0.0000000000
33065  48.591  -16.257  51.259 0.0000000000
33063  49.522  -16.390  50.415 0.0000000000
31939  51.514  -18.389  49.678 0.0000000000
32486  50.796  -17.497  49.909 0.0000000000
30818  52.575  -20.624  46.816 0.0000000000
29204  53.807  -22.856  45.523 0.0000000000
28636  53.497  -24.288  47.260 0.0000000000
26418  50.375  -28.260  46.439 0.0000000000
26417  50.922  -27.810  46.227 0.0000000000
27480  44.380  -26.231  52.301 0.0000000000
25840  44.723  -29.619  50.628 0.0000000000
25285  44.834  -29.825  50.313 0.0000000000
25291  45.996  -30.566  49.196 0.0000000000
24749  46.140  -31.294  48.406 0.0000000000
24206  40.981  -31.810  47.279 0.0000000000
24205  41.995  -32.312  47.975 0.0000000000
24221  42.474  -32.093  46.294 0.0000000000
23676  43.066  -32.828  46.714 0.0000000000
22582  43.672  -35.994  43.359 0.0000000000
22000  43.777  -36.364  43.885 0.0000000000
21987  45.776  -35.633  44.847 0.0000000000
22560  46.076  -35.209  45.352 0.0000000000
40634  59.218  -5.010  38.185 0.0000000000
26909  33.110  -27.158  59.473 0.0000000000
26899  31.819  -26.958  60.026 0.0000000000
28022  33.592  -25.101  58.551 0.0000000000
27456  33.669  -26.266  59.376 0.0000000000
31341  44.788  -19.521  53.954 0.0000000000
30259  47.552  -21.846  52.735 0.0000000000
28047  48.165  -25.013  51.845 0.0000000000
27483  47.434  -26.115  51.680 0.0000000000
23125  39.549  -34.872  50.938 0.0000000000
21967  40.562  -36.779  49.714 0.0000000000
21388  40.572  -37.370  50.458 0.0000000000
21391  40.734  -37.441  49.972 0.0000000000
23099  35.926  -34.103  54.934 0.0000000000
23100  35.503  -34.365  55.063 0.0000000000
23102  33.748  -34.859  55.542 0.0000000000
24134  30.584  -32.001  56.921 0.0000000000
23067  29.964  -33.988  57.312 0.0000000000
30246  40.648  -21.862  55.388 0.0000000000
26926  40.048  -27.468  55.270 0.0000000000
23641  36.532  -33.732  54.832 0.0000000000
37362  58.715  -9.450  40.517 0.0000000000
24130  20.208  -32.196  58.784 0.0000000000
24154  20.095  -32.762  57.067 0.0000000000
23623  19.878  -33.044  56.030 0.0000000000
23618  19.565  -33.265  56.944 0.0000000000
23073  19.514  -34.674  57.091 0.0000000000
34255  55.178  -14.059  46.541 0.0000000000
34262  55.062  -14.737  46.567 0.0000000000
34790  50.658  -13.494  51.332 0.0000000000
31353  49.815  -19.008  50.812 0.0000000000
31352  50.272  -18.655  50.795 0.0000000000
31943  52.641  -18.280  48.284 0.0000000000
31374  52.370  -20.070  47.338 0.0000000000
29731  53.531  -22.407  46.236 0.0000000000
28077  52.659  -25.549  47.240 0.0000000000
26951  49.179  -26.965  48.481 0.0000000000
26963  49.776  -27.679  47.449 0.0000000000
26413  49.580  -28.384  47.018 0.0000000000
25834  43.796  -29.504  51.487 0.0000000000
25280  43.892  -29.690  51.121 0.0000000000
25286  44.245  -30.142  50.485 0.0000000000
24751  44.549  -31.467  48.778 0.0000000000
21411  42.503  -37.257  45.408 0.0000000000
21400  43.222  -36.731  45.941 0.0000000000
21992  42.115  -36.793  43.968 0.0000000000
22002  42.324  -36.345  43.314 0.0000000000
22012  41.687  -36.067  42.700 0.0000000000
22584  42.120  -35.967  42.681 0.0000000000
50583  61.090  7.449  34.458 0.0000000000
49863  61.869  6.343  33.686 0.0000000000
49866  62.093  6.575  33.071 0.0000000000
46842  61.748  2.668  33.826 0.0000000000
25247  33.319  -30.223  57.039 0.0000000000
25248  32.658  -30.315  57.137 0.0000000000
24686  31.776  -31.036  57.356 0.0000000000
25785  31.391  -29.246  58.806 0.0000000000
24698  27.728  -31.583  56.430 0.0000000000
24709  27.108  -31.637  56.315 0.0000000000
35986  57.052  -12.285  42.593 0.0000000000
37334  53.391  -9.502  48.191 0.0000000000
35371  53.694  -12.439  48.605 0.0000000000
30803  49.975  -20.506  50.202 0.0000000000
30264  49.827  -21.425  50.051 0.0000000000
29183  49.904  -23.790  48.313 0.0000000000
28626  49.648  -24.204  48.426 0.0000000000
26409  48.401  -28.463  48.318 0.0000000000
24735  41.862  -31.869  51.974 0.0000000000
24187  41.903  -31.906  51.393 0.0000000000
23664  40.616  -32.175  47.295 0.0000000000
89315  41.754  -34.054  46.476 0.0000000000
22549  42.567  -35.638  46.849 0.0000000000
22541  40.443  -35.099  49.004 0.0000000000
21973  41.964  -35.571  47.017 0.0000000000
21401  42.186  -37.070  46.268 0.0000000000
24160  33.004  -32.529  56.018 0.0000000000
23629  31.685  -33.469  56.455 0.0000000000
23077  30.971  -34.247  56.706 0.0000000000
22497  32.296  -35.277  55.945 0.0000000000
30772  43.817  -19.976  56.050 0.0000000000
30250  44.165  -21.687  54.206 0.0000000000
29698  44.347  -22.082  53.911 0.0000000000
27476  42.764  -26.229  53.749 0.0000000000
25825  43.028  -29.544  53.579 0.0000000000
26928  38.368  -28.019  55.486 0.0000000000
24731  41.790  -31.719  52.526 0.0000000000
23651  39.545  -34.080  51.793 0.0000000000
23647  39.201  -33.838  52.436 0.0000000000
23121  39.333  -34.841  51.472 0.0000000000
22535  39.037  -35.519  51.936 0.0000000000
22532  38.349  -35.425  52.612 0.0000000000
22536  38.678  -36.172  52.095 0.0000000000
39809  59.446  -6.762  38.957 0.0000000000
28571  31.260  -24.435  60.200 0.0000000000
27450  28.189  -26.413  60.675 0.0000000000
25789  27.558  -29.959  58.884 0.0000000000
25797  27.546  -30.269  58.305 0.0000000000
25804  26.896  -30.302  57.619 0.0000000000
25259  26.510  -30.900  56.889 0.0000000000
24712  26.061  -31.480  56.938 0.0000000000
25771  24.439  -29.005  60.508 0.0000000000
25782  24.541  -29.269  59.780 0.0000000000
25235  24.535  -30.316  58.470 0.0000000000
24680  23.905  -30.872  58.731 0.0000000000
24701  24.943  -31.112  57.232 0.0000000000
24151  25.467  -31.576  57.223 0.0000000000
89262  26.339  -32.581  57.083 0.0000000000
23616  26.151  -33.991  57.343 0.0000000000
23080  26.094  -34.283  56.879 0.0000000000
89267  24.138  -33.768  57.047 0.0000000000
23081  24.726  -34.190  56.683 0.0000000000
23630  20.405  -33.386  56.026 0.0000000000
49077  60.504  5.497  37.290 0.0000000000
49069  60.142  5.692  38.082 0.0000000000
47581  58.853  3.889  40.895 0.0000000000
46817  58.708  2.369  40.202 0.0000000000
44555  58.939  -0.655  39.468 0.0000000000
45327  56.643  0.462  41.194 0.0000000000
43767  57.346  -1.606  41.101 0.0000000000
41417  56.841  -4.668  40.816 0.0000000000
39802  57.155  -6.593  41.723 0.0000000000
38115  55.424  -8.732  45.836 0.0000000000
38120  55.875  -8.735  45.513 0.0000000000
37352  57.516  -9.239  43.950 0.0000000000
34819  57.110  -13.629  43.807 0.0000000000
33702  56.750  -15.294  44.677 0.0000000000
34235  51.141  -14.133  50.520 0.0000000000
33068  49.785  -16.596  50.195 0.0000000000
34244  50.791  -14.652  50.231 0.0000000000
33676  51.918  -15.061  49.087 0.0000000000
32495  53.119  -17.577  47.187 0.0000000000
29210  53.795  -23.531  45.495 0.0000000000
27508  52.216  -25.996  46.622 0.0000000000
26955  50.254  -26.587  47.644 0.0000000000
27510  50.916  -26.321  46.988 0.0000000000
26961  51.012  -26.675  46.700 0.0000000000
28050  45.680  -25.438  52.299 0.0000000000
26945  46.739  -27.650  51.353 0.0000000000
25832  45.132  -28.955  51.134 0.0000000000
26398  46.420  -28.403  51.204 0.0000000000
26397  47.054  -28.272  51.026 0.0000000000
25290  46.435  -30.072  49.258 0.0000000000
24760  47.796  -31.354  47.003 0.0000000000
24739  42.697  -31.733  50.433 0.0000000000
24744  43.219  -31.693  49.889 0.0000000000
24195  44.095  -31.653  48.957 0.0000000000
24212  44.759  -32.483  48.036 0.0000000000
21977  44.031  -36.178  46.284 0.0000000000
23140  44.353  -34.531  46.754 0.0000000000
21981  44.843  -36.532  45.170 0.0000000000
22553  44.701  -35.431  46.292 0.0000000000
23668  44.585  -32.889  47.773 0.0000000000
24210  46.311  -32.249  47.555 0.0000000000
23674  46.442  -33.250  46.676 0.0000000000
24220  46.678  -32.656  47.074 0.0000000000
24209  46.895  -32.048  47.425 0.0000000000
24761  47.371  -31.728  47.218 0.0000000000
49090  61.855  5.586  33.523 0.0000000000
42221  59.514  -3.605  37.413 0.0000000000
21409  44.081  -36.918  44.963 0.0000000000
21423  43.459  -36.941  44.634 0.0000000000
21424  42.716  -37.110  44.636 0.0000000000
21970  40.848  -36.724  48.873 0.0000000000
21976  45.015  -36.143  45.863 0.0000000000
21979  45.867  -35.656  45.264 0.0000000000
21989  44.278  -36.474  44.361 0.0000000000
21990  43.597  -36.635  44.212 0.0000000000
22480  26.842  -34.379  56.897 0.0000000000
22554  43.708  -35.262  46.591 0.0000000000
22561  45.843  -35.629  45.611 0.0000000000
22572  44.076  -36.220  43.811 0.0000000000
22583  42.775  -35.880  42.872 0.0000000000
23085  19.432  -33.585  55.935 0.0000000000
23096  19.661  -33.410  55.460 0.0000000000
23162  46.598  -34.090  44.719 0.0000000000
23610  18.800  -33.096  59.278 0.0000000000
23622  26.831  -32.800  56.525 0.0000000000
23656  41.747  -32.621  49.461 0.0000000000
23677  42.206  -32.918  46.198 0.0000000000
23688  46.694  -33.555  46.124 0.0000000000
23689  41.667  -32.320  45.673 0.0000000000
23690  41.323  -32.598  45.892 0.0000000000
24143  20.609  -32.392  57.831 0.0000000000
24149  26.912  -32.420  56.273 0.0000000000
24163  26.403  -32.114  56.766 0.0000000000
24203  44.435  -32.027  48.388 0.0000000000
24207  40.343  -31.791  46.681 0.0000000000
24214  41.719  -31.650  46.628 0.0000000000
24215  40.798  -31.370  46.462 0.0000000000
24222  41.799  -31.850  45.617 0.0000000000
24691  27.830  -30.971  56.897 0.0000000000
24699  27.311  -31.151  56.692 0.0000000000
24710  26.819  -31.237  56.604 0.0000000000
24711  26.423  -31.271  56.709 0.0000000000
24725  42.121  -30.880  53.498 0.0000000000
24727  40.830  -31.452  53.807 0.0000000000
24756  41.101  -31.340  45.837 0.0000000000
24757  40.342  -31.475  45.912 0.0000000000
24758  40.193  -31.846  46.193 0.0000000000
24762  40.935  -31.838  45.319 0.0000000000
25242  27.177  -30.441  57.576 0.0000000000
25244  25.050  -30.486  57.638 0.0000000000
25250  26.768  -30.563  57.276 0.0000000000
25251  25.927  -30.584  57.218 0.0000000000
25252  25.294  -30.778  57.196 0.0000000000
25258  26.958  -30.894  56.909 0.0000000000
25260  26.167  -31.002  56.787 0.0000000000
25788  28.073  -30.090  59.262 0.0000000000
28058  50.123  -24.250  47.788 0.0000000000
28620  50.243  -23.969  47.888 0.0000000000
29182  50.078  -23.814  48.095 0.0000000000
30283  52.530  -21.250  47.066 0.0000000000
30284  52.442  -21.343  47.261 0.0000000000
30825  52.452  -21.101  47.215 0.0000000000
89253  26.611  -32.641  56.741 0.0000000000
89255  26.674  -32.357  56.520 0.0000000000
89257  26.875  -32.074  56.212 0.0000000000
89258  26.481  -32.728  57.004 0.0000000000
89259  26.608  -31.785  56.534 0.0000000000
89260  26.566  -32.091  56.568 0.0000000000
89264  26.439  -32.501  56.912 0.0000000000
89265  24.557  -33.906  57.283 0.0000000000
89266  24.759  -33.647  57.446 0.0000000000
89273  21.261  -32.670  55.755 0.0000000000
89274  20.924  -32.643  56.059 0.0000000000
89276  19.616  -33.678  55.983 0.0000000000
89277  19.425  -33.753  55.404 0.0000000000
89309  41.111  -34.582  47.248 0.0000000000
89311  41.115  -34.164  46.896 0.0000000000
89312  40.942  -33.122  46.584 0.0000000000
89313  40.526  -32.488  46.457 0.0000000000
89314  40.324  -32.136  46.421 0.0000000000
89316  40.474  -32.225  45.956 0.0000000000
