#!ascii label  , from subject TEMPLATE vox2ras=TkReg
1123
27995  17.222  -25.866  62.454 0.0000000000
48260  52.395  4.202  49.840 0.0000000000
34738  36.109  -13.993  60.723 0.0000000000
34209  42.152  -14.484  56.666 0.0000000000
33016  29.820  -16.603  62.526 0.0000000000
28549  24.558  -24.464  61.776 0.0000000000
53703  57.143  11.808  39.879 0.0000000000
48304  56.639  4.737  43.774 0.0000000000
41361  44.374  -5.051  54.461 0.0000000000
59567  59.168  19.024  34.272 0.0000000000
31314  34.551  -19.914  61.991 0.0000000000
27984  22.335  -25.140  62.173 0.0000000000
51315  57.306  8.652  42.721 0.0000000000
52070  55.020  8.937  45.847 0.0000000000
44520  51.597  -0.443  49.078 0.0000000000
45309  54.004  0.510  47.208 0.0000000000
43729  49.194  -1.468  51.113 0.0000000000
37283  41.075  -9.326  58.487 0.0000000000
33641  38.619  -14.969  58.280 0.0000000000
30190  31.370  -20.986  62.155 0.0000000000
28560  28.365  -24.057  60.425 0.0000000000
30740  27.047  -19.546  61.118 0.0000000000
30720  23.967  -20.352  63.902 0.0000000000
33626  32.719  -15.075  62.242 0.0000000000
54478  59.544  12.505  36.820 0.0000000000
51327  59.192  8.461  38.707 0.0000000000
48285  54.365  4.530  47.018 0.0000000000
40577  47.343  -5.428  51.096 0.0000000000
36570  42.877  -10.245  55.761 0.0000000000
56685  58.303  15.441  37.727 0.0000000000
56704  59.963  15.397  33.789 0.0000000000
58147  60.757  17.290  29.651 0.0000000000
29648  33.241  -22.238  60.680 0.0000000000
89544  20.202  -24.915  61.129 0.0000000000
26859  19.675  -27.725  64.017 0.0000000000
26327  17.907  -28.116  63.695 0.0000000000
52896  54.866  9.730  43.760 0.0000000000
42987  51.184  -2.278  49.394 0.0000000000
42993  52.080  -2.819  48.400 0.0000000000
25218  11.936  -30.643  61.470 0.0000000000
46032  49.523  1.374  50.749 0.0000000000
35902  37.259  -11.751  60.803 0.0000000000
35901  38.493  -11.768  60.157 0.0000000000
34198  37.694  -14.627  60.314 0.0000000000
31880  30.354  -18.447  62.516 0.0000000000
30738  28.749  -20.466  61.634 0.0000000000
31882  28.521  -18.647  62.183 0.0000000000
33021  31.295  -15.905  61.601 0.0000000000
31867  32.392  -18.661  63.013 0.0000000000
28562  26.014  -24.456  60.438 0.0000000000
53718  58.506  11.727  38.997 0.0000000000
52928  58.711  10.588  37.607 0.0000000000
52921  57.561  10.239  39.180 0.0000000000
50550  57.210  7.234  43.645 0.0000000000
50556  58.285  7.335  41.833 0.0000000000
49038  52.234  5.883  48.586 0.0000000000
49814  53.608  6.531  47.517 0.0000000000
47558  53.731  3.749  48.631 0.0000000000
42150  46.041  -3.493  54.234 0.0000000000
42155  47.312  -3.235  53.162 0.0000000000
41369  45.978  -5.039  52.250 0.0000000000
35324  41.425  -12.104  57.335 0.0000000000
36567  42.281  -10.297  57.371 0.0000000000
35335  42.986  -12.488  55.911 0.0000000000
55228  55.766  13.196  40.264 0.0000000000
56669  57.022  15.037  39.187 0.0000000000
55244  57.575  13.931  38.946 0.0000000000
55971  58.949  14.330  37.243 0.0000000000
59588  60.644  19.418  29.666 0.0000000000
58859  60.209  18.291  32.331 0.0000000000
57414  60.128  16.404  32.314 0.0000000000
58850  59.595  17.874  34.178 0.0000000000
32436  35.562  -17.496  61.601 0.0000000000
33025  36.880  -16.527  60.399 0.0000000000
31316  36.065  -19.264  60.248 0.0000000000
27982  23.243  -25.369  62.934 0.0000000000
27427  23.592  -26.713  62.674 0.0000000000
26857  21.443  -27.639  63.722 0.0000000000
53698  55.585  11.165  41.135 0.0000000000
52099  56.544  9.698  40.514 0.0000000000
52090  55.445  9.855  42.079 0.0000000000
51312  56.592  8.635  43.946 0.0000000000
50545  56.148  7.162  44.475 0.0000000000
46044  52.020  1.364  49.401 0.0000000000
46050  53.219  1.888  48.442 0.0000000000
44526  52.598  -0.556  48.158 0.0000000000
40556  43.327  -5.370  55.305 0.0000000000
34215  43.909  -14.592  56.094 0.0000000000
27987  15.188  -25.719  63.796 0.0000000000
26330  15.771  -28.429  62.883 0.0000000000
25749  13.602  -29.637  63.489 0.0000000000
47536  50.718  3.437  50.265 0.0000000000
46039  50.974  1.514  49.587 0.0000000000
44514  50.570  -1.092  49.854 0.0000000000
42169  50.015  -2.956  49.829 0.0000000000
37275  39.128  -9.471  59.516 0.0000000000
35318  40.157  -12.237  58.717 0.0000000000
34211  40.264  -13.919  56.463 0.0000000000
32441  37.839  -16.936  58.889 0.0000000000
32450  39.510  -17.273  57.142 0.0000000000
29650  31.802  -22.482  60.916 0.0000000000
28558  30.035  -24.282  60.596 0.0000000000
29664  29.566  -22.570  59.990 0.0000000000
29655  27.833  -21.442  59.686 0.0000000000
29134  24.036  -22.900  59.306 0.0000000000
31871  26.981  -18.313  62.896 0.0000000000
30729  24.895  -19.490  62.326 0.0000000000
29630  23.838  -22.035  62.891 0.0000000000
29093  22.742  -23.200  64.250 0.0000000000
29095  21.139  -22.833  63.760 0.0000000000
29097  19.059  -23.152  63.836 0.0000000000
35896  35.682  -12.353  61.061 0.0000000000
35308  33.260  -13.078  60.491 0.0000000000
34182  34.406  -15.458  61.523 0.0000000000
31876  34.014  -18.236  62.403 0.0000000000
30734  33.094  -20.531  62.814 0.0000000000
51334  59.913  8.434  37.100 0.0000000000
51321  58.503  8.290  40.454 0.0000000000
52063  54.046  8.752  46.949 0.0000000000
49817  54.474  6.455  46.289 0.0000000000
48296  55.498  4.750  45.082 0.0000000000
46796  54.461  2.760  47.379 0.0000000000
46799  55.459  2.525  46.051 0.0000000000
44503  47.770  -0.736  53.017 0.0000000000
42165  48.461  -3.548  51.360 0.0000000000
40583  49.523  -5.698  50.054 0.0000000000
38881  42.618  -7.368  56.528 0.0000000000
38898  43.568  -7.553  54.514 0.0000000000
35338  44.645  -12.533  55.033 0.0000000000
36576  44.820  -10.670  54.163 0.0000000000
38903  44.934  -7.943  52.982 0.0000000000
38909  47.359  -7.892  52.300 0.0000000000
38917  49.016  -7.774  51.325 0.0000000000
58116  58.271  17.100  36.510 0.0000000000
56700  59.478  15.793  36.128 0.0000000000
55975  59.746  14.314  35.972 0.0000000000
29660  33.352  -22.618  60.067 0.0000000000
27994  18.453  -25.642  61.650 0.0000000000
26896  18.338  -27.455  61.328 0.0000000000
27443  17.586  -26.982  61.247 0.0000000000
42175  50.866  -3.555  48.976 0.0000000000
41387  51.193  -4.143  48.313 0.0000000000
25762  10.723  -29.632  63.557 0.0000000000
35304  36.845  -13.197  60.839 0.0000000000
34746  37.626  -13.592  60.342 0.0000000000
34737  36.981  -14.234  60.612 0.0000000000
32431  30.581  -17.522  62.414 0.0000000000
31881  29.457  -18.576  62.329 0.0000000000
32432  29.671  -17.675  62.546 0.0000000000
33628  30.961  -15.169  61.189 0.0000000000
33015  30.740  -16.492  61.877 0.0000000000
32430  31.521  -17.390  62.513 0.0000000000
28548  25.581  -24.821  61.771 0.0000000000
27990  24.712  -25.390  62.290 0.0000000000
53709  57.731  11.518  39.507 0.0000000000
52920  57.880  10.766  38.848 0.0000000000
52914  57.351  10.649  39.473 0.0000000000
49830  56.913  5.857  43.646 0.0000000000
49829  57.441  6.347  43.295 0.0000000000
49014  52.450  4.746  49.331 0.0000000000
49026  53.094  5.013  48.485 0.0000000000
48259  52.911  4.199  49.404 0.0000000000
41351  44.614  -3.974  54.732 0.0000000000
41360  45.129  -4.196  54.235 0.0000000000
41364  45.992  -4.112  53.528 0.0000000000
40569  45.110  -5.729  53.000 0.0000000000
34762  41.831  -13.449  56.307 0.0000000000
35329  42.324  -12.941  56.146 0.0000000000
34761  42.611  -13.910  56.474 0.0000000000
54454  56.784  12.295  40.106 0.0000000000
55234  57.264  13.395  39.468 0.0000000000
54453  57.332  12.418  39.724 0.0000000000
54460  58.087  12.455  39.252 0.0000000000
59575  59.795  19.084  32.804 0.0000000000
59570  59.676  18.865  33.292 0.0000000000
58854  59.824  18.305  33.368 0.0000000000
58851  59.195  18.536  34.438 0.0000000000
31886  35.379  -18.448  61.561 0.0000000000
31885  36.014  -18.041  61.004 0.0000000000
31317  35.492  -19.760  60.705 0.0000000000
28538  23.062  -24.574  63.347 0.0000000000
27416  22.468  -26.312  62.968 0.0000000000
27983  22.710  -25.382  62.696 0.0000000000
26312  18.910  -28.574  64.542 0.0000000000
26311  19.941  -28.476  64.202 0.0000000000
52907  54.538  11.000  41.933 0.0000000000
52906  55.266  10.531  41.684 0.0000000000
52901  55.054  9.999  42.731 0.0000000000
52890  54.885  9.640  44.667 0.0000000000
52895  55.620  9.530  44.125 0.0000000000
52077  55.590  8.929  44.882 0.0000000000
51306  56.514  8.036  44.320 0.0000000000
51302  55.427  7.928  45.309 0.0000000000
45300  51.645  0.832  49.196 0.0000000000
45299  52.141  0.988  48.966 0.0000000000
44519  52.077  0.041  48.676 0.0000000000
53699  54.506  11.326  41.333 0.0000000000
26875  14.344  -27.501  63.260 0.0000000000
26862  13.658  -27.894  63.450 0.0000000000
46775  50.355  2.784  50.252 0.0000000000
46030  50.964  2.351  49.835 0.0000000000
46031  50.316  1.910  50.101 0.0000000000
45296  49.573  0.149  50.720 0.0000000000
45295  50.083  0.193  50.165 0.0000000000
43734  49.751  -1.334  50.527 0.0000000000
43733  50.254  -1.543  50.091 0.0000000000
42982  49.676  -2.258  50.447 0.0000000000
36558  38.702  -10.086  59.777 0.0000000000
34752  39.010  -13.326  58.979 0.0000000000
35911  39.369  -11.529  59.569 0.0000000000
34751  39.413  -12.994  58.594 0.0000000000
34765  39.639  -13.310  57.247 0.0000000000
34204  39.119  -14.294  57.590 0.0000000000
32443  36.813  -18.017  59.550 0.0000000000
33024  37.354  -16.663  59.851 0.0000000000
32447  37.801  -17.917  58.600 0.0000000000
31898  39.185  -18.214  57.299 0.0000000000
32449  40.154  -16.628  56.514 0.0000000000
30203  31.554  -21.824  61.672 0.0000000000
29651  30.890  -22.657  61.167 0.0000000000
30204  30.448  -21.570  61.594 0.0000000000
30739  27.760  -20.098  61.474 0.0000000000
30193  28.119  -21.203  61.274 0.0000000000
29644  27.564  -20.726  60.298 0.0000000000
29665  27.769  -21.818  58.526 0.0000000000
30209  25.734  -19.635  59.660 0.0000000000
32423  27.364  -17.616  63.332 0.0000000000
31302  24.355  -19.620  63.614 0.0000000000
31300  25.405  -18.729  62.475 0.0000000000
30730  24.478  -20.127  63.155 0.0000000000
30185  24.516  -20.780  62.360 0.0000000000
30177  23.957  -21.140  63.384 0.0000000000
29091  23.665  -23.054  63.366 0.0000000000
30178  23.308  -21.230  64.073 0.0000000000
29096  20.110  -22.748  63.863 0.0000000000
36550  35.627  -10.783  60.397 0.0000000000
35904  34.902  -11.926  60.529 0.0000000000
34192  32.691  -14.415  61.605 0.0000000000
34741  33.369  -13.695  61.121 0.0000000000
34740  34.253  -13.793  61.055 0.0000000000
34183  33.874  -15.144  61.761 0.0000000000
33616  34.144  -15.817  61.949 0.0000000000
33012  33.782  -16.499  62.176 0.0000000000
30725  31.991  -19.688  62.692 0.0000000000
31306  33.031  -19.549  63.255 0.0000000000
30735  32.099  -20.365  62.529 0.0000000000
30202  32.485  -21.861  61.621 0.0000000000
28559  29.233  -24.096  60.520 0.0000000000
25177  14.502  -30.412  64.621 0.0000000000
25186  15.634  -30.061  64.510 0.0000000000
53728  59.744  11.540  36.424 0.0000000000
52109  59.011  9.523  38.267 0.0000000000
52119  59.376  9.471  37.195 0.0000000000
51335  59.464  8.507  37.855 0.0000000000
50573  59.367  7.544  38.222 0.0000000000
52093  57.180  9.145  41.123 0.0000000000
52098  57.418  9.425  40.347 0.0000000000
52087  57.717  8.762  41.615 0.0000000000
49840  58.862  6.813  40.773 0.0000000000
49042  53.880  5.625  47.225 0.0000000000
49813  54.059  6.488  46.904 0.0000000000
49041  54.314  5.635  46.632 0.0000000000
49049  55.141  5.916  45.518 0.0000000000
48290  54.878  4.570  45.932 0.0000000000
45305  53.305  0.925  47.831 0.0000000000
46791  53.985  2.348  47.972 0.0000000000
46054  54.150  1.756  47.153 0.0000000000
43724  47.413  -1.080  53.593 0.0000000000
41367  47.149  -4.083  51.959 0.0000000000
42159  47.995  -3.005  52.092 0.0000000000
41372  48.380  -4.534  51.026 0.0000000000
41378  48.964  -4.205  50.652 0.0000000000
40584  48.757  -5.387  50.457 0.0000000000
38062  40.420  -8.382  59.061 0.0000000000
38060  41.761  -8.383  57.905 0.0000000000
37288  42.704  -9.620  56.617 0.0000000000
38066  42.739  -8.234  56.615 0.0000000000
37292  43.163  -8.991  55.750 0.0000000000
38070  43.086  -7.933  55.755 0.0000000000
37295  43.729  -8.984  55.032 0.0000000000
34768  43.744  -13.798  55.828 0.0000000000
36583  45.525  -10.203  53.625 0.0000000000
37309  45.121  -9.082  53.980 0.0000000000
38082  46.233  -8.694  53.249 0.0000000000
38902  45.947  -8.112  52.802 0.0000000000
38081  47.040  -8.580  53.020 0.0000000000
56676  57.332  15.470  38.541 0.0000000000
57392  58.187  16.407  37.120 0.0000000000
58115  58.807  16.598  36.205 0.0000000000
56696  58.618  15.868  37.065 0.0000000000
55256  59.192  13.421  37.069 0.0000000000
55976  59.365  14.301  36.600 0.0000000000
55255  59.647  13.421  36.340 0.0000000000
55259  59.993  13.451  35.559 0.0000000000
58876  60.783  18.626  29.605 0.0000000000
57410  59.999  16.360  33.307 0.0000000000
56708  59.928  15.434  32.794 0.0000000000
30744  34.288  -20.891  61.677 0.0000000000
30754  34.712  -21.000  60.976 0.0000000000
30213  34.527  -21.464  60.317 0.0000000000
27992  21.864  -24.764  61.420 0.0000000000
27418  21.155  -26.959  62.349 0.0000000000
26894  20.226  -27.009  61.393 0.0000000000
26870  19.259  -27.570  63.146 0.0000000000
26303  18.250  -29.054  64.559 0.0000000000
52883  54.136  9.642  45.348 0.0000000000
52874  54.383  9.357  46.070 0.0000000000
43738  51.653  -1.443  49.297 0.0000000000
42986  52.140  -2.157  48.983 0.0000000000
42174  51.595  -2.967  48.806 0.0000000000
42183  51.674  -3.523  48.239 0.0000000000
25750  12.905  -29.111  63.522 0.0000000000
26333  11.601  -29.057  63.707 0.0000000000
25212  11.020  -30.718  62.190 0.0000000000
46776  49.651  2.499  50.487 0.0000000000
44511  48.923  -0.385  51.418 0.0000000000
37267  38.182  -10.248  60.036 0.0000000000
35312  37.584  -12.599  60.475 0.0000000000
35311  38.332  -12.930  59.898 0.0000000000
34201  38.468  -14.470  59.085 0.0000000000
30736  31.168  -19.932  62.313 0.0000000000
30737  29.951  -20.494  61.840 0.0000000000
31308  30.167  -19.350  62.280 0.0000000000
31309  29.176  -19.493  61.976 0.0000000000
31311  27.277  -19.221  61.685 0.0000000000
30721  23.315  -20.325  64.363 0.0000000000
31293  23.023  -19.656  64.482 0.0000000000
33627  31.942  -15.280  61.811 0.0000000000
33014  31.886  -16.352  62.276 0.0000000000
32429  32.478  -17.362  62.697 0.0000000000
31879  31.331  -18.440  62.647 0.0000000000
28561  27.395  -24.200  60.369 0.0000000000
53725  58.833  11.666  38.225 0.0000000000
53729  59.261  11.575  37.273 0.0000000000
52929  58.287  10.993  38.217 0.0000000000
52919  58.339  10.295  38.264 0.0000000000
52104  58.368  9.326  39.484 0.0000000000
51310  57.766  7.796  42.941 0.0000000000
51314  57.816  8.230  42.380 0.0000000000
50553  57.986  7.294  42.574 0.0000000000
49833  58.204  6.440  42.171 0.0000000000
50528  52.825  7.538  48.316 0.0000000000
49037  52.734  5.809  48.301 0.0000000000
49036  53.335  5.555  47.815 0.0000000000
48280  54.313  4.034  47.710 0.0000000000
45308  54.762  0.137  46.673 0.0000000000
42961  46.296  -2.213  54.769 0.0000000000
42968  47.465  -2.173  53.434 0.0000000000
42156  46.709  -3.696  53.360 0.0000000000
41368  46.586  -4.417  52.229 0.0000000000
41374  46.922  -4.859  51.390 0.0000000000
36561  41.788  -10.971  58.051 0.0000000000
37282  41.686  -9.779  57.935 0.0000000000
35923  42.148  -11.408  57.246 0.0000000000
36566  42.620  -10.834  56.580 0.0000000000
35927  43.080  -11.456  55.786 0.0000000000
55236  55.362  13.855  39.813 0.0000000000
55957  55.845  14.682  39.723 0.0000000000
55235  56.276  13.788  39.848 0.0000000000
55955  57.331  14.482  39.099 0.0000000000
55963  57.726  14.456  38.619 0.0000000000
56684  58.814  14.923  37.428 0.0000000000
55253  58.313  13.938  38.085 0.0000000000
55242  58.460  12.960  38.361 0.0000000000
60342  60.009  20.169  31.377 0.0000000000
59582  60.325  19.325  30.781 0.0000000000
58862  60.344  18.333  31.258 0.0000000000
58138  60.467  17.347  30.614 0.0000000000
58134  60.385  17.355  31.792 0.0000000000
58132  60.196  17.335  32.841 0.0000000000
57408  59.993  16.272  34.283 0.0000000000
33624  35.946  -15.614  61.068 0.0000000000
33623  36.853  -15.718  60.665 0.0000000000
32435  36.223  -17.090  61.039 0.0000000000
31889  36.187  -18.509  60.416 0.0000000000
31320  36.459  -19.611  59.599 0.0000000000
28537  23.983  -24.244  63.123 0.0000000000
27991  24.165  -25.818  62.420 0.0000000000
27415  23.178  -26.363  62.829 0.0000000000
26867  22.243  -27.270  63.285 0.0000000000
26858  20.709  -27.635  63.917 0.0000000000
26310  20.959  -28.337  64.057 0.0000000000
53704  56.397  11.399  40.492 0.0000000000
52915  56.651  10.645  40.075 0.0000000000
52909  55.958  10.462  40.824 0.0000000000
52094  56.374  9.377  41.416 0.0000000000
52089  56.081  9.485  42.450 0.0000000000
52900  55.654  9.686  43.341 0.0000000000
52085  56.414  9.198  43.555 0.0000000000
52084  56.862  8.951  42.864 0.0000000000
51305  56.993  7.696  43.927 0.0000000000
50544  56.725  7.187  44.063 0.0000000000
49825  56.386  6.333  44.099 0.0000000000
46782  52.622  2.657  50.068 0.0000000000
46789  53.120  2.692  49.357 0.0000000000
46043  52.491  1.788  49.367 0.0000000000
45306  52.660  0.732  48.398 0.0000000000
44525  53.155  -0.062  47.611 0.0000000000
43743  52.674  -1.331  48.211 0.0000000000
43742  53.142  -1.302  47.639 0.0000000000
43748  53.710  -1.387  47.156 0.0000000000
40562  43.802  -5.514  54.868 0.0000000000
34208  42.858  -14.761  56.714 0.0000000000
55237  54.436  13.602  39.664 0.0000000000
54456  55.193  12.529  40.335 0.0000000000
53705  55.380  11.818  40.750 0.0000000000
60330  58.991  20.220  33.256 0.0000000000
59572  58.788  20.040  34.007 0.0000000000
27996  16.421  -26.156  62.790 0.0000000000
26886  16.017  -27.790  62.562 0.0000000000
26874  15.386  -27.443  62.865 0.0000000000
25748  14.497  -29.461  63.917 0.0000000000
25178  13.861  -30.567  64.311 0.0000000000
25759  13.286  -30.007  63.036 0.0000000000
48261  51.648  4.352  49.896 0.0000000000
48252  51.266  3.879  50.129 0.0000000000
47545  51.597  3.807  50.346 0.0000000000
46773  51.533  2.602  50.516 0.0000000000
45293  51.424  1.347  49.449 0.0000000000
45301  51.114  0.246  49.393 0.0000000000
46041  49.914  0.648  50.407 0.0000000000
45302  50.569  -0.063  49.765 0.0000000000
44521  51.043  -0.860  49.546 0.0000000000
43732  50.837  -1.666  49.699 0.0000000000
42988  50.565  -2.895  49.490 0.0000000000
41381  50.237  -4.496  49.363 0.0000000000
36563  40.546  -9.868  58.867 0.0000000000
36546  39.147  -10.994  59.890 0.0000000000
36556  40.230  -10.747  59.161 0.0000000000
36555  40.775  -11.316  58.929 0.0000000000
35918  41.033  -11.706  58.491 0.0000000000
34763  40.873  -12.745  56.446 0.0000000000
34210  41.285  -14.176  56.229 0.0000000000
33633  37.111  -15.996  60.422 0.0000000000
33637  37.780  -15.926  59.596 0.0000000000
33033  38.557  -16.141  58.148 0.0000000000
31899  38.615  -18.477  57.786 0.0000000000
32445  38.847  -16.781  57.721 0.0000000000
33640  39.083  -15.409  57.477 0.0000000000
33039  39.891  -15.933  56.934 0.0000000000
33038  40.967  -16.089  56.285 0.0000000000
33037  42.088  -15.858  56.489 0.0000000000
29128  31.605  -23.439  60.223 0.0000000000
29116  30.664  -23.408  60.364 0.0000000000
29117  29.826  -23.307  60.004 0.0000000000
29118  29.096  -23.023  59.829 0.0000000000
30205  29.459  -21.703  61.178 0.0000000000
29654  28.693  -21.915  59.770 0.0000000000
29119  28.284  -23.114  59.490 0.0000000000
29120  27.412  -23.245  59.332 0.0000000000
28573  25.378  -24.239  59.736 0.0000000000
29121  23.823  -24.022  60.746 0.0000000000
32422  28.236  -17.420  63.257 0.0000000000
31870  27.926  -18.123  62.778 0.0000000000
30727  26.558  -19.023  61.518 0.0000000000
31872  25.999  -18.386  62.950 0.0000000000
30728  25.666  -18.876  61.616 0.0000000000
30183  25.645  -19.027  60.796 0.0000000000
30197  24.673  -20.801  61.163 0.0000000000
29645  23.980  -21.970  60.776 0.0000000000
28550  24.195  -23.758  62.351 0.0000000000
28528  23.360  -23.917  64.038 0.0000000000
28529  22.564  -24.004  63.875 0.0000000000
30179  22.741  -21.455  64.401 0.0000000000
29633  22.224  -22.451  64.326 0.0000000000
28530  22.000  -23.912  63.478 0.0000000000
29103  20.800  -23.436  63.264 0.0000000000
28542  19.460  -24.205  62.648 0.0000000000
29106  18.096  -24.173  63.270 0.0000000000
28544  17.226  -24.768  63.233 0.0000000000
28532  16.202  -24.591  64.104 0.0000000000
36549  36.798  -10.736  60.659 0.0000000000
35903  36.138  -11.618  60.864 0.0000000000
35305  35.900  -13.157  61.256 0.0000000000
35313  34.471  -12.584  60.782 0.0000000000
34739  35.163  -13.868  60.881 0.0000000000
34189  35.475  -14.839  60.729 0.0000000000
33020  34.998  -16.064  61.678 0.0000000000
31875  34.893  -17.895  62.076 0.0000000000
31887  34.668  -18.893  62.071 0.0000000000
31877  33.011  -18.468  63.028 0.0000000000
31305  33.830  -19.443  62.677 0.0000000000
30733  33.936  -20.400  62.356 0.0000000000
30745  33.623  -21.041  62.183 0.0000000000
29649  32.696  -22.307  60.940 0.0000000000
26329  16.624  -28.484  63.164 0.0000000000
25732  17.004  -29.908  64.352 0.0000000000
52933  59.287  10.589  36.713 0.0000000000
52106  57.046  9.985  39.900 0.0000000000
52097  58.147  9.164  40.174 0.0000000000
51325  58.640  8.897  40.023 0.0000000000
50560  58.546  7.397  41.027 0.0000000000
51320  58.803  7.879  40.074 0.0000000000
50562  58.994  7.376  39.809 0.0000000000
52072  54.100  9.237  46.712 0.0000000000
52071  54.532  8.763  46.312 0.0000000000
50533  53.868  7.366  47.156 0.0000000000
51294  54.109  8.082  46.712 0.0000000000
51303  55.010  7.730  45.793 0.0000000000
50540  55.157  7.173  45.504 0.0000000000
49048  55.525  5.665  45.034 0.0000000000
48299  56.117  4.665  44.339 0.0000000000
46792  53.732  2.917  48.728 0.0000000000
47557  54.222  3.418  48.088 0.0000000000
47562  54.499  3.614  47.428 0.0000000000
46053  54.732  1.040  46.618 0.0000000000
46795  54.826  2.140  46.677 0.0000000000
48284  54.808  3.986  46.436 0.0000000000
47570  55.475  3.875  45.379 0.0000000000
48295  55.843  4.035  44.807 0.0000000000
45284  47.831  0.227  52.485 0.0000000000
43730  48.631  -1.152  51.712 0.0000000000
42967  47.779  -1.969  53.077 0.0000000000
42977  48.455  -2.168  51.570 0.0000000000
42976  49.110  -2.192  51.025 0.0000000000
42164  49.040  -2.863  50.918 0.0000000000
41377  49.586  -4.737  49.945 0.0000000000
40582  49.952  -5.549  49.769 0.0000000000
37289  42.316  -9.097  57.352 0.0000000000
39717  43.135  -6.340  55.584 0.0000000000
39725  43.465  -6.435  55.287 0.0000000000
39731  43.686  -6.761  54.058 0.0000000000
34769  43.100  -13.409  56.106 0.0000000000
35926  43.558  -12.201  55.613 0.0000000000
35931  43.908  -11.655  55.201 0.0000000000
35935  44.644  -11.676  54.617 0.0000000000
35937  43.721  -10.222  54.638 0.0000000000
37302  44.124  -8.987  54.632 0.0000000000
38904  43.926  -7.991  53.699 0.0000000000
39736  44.302  -7.105  53.059 0.0000000000
39742  45.116  -6.838  51.514 0.0000000000
38927  46.181  -7.084  50.476 0.0000000000
39750  47.143  -6.598  51.176 0.0000000000
38089  47.920  -8.536  51.962 0.0000000000
38908  48.282  -7.751  51.785 0.0000000000
39749  48.134  -6.236  50.990 0.0000000000
39748  48.890  -6.782  50.930 0.0000000000
58847  58.356  18.722  35.451 0.0000000000
58846  58.785  18.016  35.062 0.0000000000
58126  59.258  17.663  34.768 0.0000000000
58121  59.562  16.573  35.290 0.0000000000
57405  59.880  16.164  35.147 0.0000000000
56695  59.141  15.358  36.743 0.0000000000
56694  59.579  14.856  36.310 0.0000000000
56702  60.024  15.359  34.766 0.0000000000
55979  60.029  14.415  35.190 0.0000000000
29127  32.487  -23.243  60.103 0.0000000000
28555  17.957  -25.129  62.398 0.0000000000
28005  17.856  -26.323  61.604 0.0000000000
28006  17.434  -26.540  61.779 0.0000000000
41380  50.715  -4.851  48.638 0.0000000000
34188  36.429  -14.914  60.768 0.0000000000
53710  56.923  11.232  39.777 0.0000000000
49056  57.372  5.284  43.253 0.0000000000
49057  56.873  5.153  43.549 0.0000000000
40566  44.791  -5.305  53.754 0.0000000000
53702  57.557  11.971  39.746 0.0000000000
59571  59.366  19.186  33.704 0.0000000000
58855  59.522  18.486  33.929 0.0000000000
31313  35.132  -19.369  61.416 0.0000000000
28539  22.377  -24.553  63.109 0.0000000000
52902  54.078  10.693  42.440 0.0000000000
52882  55.028  9.377  45.471 0.0000000000
52889  55.439  9.287  44.785 0.0000000000
52078  55.341  8.756  45.336 0.0000000000
52081  55.758  8.404  44.789 0.0000000000
27421  13.822  -26.652  63.617 0.0000000000
47546  49.854  3.613  50.212 0.0000000000
46784  49.773  3.000  50.308 0.0000000000
44516  49.527  -0.740  50.808 0.0000000000
34205  38.912  -13.922  58.364 0.0000000000
31892  36.959  -18.343  59.206 0.0000000000
31896  37.484  -18.536  58.702 0.0000000000
30194  27.528  -20.454  60.832 0.0000000000
30195  26.716  -19.803  60.332 0.0000000000
34184  33.298  -14.814  62.093 0.0000000000
33617  33.356  -15.611  62.315 0.0000000000
24627  14.081  -31.183  64.535 0.0000000000
24626  14.761  -31.089  64.519 0.0000000000
52103  58.882  9.172  39.033 0.0000000000
52088  57.093  8.996  42.095 0.0000000000
48291  54.540  5.086  46.385 0.0000000000
46049  53.682  1.505  47.686 0.0000000000
41373  47.543  -4.326  51.515 0.0000000000
40576  48.033  -5.169  50.993 0.0000000000
38061  40.930  -8.362  58.676 0.0000000000
36573  43.299  -9.765  55.034 0.0000000000
36582  45.996  -10.583  53.149 0.0000000000
37308  45.662  -9.315  53.641 0.0000000000
37307  46.398  -9.554  53.100 0.0000000000
56686  57.690  15.907  37.921 0.0000000000
54475  59.145  12.541  37.649 0.0000000000
58865  60.782  18.086  29.740 0.0000000000
58875  60.995  18.260  29.118 0.0000000000
58155  61.043  17.318  28.644 0.0000000000
30201  33.472  -21.703  61.422 0.0000000000
30200  34.224  -21.462  61.043 0.0000000000
30214  33.820  -21.943  60.575 0.0000000000
28004  21.130  -24.750  60.900 0.0000000000
27440  20.910  -26.429  61.019 0.0000000000
27453  20.392  -26.124  60.617 0.0000000000
26871  18.172  -27.897  63.166 0.0000000000
26883  18.734  -27.633  62.190 0.0000000000
26860  18.652  -27.917  63.966 0.0000000000
26313  17.928  -28.560  64.208 0.0000000000
26864  12.256  -27.397  64.351 0.0000000000
25201  10.681  -30.223  62.960 0.0000000000
25213  10.292  -31.027  62.546 0.0000000000
36548  37.865  -10.845  60.446 0.0000000000
34745  38.330  -14.015  59.847 0.0000000000
34197  38.191  -15.035  59.844 0.0000000000
31307  30.898  -19.079  62.500 0.0000000000
31310  28.186  -19.416  61.785 0.0000000000
31298  31.437  -19.187  62.606 0.0000000000
28003  26.476  -24.992  61.469 0.0000000000
53717  58.859  12.147  38.692 0.0000000000
53726  58.374  11.316  38.591 0.0000000000
52111  57.757  9.831  39.008 0.0000000000
52110  58.249  9.708  38.707 0.0000000000
50549  57.626  7.265  43.143 0.0000000000
49055  57.949  5.562  42.648 0.0000000000
49810  52.479  6.650  48.467 0.0000000000
48281  53.769  4.447  48.028 0.0000000000
48286  53.810  5.028  47.521 0.0000000000
42149  46.992  -2.955  54.030 0.0000000000
40572  46.065  -5.113  51.820 0.0000000000
40578  46.341  -5.487  51.030 0.0000000000
35917  41.575  -11.841  57.650 0.0000000000
35922  42.347  -11.872  56.333 0.0000000000
55962  58.168  14.456  38.208 0.0000000000
55243  58.003  13.424  38.625 0.0000000000
54468  58.495  12.550  38.740 0.0000000000
54467  58.784  12.555  38.289 0.0000000000
59579  60.144  19.206  31.811 0.0000000000
58128  59.982  17.218  33.816 0.0000000000
33019  35.471  -16.456  61.555 0.0000000000
33018  36.300  -16.279  60.990 0.0000000000
31890  35.712  -18.899  60.895 0.0000000000
31893  36.560  -18.650  59.750 0.0000000000
27981  23.969  -25.413  62.626 0.0000000000
26309  21.724  -27.992  63.708 0.0000000000
26869  20.596  -27.256  62.983 0.0000000000
27417  21.858  -26.449  62.452 0.0000000000
53697  56.000  10.958  40.995 0.0000000000
52905  55.730  10.775  41.188 0.0000000000
52095  55.688  9.744  41.585 0.0000000000
52080  56.041  8.912  44.382 0.0000000000
51311  57.225  8.237  43.424 0.0000000000
51307  55.874  7.756  44.752 0.0000000000
49826  55.790  6.413  44.678 0.0000000000
46037  52.295  2.144  50.072 0.0000000000
42985  52.437  -1.858  48.731 0.0000000000
42992  52.652  -2.128  48.230 0.0000000000
42991  53.117  -2.079  47.615 0.0000000000
41342  43.336  -4.837  55.253 0.0000000000
41352  43.903  -4.398  54.940 0.0000000000
53712  53.949  12.281  39.694 0.0000000000
54462  54.496  12.696  39.882 0.0000000000
53706  54.402  11.824  40.203 0.0000000000
27986  16.097  -25.512  63.452 0.0000000000
27419  15.885  -26.556  62.889 0.0000000000
26317  14.172  -28.677  63.256 0.0000000000
25735  14.117  -29.966  64.284 0.0000000000
25736  13.783  -30.167  63.999 0.0000000000
25760  12.504  -29.664  62.972 0.0000000000
49028  51.796  5.344  49.134 0.0000000000
48273  51.182  4.941  49.510 0.0000000000
48262  50.624  4.411  49.819 0.0000000000
48253  51.017  3.721  50.151 0.0000000000
47535  51.326  3.410  50.642 0.0000000000
47534  51.824  3.007  50.760 0.0000000000
45294  51.232  0.978  49.376 0.0000000000
46045  50.869  0.839  49.479 0.0000000000
44515  50.079  -0.647  50.170 0.0000000000
44522  50.571  -0.680  49.810 0.0000000000
42981  50.493  -2.225  49.782 0.0000000000
42176  50.203  -3.535  49.484 0.0000000000
42177  49.856  -3.471  49.793 0.0000000000
38049  39.822  -8.552  59.293 0.0000000000
37274  39.920  -9.685  59.214 0.0000000000
36547  38.723  -10.773  60.104 0.0000000000
35900  38.963  -11.265  59.987 0.0000000000
35319  39.701  -12.513  58.817 0.0000000000
35910  40.370  -11.808  58.899 0.0000000000
35326  40.357  -12.377  58.342 0.0000000000
34212  39.607  -13.731  57.074 0.0000000000
34764  39.879  -13.084  56.849 0.0000000000
33647  40.622  -15.017  56.527 0.0000000000
33029  37.699  -16.405  59.385 0.0000000000
33028  38.021  -16.481  58.733 0.0000000000
33636  38.051  -15.618  59.214 0.0000000000
32451  38.907  -17.836  57.624 0.0000000000
33032  39.142  -16.318  57.464 0.0000000000
29115  31.243  -23.019  60.684 0.0000000000
29652  30.000  -22.502  60.494 0.0000000000
29663  29.759  -22.777  59.972 0.0000000000
29131  29.392  -22.550  59.751 0.0000000000
30747  29.334  -21.075  61.580 0.0000000000
30746  29.787  -21.235  61.578 0.0000000000
30192  28.855  -21.282  61.409 0.0000000000
29643  27.925  -21.369  60.444 0.0000000000
29642  28.531  -21.692  60.550 0.0000000000
29672  25.600  -21.854  58.152 0.0000000000
29132  26.062  -23.323  58.961 0.0000000000
28582  24.382  -23.525  58.998 0.0000000000
28563  24.612  -24.382  60.485 0.0000000000
29122  23.640  -23.216  60.148 0.0000000000
31883  27.566  -18.697  62.202 0.0000000000
31299  26.480  -18.787  62.210 0.0000000000
31861  25.492  -17.887  63.317 0.0000000000
30184  24.917  -19.603  61.394 0.0000000000
30196  24.996  -19.428  60.318 0.0000000000
29639  23.996  -21.987  61.911 0.0000000000
29110  23.924  -23.360  61.512 0.0000000000
29101  23.995  -23.079  62.604 0.0000000000
29092  23.357  -23.043  63.992 0.0000000000
28527  23.616  -23.584  63.704 0.0000000000
30170  22.908  -20.901  64.532 0.0000000000
29634  21.503  -22.348  64.275 0.0000000000
29094  21.941  -23.232  64.014 0.0000000000
29102  21.536  -23.479  63.434 0.0000000000
29104  19.786  -23.557  63.246 0.0000000000
29105  18.796  -23.863  63.267 0.0000000000
29098  17.951  -23.590  63.834 0.0000000000
28531  17.110  -24.056  64.438 0.0000000000
28545  16.472  -24.912  63.563 0.0000000000
35314  33.958  -12.494  60.387 0.0000000000
35307  34.038  -13.071  60.893 0.0000000000
34190  34.468  -14.773  61.098 0.0000000000
33625  35.041  -15.601  61.297 0.0000000000
33615  34.657  -15.874  61.681 0.0000000000
32427  34.317  -17.247  62.185 0.0000000000
30188  33.030  -21.385  62.202 0.0000000000
29662  32.274  -22.801  60.483 0.0000000000
28572  30.646  -24.245  60.399 0.0000000000
27414  23.794  -26.136  62.526 0.0000000000
27426  24.218  -26.394  62.347 0.0000000000
26880  23.696  -27.310  62.559 0.0000000000
26341  16.406  -28.151  62.625 0.0000000000
26315  16.034  -28.957  63.687 0.0000000000
25185  16.180  -30.219  64.409 0.0000000000
25746  16.388  -29.598  64.238 0.0000000000
25175  16.590  -30.396  64.441 0.0000000000
25174  17.200  -30.457  64.512 0.0000000000
24624  16.346  -31.128  64.469 0.0000000000
52092  57.968  8.935  40.912 0.0000000000
51317  58.154  8.169  41.379 0.0000000000
50559  58.794  7.387  40.400 0.0000000000
50565  59.160  7.466  39.047 0.0000000000
52064  53.577  9.210  47.399 0.0000000000
49809  53.085  6.608  48.073 0.0000000000
50534  53.375  7.471  47.746 0.0000000000
50537  54.288  7.265  46.542 0.0000000000
51299  54.634  7.920  46.226 0.0000000000
50541  54.689  7.188  45.975 0.0000000000
49821  54.902  6.480  45.740 0.0000000000
49044  55.138  5.307  45.505 0.0000000000
48300  55.722  5.170  44.686 0.0000000000
47554  53.317  3.569  49.184 0.0000000000
47561  54.878  3.312  46.769 0.0000000000
47566  55.190  3.562  46.026 0.0000000000
46803  55.709  3.144  45.585 0.0000000000
44508  47.701  -0.157  52.990 0.0000000000
44507  47.971  -0.204  52.574 0.0000000000
44512  48.341  -0.514  52.013 0.0000000000
43727  48.212  -1.214  52.419 0.0000000000
42973  47.721  -2.881  52.779 0.0000000000
38067  42.362  -8.271  57.326 0.0000000000
39706  42.520  -6.590  56.254 0.0000000000
38887  42.901  -7.250  56.012 0.0000000000
38073  43.485  -8.158  55.161 0.0000000000
38894  43.397  -7.069  55.259 0.0000000000
38893  43.592  -6.772  55.057 0.0000000000
39724  43.689  -6.408  54.928 0.0000000000
38897  43.580  -6.894  54.815 0.0000000000
33651  43.363  -15.309  56.561 0.0000000000
34216  43.306  -14.287  56.403 0.0000000000
34773  44.264  -13.216  55.408 0.0000000000
35334  43.644  -12.921  55.734 0.0000000000
35339  44.125  -12.420  55.432 0.0000000000
35936  44.077  -10.891  54.594 0.0000000000
36577  44.360  -10.062  54.429 0.0000000000
36578  43.923  -9.536  54.632 0.0000000000
37301  44.557  -9.242  54.377 0.0000000000
38083  45.448  -8.598  53.490 0.0000000000
38084  44.640  -8.581  53.882 0.0000000000
39737  43.781  -7.336  53.652 0.0000000000
39743  44.818  -6.908  52.381 0.0000000000
38912  44.962  -7.257  52.379 0.0000000000
38910  46.552  -7.722  52.153 0.0000000000
38920  46.441  -7.233  51.201 0.0000000000
38919  47.003  -7.384  51.675 0.0000000000
39741  47.382  -7.283  51.676 0.0000000000
37313  47.400  -9.431  52.021 0.0000000000
37321  47.993  -9.456  51.660 0.0000000000
38088  48.562  -8.223  51.689 0.0000000000
38907  48.630  -7.888  51.640 0.0000000000
38918  48.480  -7.075  51.450 0.0000000000
59563  58.238  19.573  35.217 0.0000000000
56670  56.412  15.517  39.237 0.0000000000
58123  58.445  17.767  35.710 0.0000000000
58122  59.042  16.968  35.540 0.0000000000
57402  59.184  16.203  36.182 0.0000000000
57406  59.559  16.194  35.714 0.0000000000
55972  58.558  14.438  37.775 0.0000000000
56699  59.823  15.345  35.813 0.0000000000
55261  60.183  13.497  34.690 0.0000000000
59597  60.602  19.861  29.008 0.0000000000
57416  60.229  16.403  31.327 0.0000000000
29126  33.023  -23.169  60.067 0.0000000000
27993  19.008  -25.326  61.471 0.0000000000
89545  19.516  -25.461  61.015 0.0000000000
27442  18.618  -26.499  61.040 0.0000000000
26884  17.580  -27.813  62.120 0.0000000000
42184  51.347  -3.520  48.587 0.0000000000
35895  36.501  -12.394  61.040 0.0000000000
35894  37.073  -12.474  60.865 0.0000000000
32433  28.791  -17.883  62.614 0.0000000000
33022  30.773  -15.812  61.504 0.0000000000
27989  25.649  -25.427  62.044 0.0000000000
27425  25.162  -26.181  62.054 0.0000000000
52913  57.650  11.002  39.274 0.0000000000
49824  56.957  6.599  43.771 0.0000000000
49027  52.529  5.246  48.806 0.0000000000
49013  52.882  4.720  49.015 0.0000000000
48272  53.316  4.301  48.838 0.0000000000
42151  45.445  -3.545  54.629 0.0000000000
41359  45.722  -3.914  54.003 0.0000000000
41365  45.658  -4.965  53.037 0.0000000000
40573  45.538  -5.677  51.966 0.0000000000
35330  41.602  -12.273  56.826 0.0000000000
54455  56.088  12.423  40.550 0.0000000000
55227  56.574  12.991  40.073 0.0000000000
55226  57.000  12.757  39.839 0.0000000000
55233  57.745  12.956  39.174 0.0000000000
54461  57.645  12.653  39.430 0.0000000000
54452  57.756  12.199  39.614 0.0000000000
26868  21.551  -27.059  63.313 0.0000000000
50546  55.632  7.163  45.001 0.0000000000
27409  14.788  -25.780  63.876 0.0000000000
27420  14.950  -26.374  63.457 0.0000000000
46774  50.997  2.750  50.433 0.0000000000
35320  38.978  -12.320  59.546 0.0000000000
35912  38.955  -11.870  59.780 0.0000000000
35327  39.877  -12.684  58.393 0.0000000000
34758  39.555  -13.160  57.973 0.0000000000
33648  39.723  -14.731  56.939 0.0000000000
32438  37.082  -17.096  59.940 0.0000000000
32442  37.393  -17.495  59.251 0.0000000000
31907  39.573  -18.398  56.562 0.0000000000
30208  27.052  -20.285  60.100 0.0000000000
30756  27.199  -20.029  59.055 0.0000000000
30218  24.914  -20.888  59.248 0.0000000000
32424  26.433  -17.750  63.388 0.0000000000
31873  25.153  -18.559  63.139 0.0000000000
31301  24.825  -19.244  63.066 0.0000000000
29631  23.402  -22.140  63.614 0.0000000000
29632  22.887  -22.217  64.194 0.0000000000
34191  33.650  -14.428  61.490 0.0000000000
32428  33.417  -17.385  62.510 0.0000000000
31296  32.402  -19.192  63.029 0.0000000000
30724  32.518  -19.901  62.988 0.0000000000
30189  32.274  -21.190  62.233 0.0000000000
25747  15.341  -29.524  64.250 0.0000000000
25187  15.131  -30.492  64.600 0.0000000000
24633  15.228  -30.873  64.459 0.0000000000
49837  58.667  6.345  41.305 0.0000000000
51295  53.664  8.243  47.320 0.0000000000
49045  54.751  5.637  45.997 0.0000000000
44504  47.442  -0.193  53.446 0.0000000000
42160  47.393  -3.649  52.282 0.0000000000
42166  47.844  -3.620  51.806 0.0000000000
34220  44.416  -14.273  55.365 0.0000000000
34772  44.849  -13.393  54.851 0.0000000000
37300  45.093  -9.777  54.173 0.0000000000
38901  46.754  -8.087  52.902 0.0000000000
38900  47.090  -8.161  52.834 0.0000000000
56677  56.669  15.894  38.757 0.0000000000
58104  58.030  16.886  37.032 0.0000000000
57403  58.735  16.257  36.649 0.0000000000
55252  58.646  13.439  37.862 0.0000000000
59587  60.846  18.899  29.259 0.0000000000
56710  60.127  15.471  31.848 0.0000000000
30743  34.879  -20.255  61.189 0.0000000000
29659  33.995  -22.162  59.839 0.0000000000
27428  21.885  -25.956  61.450 0.0000000000
27429  21.283  -26.710  61.773 0.0000000000
26881  20.687  -27.148  62.021 0.0000000000
26895  19.257  -27.193  61.358 0.0000000000
26882  19.808  -27.397  62.175 0.0000000000
25730  18.524  -29.490  64.719 0.0000000000
52891  54.006  9.824  44.365 0.0000000000
52873  54.790  9.170  45.978 0.0000000000
26863  13.008  -27.531  63.807 0.0000000000
26319  12.266  -28.565  63.813 0.0000000000
25769  11.880  -30.069  62.535 0.0000000000
25761  11.446  -29.573  63.107 0.0000000000
25211  11.612  -30.557  62.061 0.0000000000
24654  10.889  -31.488  61.862 0.0000000000
45288  48.928  0.616  51.329 0.0000000000
30191  30.721  -20.780  62.050 0.0000000000
31291  24.417  -18.888  63.475 0.0000000000
31292  23.745  -19.414  64.081 0.0000000000
33618  32.528  -15.722  62.379 0.0000000000
33013  32.914  -16.466  62.533 0.0000000000
31878  32.119  -18.177  62.878 0.0000000000
31868  31.996  -18.771  62.831 0.0000000000
31297  31.876  -19.215  62.750 0.0000000000
49828  57.847  6.591  42.772 0.0000000000
44528  54.417  -0.441  46.893 0.0000000000
43719  47.011  -1.508  54.261 0.0000000000
42960  46.993  -2.200  54.160 0.0000000000
42161  47.039  -3.769  52.777 0.0000000000
36562  41.081  -10.537  58.642 0.0000000000
55956  56.721  14.498  39.482 0.0000000000
56675  57.956  14.984  38.344 0.0000000000
58866  60.573  18.426  30.243 0.0000000000
58137  60.657  17.794  30.061 0.0000000000
32439  36.607  -17.665  60.150 0.0000000000
30752  35.864  -20.091  59.999 0.0000000000
28536  24.328  -24.931  62.490 0.0000000000
27980  24.350  -25.226  62.466 0.0000000000
26866  23.059  -27.310  63.003 0.0000000000
53711  56.642  11.099  40.084 0.0000000000
52100  55.900  9.733  40.966 0.0000000000
52910  55.577  10.050  41.174 0.0000000000
49052  56.431  5.396  43.916 0.0000000000
47543  52.843  3.487  49.825 0.0000000000
43737  52.259  -1.257  48.715 0.0000000000
44529  53.824  -0.697  47.236 0.0000000000
33645  42.608  -15.393  56.684 0.0000000000
55229  55.003  13.228  40.124 0.0000000000
59568  58.810  19.287  34.616 0.0000000000
27985  16.843  -25.374  63.041 0.0000000000
27431  16.512  -26.708  62.420 0.0000000000
26873  16.070  -27.218  62.570 0.0000000000
26331  14.941  -28.249  63.047 0.0000000000
26316  15.130  -29.105  63.321 0.0000000000
25734  14.667  -29.806  64.547 0.0000000000
26318  13.250  -28.552  63.534 0.0000000000
25188  13.479  -30.502  63.709 0.0000000000
24634  13.381  -31.332  64.037 0.0000000000
49015  52.100  4.703  49.622 0.0000000000
47544  52.144  3.491  50.414 0.0000000000
46783  52.108  2.557  50.483 0.0000000000
46038  51.701  1.882  49.859 0.0000000000
46029  51.317  2.403  50.168 0.0000000000
46040  50.362  0.874  49.929 0.0000000000
46046  50.744  0.477  49.613 0.0000000000
43739  51.233  -1.571  49.522 0.0000000000
37284  40.516  -9.026  59.029 0.0000000000
36557  39.308  -10.469  59.584 0.0000000000
35325  41.055  -12.274  57.403 0.0000000000
34757  40.366  -12.551  57.276 0.0000000000
34756  40.775  -12.408  56.976 0.0000000000
35331  41.175  -12.377  56.895 0.0000000000
33646  41.632  -15.179  56.615 0.0000000000
34187  37.187  -15.131  60.637 0.0000000000
33632  37.557  -15.745  60.116 0.0000000000
33631  37.983  -15.504  59.772 0.0000000000
31895  38.096  -18.285  58.345 0.0000000000
32446  38.330  -17.364  58.208 0.0000000000
29141  31.788  -23.714  60.004 0.0000000000
29129  31.025  -23.891  60.258 0.0000000000
30206  28.799  -21.674  60.982 0.0000000000
29653  29.265  -22.063  60.182 0.0000000000
32421  28.970  -17.024  62.872 0.0000000000
30741  26.297  -18.988  61.172 0.0000000000
30210  24.727  -20.749  60.140 0.0000000000
29622  22.394  -21.810  64.477 0.0000000000
28540  21.708  -23.973  62.566 0.0000000000
28552  21.077  -24.072  61.731 0.0000000000
29112  20.772  -24.006  62.270 0.0000000000
28541  20.498  -23.921  62.585 0.0000000000
28553  20.181  -24.360  62.011 0.0000000000
28554  19.104  -24.925  61.911 0.0000000000
28543  18.428  -24.492  62.759 0.0000000000
27974  15.665  -25.002  64.051 0.0000000000
28533  15.568  -24.828  64.373 0.0000000000
27975  14.936  -25.288  64.400 0.0000000000
35306  34.890  -12.906  61.189 0.0000000000
33010  35.095  -16.627  61.856 0.0000000000
33011  34.710  -16.437  61.942 0.0000000000
32426  35.073  -17.013  62.011 0.0000000000
26885  16.638  -27.564  62.329 0.0000000000
26340  17.012  -28.086  62.673 0.0000000000
26328  17.449  -28.217  63.317 0.0000000000
26314  16.986  -28.861  63.829 0.0000000000
25745  17.340  -29.273  64.277 0.0000000000
25744  17.775  -29.104  64.452 0.0000000000
25731  17.775  -29.584  64.595 0.0000000000
52105  57.583  9.723  39.586 0.0000000000
51324  58.936  8.406  39.633 0.0000000000
52875  53.463  9.569  46.356 0.0000000000
51298  55.043  8.367  45.847 0.0000000000
49820  55.364  6.474  45.257 0.0000000000
49053  55.924  5.612  44.398 0.0000000000
46058  55.326  1.435  46.097 0.0000000000
45289  48.003  0.423  51.973 0.0000000000
43723  47.806  -1.557  53.055 0.0000000000
42972  47.962  -2.148  52.656 0.0000000000
42170  49.500  -3.493  50.265 0.0000000000
42171  49.014  -3.529  50.819 0.0000000000
41382  49.833  -3.939  49.720 0.0000000000
41376  50.085  -5.127  49.612 0.0000000000
40557  42.791  -5.714  55.745 0.0000000000
39716  43.547  -6.011  55.266 0.0000000000
40567  44.202  -5.883  54.336 0.0000000000
35932  43.408  -10.750  55.110 0.0000000000
35342  45.231  -12.494  54.327 0.0000000000
35930  44.400  -12.053  55.157 0.0000000000
38078  43.887  -8.437  54.502 0.0000000000
38085  44.133  -8.511  54.073 0.0000000000
39732  43.554  -7.445  53.953 0.0000000000
40570  44.488  -6.187  53.479 0.0000000000
39735  44.911  -6.408  52.576 0.0000000000
38911  45.688  -7.492  51.973 0.0000000000
39752  46.017  -7.085  50.302 0.0000000000
40579  45.418  -6.120  50.729 0.0000000000
37306  47.064  -9.172  52.707 0.0000000000
38090  47.362  -8.700  52.449 0.0000000000
37312  48.067  -9.129  51.743 0.0000000000
39740  47.826  -7.105  51.639 0.0000000000
39760  48.743  -6.204  50.641 0.0000000000
39759  49.256  -6.311  50.384 0.0000000000
58852  58.804  18.648  34.894 0.0000000000
58125  59.657  16.980  34.736 0.0000000000
55981  60.098  14.449  34.256 0.0000000000
24631  16.212  -30.609  64.390 0.0000000000
24632  15.714  -30.661  64.398 0.0000000000
24652  11.731  -30.880  61.638 0.0000000000
24664  11.928  -30.810  61.222 0.0000000000
25176  15.056  -29.987  64.797 0.0000000000
25198  13.405  -30.204  63.303 0.0000000000
25200  11.340  -30.230  62.556 0.0000000000
25210  12.093  -30.431  62.120 0.0000000000
25219  11.762  -30.767  61.477 0.0000000000
25220  11.382  -30.927  61.575 0.0000000000
25733  16.547  -30.023  64.402 0.0000000000
25751  11.062  -29.238  63.807 0.0000000000
25768  12.189  -30.040  62.526 0.0000000000
26304  17.996  -29.060  64.514 0.0000000000
26332  11.965  -29.222  63.419 0.0000000000
26339  17.405  -28.017  62.719 0.0000000000
26861  18.151  -28.051  63.839 0.0000000000
26872  17.639  -27.973  62.828 0.0000000000
26876  13.598  -27.269  63.531 0.0000000000
26893  20.793  -26.859  61.516 0.0000000000
27430  17.088  -26.935  61.943 0.0000000000
27439  21.442  -25.548  60.895 0.0000000000
27441  19.805  -26.431  60.860 0.0000000000
27451  21.115  -25.380  60.747 0.0000000000
27452  20.996  -25.965  60.645 0.0000000000
28013  20.805  -25.326  60.722 0.0000000000
28014  20.338  -25.600  60.617 0.0000000000
28015  19.913  -25.910  60.501 0.0000000000
28551  21.031  -23.770  61.679 0.0000000000
28556  17.447  -25.236  62.663 0.0000000000
28564  23.776  -24.256  59.929 0.0000000000
28565  20.926  -24.167  61.229 0.0000000000
28566  20.942  -23.932  61.544 0.0000000000
28567  19.903  -24.804  61.468 0.0000000000
28574  24.652  -24.053  59.289 0.0000000000
28575  23.672  -23.782  59.111 0.0000000000
28576  20.981  -24.154  61.019 0.0000000000
28583  24.196  -23.253  59.027 0.0000000000
29109  24.192  -24.108  61.215 0.0000000000
29111  20.923  -24.205  61.680 0.0000000000
29113  20.611  -24.406  61.430 0.0000000000
29123  20.772  -24.568  61.074 0.0000000000
29130  29.528  -22.816  59.863 0.0000000000
29133  25.045  -23.318  58.873 0.0000000000
29135  20.248  -24.885  60.981 0.0000000000
29142  25.549  -22.678  58.471 0.0000000000
29143  24.854  -22.816  58.790 0.0000000000
29144  24.474  -22.685  58.994 0.0000000000
29656  24.197  -21.948  59.738 0.0000000000
29666  24.575  -21.989  59.058 0.0000000000
29671  26.351  -21.874  58.101 0.0000000000
29673  24.905  -22.134  58.682 0.0000000000
29679  26.343  -21.627  57.739 0.0000000000
29680  26.135  -21.701  57.841 0.0000000000
30207  27.166  -20.400  59.965 0.0000000000
30215  27.547  -20.375  59.793 0.0000000000
30216  27.438  -20.765  59.514 0.0000000000
30217  25.664  -20.236  58.753 0.0000000000
30223  27.050  -20.805  57.925 0.0000000000
30224  25.973  -20.846  58.045 0.0000000000
30225  25.141  -21.254  58.508 0.0000000000
30230  26.522  -21.453  57.712 0.0000000000
30231  26.288  -21.421  57.827 0.0000000000
30726  31.634  -19.511  62.591 0.0000000000
30748  27.390  -20.107  59.720 0.0000000000
30749  26.804  -20.232  60.116 0.0000000000
30750  26.513  -20.028  59.964 0.0000000000
30755  27.531  -20.265  59.498 0.0000000000
30757  26.317  -19.842  59.441 0.0000000000
30762  27.014  -20.132  58.318 0.0000000000
30763  26.515  -20.000  58.367 0.0000000000
31869  31.675  -18.906  62.714 0.0000000000
33622  37.222  -15.533  60.511 0.0000000000
34759  39.153  -13.470  58.442 0.0000000000
35909  40.741  -11.617  58.799 0.0000000000
35919  40.626  -11.992  58.643 0.0000000000
37314  46.855  -9.589  52.571 0.0000000000
38077  44.283  -8.764  54.310 0.0000000000
38921  45.819  -7.307  50.784 0.0000000000
38922  45.536  -7.350  50.152 0.0000000000
38928  45.818  -7.217  50.127 0.0000000000
38929  45.506  -7.285  49.891 0.0000000000
39751  46.468  -6.545  50.574 0.0000000000
39753  45.508  -7.347  50.087 0.0000000000
39761  46.038  -6.748  50.001 0.0000000000
39762  45.532  -7.022  49.899 0.0000000000
39763  45.556  -7.314  50.080 0.0000000000
40585  46.024  -5.987  50.148 0.0000000000
40586  45.543  -6.520  50.038 0.0000000000
42980  50.870  -2.053  49.638 0.0000000000
52881  55.375  9.126  45.136 0.0000000000
89542  20.421  -25.056  60.890 0.0000000000
89543  20.886  -24.274  61.262 0.0000000000
89546  20.874  -24.142  61.437 0.0000000000
89547  20.928  -24.297  60.953 0.0000000000
