#!ascii label  , from subject TEMPLATE vox2ras=TkReg
404
28581  31.676  -23.911  59.850 0.0000000000
40590  50.434  -5.731  49.314 0.0000000000
42199  55.393  -3.895  45.506 0.0000000000
34233  47.765  -14.205  51.929 0.0000000000
31323  37.456  -19.553  58.584 0.0000000000
29146  35.549  -23.254  58.158 0.0000000000
40601  52.781  -5.151  46.948 0.0000000000
38105  52.562  -8.607  49.194 0.0000000000
33655  45.624  -15.257  54.950 0.0000000000
31332  39.958  -18.953  55.772 0.0000000000
48308  59.013  4.472  40.940 0.0000000000
46061  56.174  1.282  45.083 0.0000000000
37307  46.398  -9.554  53.100 0.0000000000
37318  49.821  -9.616  50.560 0.0000000000
30212  35.033  -21.220  59.793 0.0000000000
29149  33.401  -23.814  59.004 0.0000000000
41386  51.630  -4.488  47.790 0.0000000000
39774  52.846  -6.544  48.438 0.0000000000
38934  52.150  -7.194  49.494 0.0000000000
31341  44.788  -19.521  53.954 0.0000000000
30233  38.062  -21.604  56.935 0.0000000000
31325  39.043  -19.003  57.043 0.0000000000
30239  39.324  -21.581  55.805 0.0000000000
49055  57.949  5.562  42.648 0.0000000000
46818  58.335  2.904  40.721 0.0000000000
47575  57.421  3.413  43.082 0.0000000000
43001  54.378  -2.269  45.971 0.0000000000
45313  55.418  0.284  45.970 0.0000000000
43754  55.793  -1.570  44.828 0.0000000000
43758  56.329  -1.390  43.924 0.0000000000
42203  56.703  -3.816  44.518 0.0000000000
33659  46.641  -15.222  53.623 0.0000000000
35341  45.712  -12.862  53.852 0.0000000000
35345  47.195  -12.620  53.036 0.0000000000
36601  47.968  -9.825  51.576 0.0000000000
35948  49.309  -11.861  52.134 0.0000000000
35956  50.949  -11.762  51.539 0.0000000000
34231  49.292  -14.261  51.227 0.0000000000
30228  36.427  -21.760  58.520 0.0000000000
42998  53.482  -2.117  46.952 0.0000000000
41397  54.030  -4.465  45.859 0.0000000000
39780  54.115  -6.393  47.062 0.0000000000
38108  53.527  -8.223  48.072 0.0000000000
32455  43.629  -17.258  56.309 0.0000000000
32453  44.912  -17.306  55.477 0.0000000000
33057  46.078  -16.799  54.156 0.0000000000
33060  47.077  -16.244  52.380 0.0000000000
33065  48.591  -16.257  51.259 0.0000000000
33047  41.180  -16.661  55.791 0.0000000000
31330  42.454  -19.390  55.984 0.0000000000
48319  59.682  5.217  38.920 0.0000000000
46805  56.400  2.769  44.447 0.0000000000
45324  56.524  1.140  43.039 0.0000000000
43763  56.968  -1.272  42.133 0.0000000000
39746  50.515  -7.203  50.727 0.0000000000
37324  51.712  -9.417  50.212 0.0000000000
36611  52.222  -11.121  50.033 0.0000000000
28580  32.040  -24.505  59.694 0.0000000000
29139  33.082  -23.606  59.539 0.0000000000
28579  32.786  -24.647  59.300 0.0000000000
41380  50.715  -4.851  48.638 0.0000000000
40588  51.760  -6.146  48.638 0.0000000000
39768  51.153  -6.474  49.474 0.0000000000
30778  38.675  -20.961  56.398 0.0000000000
49056  57.372  5.284  43.253 0.0000000000
47574  57.790  3.662  42.822 0.0000000000
48303  57.174  4.485  43.430 0.0000000000
43005  55.246  -2.534  45.367 0.0000000000
43755  55.333  -1.621  45.425 0.0000000000
43004  55.891  -2.523  44.823 0.0000000000
34226  47.248  -14.253  52.609 0.0000000000
34780  46.640  -13.512  53.358 0.0000000000
34779  47.318  -13.476  52.930 0.0000000000
35949  48.541  -11.777  52.217 0.0000000000
35352  48.613  -12.653  52.315 0.0000000000
35351  49.321  -12.716  52.143 0.0000000000
34232  48.462  -14.201  51.537 0.0000000000
30220  36.012  -21.232  59.025 0.0000000000
29676  36.039  -22.695  58.208 0.0000000000
29675  36.841  -22.310  58.037 0.0000000000
42182  52.201  -3.445  47.607 0.0000000000
42181  52.788  -2.667  47.300 0.0000000000
42190  52.555  -3.330  47.015 0.0000000000
42195  53.569  -3.700  45.843 0.0000000000
41391  53.149  -4.696  46.186 0.0000000000
40606  54.194  -5.563  46.311 0.0000000000
40600  53.388  -5.876  47.006 0.0000000000
38939  53.184  -7.584  48.740 0.0000000000
38938  53.648  -7.424  48.040 0.0000000000
38109  53.132  -8.862  48.810 0.0000000000
37334  53.391  -9.502  48.191 0.0000000000
37335  53.066  -9.809  48.996 0.0000000000
31903  43.417  -18.247  56.201 0.0000000000
32454  44.455  -17.197  56.012 0.0000000000
31910  44.662  -18.827  55.739 0.0000000000
31917  45.222  -18.365  54.086 0.0000000000
32467  46.384  -17.051  52.985 0.0000000000
31333  39.442  -19.443  56.218 0.0000000000
32459  39.850  -17.771  56.368 0.0000000000
32464  40.917  -18.077  55.516 0.0000000000
31911  41.889  -18.352  55.589 0.0000000000
31338  41.081  -19.258  55.486 0.0000000000
49837  58.667  6.345  41.305 0.0000000000
48312  59.261  4.694  40.129 0.0000000000
46072  57.420  2.039  40.988 0.0000000000
45312  55.718  0.497  45.613 0.0000000000
46058  55.326  1.435  46.097 0.0000000000
46798  55.762  1.703  45.617 0.0000000000
46802  56.059  2.360  45.198 0.0000000000
46064  56.480  1.766  44.336 0.0000000000
46066  56.592  1.682  43.488 0.0000000000
45318  56.726  0.966  43.963 0.0000000000
43011  57.346  -2.728  43.401 0.0000000000
43764  56.777  -1.206  42.665 0.0000000000
33656  44.957  -15.007  55.240 0.0000000000
34772  44.849  -13.393  54.851 0.0000000000
35942  46.293  -11.464  53.116 0.0000000000
35943  45.392  -11.350  53.728 0.0000000000
36606  48.975  -10.211  50.617 0.0000000000
38096  48.423  -8.802  51.653 0.0000000000
38094  49.649  -8.679  51.192 0.0000000000
38916  50.059  -7.819  51.116 0.0000000000
38093  50.505  -8.612  50.959 0.0000000000
38926  51.117  -7.805  50.431 0.0000000000
37317  50.727  -9.722  50.820 0.0000000000
35357  51.204  -12.629  51.299 0.0000000000
35955  51.647  -11.679  51.037 0.0000000000
35356  51.837  -12.554  50.901 0.0000000000
35965  52.381  -11.690  49.839 0.0000000000
29669  34.205  -22.667  59.213 0.0000000000
29678  34.660  -23.011  58.724 0.0000000000
28585  34.613  -24.203  57.966 0.0000000000
28587  33.368  -24.347  58.858 0.0000000000
41385  52.179  -4.906  47.338 0.0000000000
40594  52.851  -5.956  47.580 0.0000000000
40595  52.065  -5.787  48.299 0.0000000000
39766  52.644  -6.922  49.160 0.0000000000
38933  52.388  -7.781  49.361 0.0000000000
30765  37.989  -20.053  58.041 0.0000000000
31322  38.097  -19.088  58.243 0.0000000000
30769  38.309  -20.510  57.240 0.0000000000
31334  38.822  -19.953  56.690 0.0000000000
30776  40.252  -20.006  55.551 0.0000000000
30785  40.732  -19.765  55.471 0.0000000000
30238  40.082  -21.126  55.569 0.0000000000
48309  58.704  4.674  41.544 0.0000000000
47581  58.853  3.889  40.895 0.0000000000
48306  58.339  4.487  42.157 0.0000000000
46810  57.718  2.760  42.017 0.0000000000
46811  57.343  2.568  42.219 0.0000000000
43747  54.240  -1.410  46.652 0.0000000000
44532  54.960  -0.663  46.375 0.0000000000
44535  55.454  -0.849  45.625 0.0000000000
44534  55.848  -0.566  45.159 0.0000000000
44538  56.245  -0.505  44.533 0.0000000000
43009  56.565  -2.626  44.192 0.0000000000
34218  45.840  -14.731  54.465 0.0000000000
34776  45.345  -13.495  54.199 0.0000000000
34775  45.938  -13.543  53.723 0.0000000000
35346  46.395  -12.579  53.451 0.0000000000
35951  46.987  -11.218  52.504 0.0000000000
37314  46.855  -9.589  52.571 0.0000000000
35950  47.638  -11.685  52.375 0.0000000000
36590  48.497  -10.893  51.918 0.0000000000
36588  49.945  -11.204  51.818 0.0000000000
36597  50.721  -10.774  51.661 0.0000000000
35947  49.980  -11.938  51.969 0.0000000000
35358  50.568  -12.735  51.654 0.0000000000
34790  50.658  -13.494  51.332 0.0000000000
30761  35.635  -20.854  59.646 0.0000000000
30760  36.281  -20.448  59.353 0.0000000000
30759  36.848  -20.012  58.953 0.0000000000
30227  37.145  -21.416  58.247 0.0000000000
29682  37.639  -22.408  57.040 0.0000000000
42997  53.908  -2.082  46.382 0.0000000000
42194  54.459  -3.478  45.773 0.0000000000
41396  54.847  -4.726  45.844 0.0000000000
40605  54.860  -5.525  46.038 0.0000000000
39785  54.405  -6.297  46.597 0.0000000000
38943  54.484  -7.208  46.974 0.0000000000
39773  53.578  -6.588  47.845 0.0000000000
38944  54.200  -7.422  47.393 0.0000000000
33036  42.532  -15.809  56.590 0.0000000000
33044  44.052  -16.308  56.403 0.0000000000
33650  44.442  -15.371  55.881 0.0000000000
33052  45.169  -15.699  55.351 0.0000000000
31909  44.979  -18.135  55.350 0.0000000000
32461  45.320  -17.408  54.856 0.0000000000
33051  45.773  -16.392  54.787 0.0000000000
33056  46.393  -16.289  53.829 0.0000000000
33658  46.722  -15.738  53.001 0.0000000000
33662  47.142  -15.178  52.245 0.0000000000
33669  47.706  -14.913  51.564 0.0000000000
32479  47.549  -16.670  52.194 0.0000000000
33046  41.886  -16.505  56.056 0.0000000000
31904  42.535  -18.479  55.911 0.0000000000
31329  43.224  -19.227  56.270 0.0000000000
30774  42.186  -20.136  55.759 0.0000000000
30783  42.685  -20.874  55.623 0.0000000000
49070  59.794  5.560  38.665 0.0000000000
47576  56.760  4.016  43.828 0.0000000000
46808  56.699  3.127  43.777 0.0000000000
46807  56.874  2.479  43.147 0.0000000000
45325  56.310  0.786  42.360 0.0000000000
44541  56.500  -0.408  43.613 0.0000000000
44545  56.518  -0.466  42.529 0.0000000000
44548  56.685  -0.541  41.662 0.0000000000
35342  45.231  -12.494  54.327 0.0000000000
39758  50.141  -6.383  50.090 0.0000000000
39769  50.700  -6.380  49.781 0.0000000000
39756  51.705  -6.991  49.925 0.0000000000
38925  51.811  -7.815  49.721 0.0000000000
37323  52.078  -9.467  49.608 0.0000000000
37316  51.396  -10.070  50.941 0.0000000000
36604  52.054  -10.527  50.402 0.0000000000
36603  52.239  -10.054  49.645 0.0000000000
36610  52.557  -10.613  49.516 0.0000000000
33668  48.313  -15.014  51.144 0.0000000000
34237  49.725  -14.548  50.774 0.0000000000
28570  31.639  -24.919  60.172 0.0000000000
28571  31.260  -24.435  60.200 0.0000000000
29140  32.070  -23.693  59.810 0.0000000000
40589  51.250  -5.948  48.653 0.0000000000
42198  56.044  -3.325  44.998 0.0000000000
34785  47.933  -13.464  52.465 0.0000000000
34784  48.593  -13.483  52.109 0.0000000000
29677  35.329  -22.854  58.525 0.0000000000
30229  35.681  -22.026  58.710 0.0000000000
41392  52.454  -4.122  46.786 0.0000000000
42189  52.926  -3.238  46.432 0.0000000000
31328  44.064  -19.005  56.122 0.0000000000
31902  44.372  -18.066  56.115 0.0000000000
31907  39.573  -18.398  56.562 0.0000000000
31906  40.002  -18.158  55.956 0.0000000000
31913  40.599  -18.524  55.612 0.0000000000
31339  40.581  -19.353  55.544 0.0000000000
49062  58.843  5.318  41.294 0.0000000000
49061  59.098  5.625  40.675 0.0000000000
49064  59.346  5.666  39.837 0.0000000000
45315  55.995  0.289  45.256 0.0000000000
46057  55.732  0.915  45.605 0.0000000000
45319  56.592  0.659  44.231 0.0000000000
43760  57.046  -1.781  42.866 0.0000000000
34220  44.416  -14.273  55.365 0.0000000000
34219  45.232  -14.348  54.742 0.0000000000
36582  45.996  -10.583  53.149 0.0000000000
36605  49.462  -10.301  50.600 0.0000000000
37327  49.171  -9.766  50.615 0.0000000000
38101  51.095  -8.786  50.687 0.0000000000
34789  51.353  -13.514  50.987 0.0000000000
34788  52.025  -13.251  50.734 0.0000000000
29670  33.624  -22.789  59.528 0.0000000000
29138  33.674  -23.125  59.227 0.0000000000
29148  33.876  -23.549  58.786 0.0000000000
41387  51.193  -4.143  48.313 0.0000000000
42183  51.674  -3.523  48.239 0.0000000000
39767  51.895  -6.573  49.014 0.0000000000
39775  52.392  -6.508  48.717 0.0000000000
30770  37.742  -21.004  57.772 0.0000000000
30777  39.389  -20.490  55.978 0.0000000000
49059  58.445  5.470  41.849 0.0000000000
47578  57.964  3.311  42.350 0.0000000000
47579  57.629  3.049  42.594 0.0000000000
43751  54.945  -1.558  45.922 0.0000000000
42202  57.168  -3.325  43.982 0.0000000000
34222  46.208  -14.463  53.813 0.0000000000
35941  46.929  -11.906  52.940 0.0000000000
36589  49.292  -10.976  51.906 0.0000000000
34783  49.333  -13.554  51.930 0.0000000000
35350  50.072  -12.814  52.176 0.0000000000
34782  50.075  -13.568  51.749 0.0000000000
34230  50.062  -14.050  51.196 0.0000000000
30753  35.151  -20.637  60.369 0.0000000000
30767  36.707  -20.896  58.779 0.0000000000
30766  37.365  -20.503  58.446 0.0000000000
42991  53.117  -2.079  47.615 0.0000000000
43748  53.710  -1.387  47.156 0.0000000000
42188  53.727  -2.755  46.123 0.0000000000
39779  54.487  -6.836  46.835 0.0000000000
40593  53.310  -6.180  47.493 0.0000000000
38112  54.014  -8.697  47.525 0.0000000000
33045  42.854  -16.196  56.541 0.0000000000
33652  42.956  -15.641  56.662 0.0000000000
33043  44.884  -16.462  55.628 0.0000000000
31336  45.009  -19.148  54.982 0.0000000000
32469  45.734  -17.306  54.152 0.0000000000
33050  46.162  -16.063  54.382 0.0000000000
33055  46.638  -16.504  52.883 0.0000000000
31326  38.515  -19.521  57.541 0.0000000000
31895  38.096  -18.285  58.345 0.0000000000
31899  38.615  -18.477  57.786 0.0000000000
32458  40.470  -17.328  55.832 0.0000000000
33038  40.967  -16.089  56.285 0.0000000000
32457  41.591  -17.185  55.590 0.0000000000
31905  42.023  -18.867  55.733 0.0000000000
32462  42.040  -17.841  55.566 0.0000000000
30775  41.239  -20.016  55.471 0.0000000000
30782  43.418  -20.709  55.486 0.0000000000
49067  59.550  5.719  39.122 0.0000000000
48318  59.864  4.717  38.605 0.0000000000
47582  58.551  3.667  41.278 0.0000000000
45308  54.762  0.137  46.673 0.0000000000
46053  54.732  1.040  46.618 0.0000000000
47569  56.028  3.319  45.011 0.0000000000
47572  56.336  3.658  44.394 0.0000000000
46069  56.516  1.754  42.452 0.0000000000
44544  56.691  -0.791  42.105 0.0000000000
44549  56.328  0.210  41.826 0.0000000000
36591  47.644  -10.535  51.981 0.0000000000
38095  48.955  -8.726  51.465 0.0000000000
39747  49.675  -7.040  50.783 0.0000000000
39757  51.024  -6.726  50.266 0.0000000000
38100  51.466  -8.603  50.159 0.0000000000
38099  51.926  -8.525  49.525 0.0000000000
36596  51.533  -10.904  51.391 0.0000000000
35961  52.048  -11.684  50.425 0.0000000000
35366  52.624  -12.548  49.703 0.0000000000
33066  47.744  -15.962  51.792 0.0000000000
29126  33.023  -23.169  60.067 0.0000000000
40596  51.245  -5.128  48.107 0.0000000000
30240  38.582  -21.858  56.161 0.0000000000
48302  57.816  4.305  42.905 0.0000000000
34227  46.777  -14.323  53.200 0.0000000000
35353  47.881  -12.613  52.570 0.0000000000
30221  35.367  -21.587  59.308 0.0000000000
36616  53.183  -10.605  48.798 0.0000000000
31901  44.695  -17.691  55.767 0.0000000000
32468  46.091  -17.093  53.600 0.0000000000
31915  46.140  -17.447  53.068 0.0000000000
31898  39.185  -18.214  57.299 0.0000000000
32450  39.510  -17.273  57.142 0.0000000000
31912  41.378  -18.631  55.534 0.0000000000
31331  41.747  -19.398  55.663 0.0000000000
48316  59.545  4.894  39.316 0.0000000000
46813  57.681  2.566  41.421 0.0000000000
46067  56.575  2.371  43.833 0.0000000000
46063  56.676  1.224  43.951 0.0000000000
45321  56.678  1.017  43.657 0.0000000000
43012  56.785  -1.958  43.504 0.0000000000
43761  56.637  -1.215  43.172 0.0000000000
35347  45.841  -12.145  53.749 0.0000000000
36600  48.456  -10.248  51.237 0.0000000000
37320  48.549  -9.458  51.345 0.0000000000
37328  48.947  -9.631  50.906 0.0000000000
37319  49.213  -9.371  51.045 0.0000000000
38917  49.016  -7.774  51.325 0.0000000000
38915  50.575  -7.841  50.819 0.0000000000
37325  51.325  -9.295  50.638 0.0000000000
35361  52.222  -12.544  50.313 0.0000000000
30213  34.527  -21.464  60.317 0.0000000000
29659  33.995  -22.162  59.839 0.0000000000
30222  34.696  -21.892  59.580 0.0000000000
29668  35.008  -22.342  59.024 0.0000000000
29147  34.901  -23.721  58.164 0.0000000000
28586  34.125  -24.441  58.165 0.0000000000
31337  44.457  -19.609  55.566 0.0000000000
30237  40.950  -20.958  55.420 0.0000000000
46814  57.262  2.298  41.616 0.0000000000
46073  56.907  1.689  41.308 0.0000000000
44528  54.417  -0.441  46.893 0.0000000000
45316  55.712  -0.214  45.529 0.0000000000
43008  57.071  -2.882  43.885 0.0000000000
34223  45.617  -14.190  54.096 0.0000000000
36592  46.695  -10.339  52.514 0.0000000000
36599  49.102  -10.641  51.102 0.0000000000
36598  49.956  -10.709  50.922 0.0000000000
36587  50.298  -11.344  51.835 0.0000000000
35946  50.470  -11.573  51.752 0.0000000000
35957  50.369  -12.154  51.746 0.0000000000
31319  36.887  -19.108  59.065 0.0000000000
31320  36.459  -19.611  59.599 0.0000000000
30234  37.457  -21.938  57.604 0.0000000000
41401  55.422  -4.695  45.513 0.0000000000
33644  42.954  -15.165  56.723 0.0000000000
33651  43.363  -15.309  56.561 0.0000000000
33042  45.205  -16.894  55.187 0.0000000000
33654  46.190  -15.490  54.360 0.0000000000
33663  46.856  -14.950  52.954 0.0000000000
32478  48.164  -17.158  52.010 0.0000000000
32451  38.907  -17.836  57.624 0.0000000000
33037  42.088  -15.858  56.489 0.0000000000
32456  42.605  -17.358  55.931 0.0000000000
30772  43.817  -19.976  56.050 0.0000000000
30784  40.916  -19.601  55.454 0.0000000000
30773  42.992  -20.137  56.114 0.0000000000
49069  60.142  5.692  38.082 0.0000000000
46070  56.348  1.374  41.801 0.0000000000
45328  56.347  0.996  41.595 0.0000000000
45322  56.541  0.456  43.243 0.0000000000
44552  57.231  -0.406  40.816 0.0000000000
41376  50.085  -5.127  49.612 0.0000000000
40582  49.952  -5.549  49.769 0.0000000000
38924  52.047  -7.998  49.467 0.0000000000
37331  52.562  -9.564  49.224 0.0000000000
35964  52.962  -11.560  49.344 0.0000000000
34239  47.981  -14.454  51.527 0.0000000000
33667  49.124  -15.354  50.631 0.0000000000
32463  41.365  -17.883  55.504 0.0000000000
33673  48.285  -14.585  51.326 0.0000000000
33674  48.071  -14.684  51.382 0.0000000000
34238  48.208  -14.438  51.446 0.0000000000
36607  48.743  -9.864  50.809 0.0000000000
37326  49.362  -10.014  50.399 0.0000000000
46074  56.453  1.376  41.522 0.0000000000
