#!ascii label  , from subject TEMPLATE vox2ras=TkReg
1354
37986  14.620  -8.477  68.367 0.0000000000
29711  5.753  -23.140  52.927 0.0000000000
31221  2.992  -19.783  72.702 0.0000000000
34171  5.222  -14.967  63.880 0.0000000000
36568  7.059  -10.826  57.892 0.0000000000
33558  10.576  -15.031  69.084 0.0000000000
34702  9.591  -13.539  67.584 0.0000000000
39626  20.210  -6.299  68.287 0.0000000000
34700  14.152  -13.031  68.494 0.0000000000
31238  9.900  -19.558  69.704 0.0000000000
38030  6.285  -8.196  65.132 0.0000000000
35317  5.898  -13.034  60.164 0.0000000000
40520  5.458  -5.610  63.249 0.0000000000
30158  7.033  -21.444  67.802 0.0000000000
30187  5.249  -21.054  63.143 0.0000000000
32982  6.692  -18.244  68.082 0.0000000000
35868  8.297  -11.356  65.731 0.0000000000
31324  5.244  -19.374  58.423 0.0000000000
33061  7.073  -16.731  54.776 0.0000000000
34245  7.138  -14.571  51.020 0.0000000000
38895  9.548  -7.952  55.858 0.0000000000
36470  12.345  -10.811  70.025 0.0000000000
36487  10.868  -10.823  70.375 0.0000000000
38797  17.649  -7.440  67.250 0.0000000000
37230  17.060  -9.398  68.263 0.0000000000
36485  14.333  -10.572  69.458 0.0000000000
34124  11.778  -13.547  69.368 0.0000000000
38849  6.019  -6.840  64.219 0.0000000000
29048  -0.646  -23.645  72.651 0.0000000000
31278  2.012  -20.047  68.659 0.0000000000
31819  0.877  -18.989  70.416 0.0000000000
37232  9.950  -9.645  68.245 0.0000000000
34709  8.946  -13.131  66.409 0.0000000000
30678  6.146  -20.123  69.389 0.0000000000
29592  6.667  -21.250  69.352 0.0000000000
30651  6.099  -21.757  73.925 0.0000000000
88971  5.241  -23.273  68.365 0.0000000000
32425  4.777  -17.472  63.573 0.0000000000
30751  4.598  -20.149  60.883 0.0000000000
32440  5.056  -17.419  60.781 0.0000000000
35920  6.069  -11.652  58.701 0.0000000000
34217  6.252  -14.649  57.016 0.0000000000
34774  5.941  -13.593  56.005 0.0000000000
33675  7.307  -15.472  52.663 0.0000000000
35343  6.518  -12.739  54.245 0.0000000000
32359  8.206  -17.636  69.233 0.0000000000
32361  6.277  -18.009  69.648 0.0000000000
34127  10.086  -14.460  68.365 0.0000000000
36497  9.590  -10.627  69.587 0.0000000000
34123  20.717  -13.434  71.345 0.0000000000
37982  22.689  -7.698  69.732 0.0000000000
37999  20.175  -7.794  67.732 0.0000000000
35859  16.254  -11.769  66.799 0.0000000000
32950  12.504  -15.896  67.797 0.0000000000
32357  9.887  -17.535  69.774 0.0000000000
35887  5.941  -11.826  64.292 0.0000000000
34736  5.344  -14.276  61.898 0.0000000000
36540  5.775  -10.609  63.003 0.0000000000
37266  6.109  -9.661  61.503 0.0000000000
38048  6.607  -8.692  60.255 0.0000000000
39629  17.474  -6.382  66.852 0.0000000000
40455  23.606  -5.962  67.352 0.0000000000
89898  23.160  -3.069  67.246 0.0000000000
40457  22.058  -5.909  69.354 0.0000000000
40460  18.964  -5.356  68.119 0.0000000000
28535  6.136  -25.304  63.524 0.0000000000
29114  5.895  -23.819  62.188 0.0000000000
30722  7.156  -21.089  64.436 0.0000000000
31853  6.453  -18.623  66.239 0.0000000000
32996  6.114  -16.864  65.658 0.0000000000
32967  7.319  -17.430  67.647 0.0000000000
32988  7.317  -15.613  66.276 0.0000000000
34721  6.224  -13.631  65.014 0.0000000000
37253  6.823  -9.234  65.177 0.0000000000
29137  4.905  -23.518  59.710 0.0000000000
29681  4.842  -22.424  57.869 0.0000000000
30248  5.333  -21.711  55.298 0.0000000000
33034  6.403  -16.264  58.601 0.0000000000
32466  6.297  -18.000  56.398 0.0000000000
30794  6.097  -20.361  53.349 0.0000000000
31356  7.206  -19.181  52.021 0.0000000000
31936  8.292  -18.540  50.812 0.0000000000
41308  5.326  -4.482  61.476 0.0000000000
39689  6.796  -6.968  59.413 0.0000000000
39715  7.713  -6.269  58.295 0.0000000000
37293  8.267  -9.973  57.006 0.0000000000
36586  8.152  -11.079  53.163 0.0000000000
37205  13.505  -9.966  69.935 0.0000000000
37206  12.516  -9.710  69.868 0.0000000000
37987  13.554  -8.285  68.612 0.0000000000
38003  15.722  -7.757  67.867 0.0000000000
37220  15.333  -9.741  68.613 0.0000000000
37204  14.558  -9.726  69.145 0.0000000000
36486  13.562  -11.028  69.771 0.0000000000
28619  6.276  -24.357  52.083 0.0000000000
29710  6.129  -22.634  52.473 0.0000000000
30117  1.325  -21.587  74.227 0.0000000000
88980  -1.206  -20.149  72.302 0.0000000000
31231  1.217  -19.453  72.164 0.0000000000
37996  23.808  -7.083  68.610 0.0000000000
31227  4.336  -20.297  71.603 0.0000000000
30671  5.053  -20.616  71.804 0.0000000000
30662  4.134  -20.647  73.366 0.0000000000
30106  2.628  -23.399  75.166 0.0000000000
33009  4.848  -16.644  63.776 0.0000000000
32434  4.580  -17.480  62.623 0.0000000000
33621  4.786  -15.814  62.957 0.0000000000
35924  5.878  -11.878  57.614 0.0000000000
35337  5.733  -12.649  57.253 0.0000000000
35929  6.040  -11.523  56.449 0.0000000000
35344  6.246  -12.778  54.913 0.0000000000
35928  6.290  -11.122  56.262 0.0000000000
32946  9.299  -16.447  68.852 0.0000000000
33564  9.757  -15.512  68.412 0.0000000000
34121  10.538  -14.313  68.943 0.0000000000
36488  10.154  -10.799  70.095 0.0000000000
37990  10.449  -8.614  68.876 0.0000000000
39602  21.451  -7.130  70.036 0.0000000000
38762  21.761  -7.720  69.917 0.0000000000
38795  19.655  -7.152  67.906 0.0000000000
35845  14.948  -11.182  68.266 0.0000000000
35851  16.351  -11.229  67.567 0.0000000000
35265  15.199  -12.527  67.916 0.0000000000
33567  13.393  -14.747  68.416 0.0000000000
33562  10.999  -15.174  69.336 0.0000000000
33570  11.311  -15.702  68.654 0.0000000000
33563  10.584  -15.675  68.605 0.0000000000
32358  9.036  -17.384  69.632 0.0000000000
36533  6.086  -10.668  64.378 0.0000000000
36536  5.731  -10.978  63.769 0.0000000000
37260  5.884  -9.696  63.681 0.0000000000
39672  5.756  -6.288  63.767 0.0000000000
38037  5.928  -8.444  63.066 0.0000000000
38856  5.968  -7.414  62.466 0.0000000000
38043  6.335  -8.604  61.102 0.0000000000
38858  6.078  -7.505  61.493 0.0000000000
38742  23.582  -7.667  71.609 0.0000000000
30180  8.350  -22.617  64.890 0.0000000000
29638  7.541  -22.269  63.902 0.0000000000
30176  8.091  -21.204  65.991 0.0000000000
32403  4.993  -18.519  68.659 0.0000000000
31845  5.620  -19.216  68.566 0.0000000000
32401  6.845  -18.497  67.205 0.0000000000
32413  5.830  -17.605  65.409 0.0000000000
32991  6.784  -17.766  66.847 0.0000000000
33572  8.919  -15.910  67.630 0.0000000000
32955  7.030  -17.959  68.481 0.0000000000
33578  8.547  -15.910  67.101 0.0000000000
35279  8.710  -12.222  66.177 0.0000000000
34142  8.514  -14.510  65.834 0.0000000000
34716  7.600  -13.497  65.505 0.0000000000
34157  6.619  -14.408  65.529 0.0000000000
35285  6.972  -12.536  65.225 0.0000000000
35878  7.229  -11.470  65.099 0.0000000000
36524  7.298  -10.381  65.156 0.0000000000
37236  20.326  -9.251  67.026 0.0000000000
37235  21.220  -8.915  67.024 0.0000000000
31832  11.576  -18.811  68.132 0.0000000000
31245  11.917  -19.956  68.382 0.0000000000
30674  10.055  -20.442  69.880 0.0000000000
29070  6.413  -22.041  69.205 0.0000000000
29068  7.864  -22.736  69.532 0.0000000000
29614  6.086  -21.974  68.109 0.0000000000
29629  8.936  -23.443  65.845 0.0000000000
30198  5.370  -21.995  62.760 0.0000000000
29136  5.236  -24.115  60.540 0.0000000000
29658  5.051  -22.336  61.539 0.0000000000
30764  5.012  -20.024  59.027 0.0000000000
30226  4.772  -21.070  59.273 0.0000000000
30768  5.054  -20.283  58.301 0.0000000000
30241  5.217  -21.603  56.210 0.0000000000
30779  5.499  -20.652  56.495 0.0000000000
35310  5.938  -13.363  60.934 0.0000000000
34202  6.057  -15.176  60.303 0.0000000000
34203  6.020  -14.663  59.712 0.0000000000
33059  6.858  -16.582  55.623 0.0000000000
33053  6.553  -16.847  56.727 0.0000000000
32470  6.705  -17.661  55.583 0.0000000000
31918  6.039  -19.187  55.306 0.0000000000
31923  6.537  -18.746  54.069 0.0000000000
31351  6.670  -19.478  52.794 0.0000000000
32480  7.155  -17.689  53.635 0.0000000000
33680  7.126  -15.410  51.985 0.0000000000
32490  7.801  -17.415  52.014 0.0000000000
33078  8.095  -16.235  50.955 0.0000000000
41310  5.683  -4.635  60.527 0.0000000000
40530  5.994  -5.665  60.321 0.0000000000
41317  6.234  -4.960  59.638 0.0000000000
38896  9.214  -7.127  56.118 0.0000000000
38892  9.091  -7.994  56.920 0.0000000000
38886  8.413  -8.181  58.065 0.0000000000
38072  9.109  -9.299  56.679 0.0000000000
37298  8.381  -10.024  55.695 0.0000000000
37296  9.585  -9.533  54.744 0.0000000000
34682  11.227  -13.298  70.458 0.0000000000
35240  10.865  -12.539  70.584 0.0000000000
36471  11.766  -10.900  70.368 0.0000000000
38796  18.594  -7.353  67.524 0.0000000000
38001  17.798  -8.385  67.572 0.0000000000
36494  15.759  -10.156  68.317 0.0000000000
35847  13.868  -11.737  68.663 0.0000000000
34696  12.950  -12.751  68.520 0.0000000000
35250  12.601  -12.087  68.682 0.0000000000
34680  11.619  -12.859  69.652 0.0000000000
38833  6.098  -6.992  65.710 0.0000000000
38842  6.151  -7.228  64.850 0.0000000000
39662  5.774  -5.848  65.251 0.0000000000
40512  5.544  -5.153  64.924 0.0000000000
40517  5.357  -4.944  64.315 0.0000000000
30146  2.850  -22.492  69.208 0.0000000000
30691  3.451  -21.401  68.906 0.0000000000
30148  -0.891  -23.095  69.890 0.0000000000
31837  0.048  -19.652  69.504 0.0000000000
32971  3.946  -17.612  68.777 0.0000000000
35861  9.521  -11.764  67.731 0.0000000000
34703  9.580  -13.583  66.835 0.0000000000
35862  9.240  -11.360  67.159 0.0000000000
36515  8.911  -10.422  66.590 0.0000000000
37244  8.453  -9.448  66.037 0.0000000000
37245  7.742  -8.977  65.593 0.0000000000
30677  7.246  -20.052  69.563 0.0000000000
30132  8.347  -20.896  69.957 0.0000000000
30134  6.379  -20.671  69.322 0.0000000000
30136  4.541  -21.390  70.030 0.0000000000
29062  4.122  -22.131  69.984 0.0000000000
88972  7.164  -23.563  68.440 0.0000000000
27956  4.004  -23.636  71.570 0.0000000000
29054  2.805  -24.388  71.709 0.0000000000
31304  4.855  -19.420  63.040 0.0000000000
30742  4.619  -20.115  62.047 0.0000000000
31312  4.527  -19.068  62.009 0.0000000000
31891  4.916  -18.335  60.456 0.0000000000
31894  5.181  -18.419  59.512 0.0000000000
35323  5.592  -12.824  59.238 0.0000000000
34760  5.438  -13.496  58.548 0.0000000000
34767  5.501  -13.311  57.698 0.0000000000
34221  6.305  -14.544  56.213 0.0000000000
33665  6.875  -15.258  55.028 0.0000000000
33067  7.213  -16.556  53.927 0.0000000000
34228  6.904  -14.591  54.086 0.0000000000
34781  6.809  -13.653  53.697 0.0000000000
34786  7.157  -13.380  52.412 0.0000000000
39729  9.656  -7.025  55.295 0.0000000000
38079  10.200  -9.230  53.899 0.0000000000
38906  10.308  -8.051  53.523 0.0000000000
31235  3.796  -20.325  70.664 0.0000000000
31815  4.074  -19.513  69.515 0.0000000000
32360  7.300  -18.066  68.941 0.0000000000
33565  9.138  -15.965  68.243 0.0000000000
34134  9.738  -14.336  67.859 0.0000000000
35252  10.357  -12.492  70.097 0.0000000000
35253  9.893  -12.474  69.459 0.0000000000
35848  9.403  -11.518  69.125 0.0000000000
37224  9.641  -9.874  69.125 0.0000000000
35826  23.674  -10.594  70.843 0.0000000000
37216  23.626  -8.663  70.288 0.0000000000
36478  22.028  -10.079  71.264 0.0000000000
37229  17.968  -9.354  67.464 0.0000000000
36499  18.232  -9.956  67.451 0.0000000000
35858  17.343  -11.490  67.028 0.0000000000
32387  11.918  -17.527  67.374 0.0000000000
32370  10.949  -17.685  68.802 0.0000000000
34132  12.249  -15.008  69.126 0.0000000000
32952  10.986  -16.715  68.358 0.0000000000
31809  9.966  -18.558  69.792 0.0000000000
31241  7.191  -19.337  69.454 0.0000000000
31242  6.197  -19.449  69.549 0.0000000000
34727  5.510  -14.026  63.777 0.0000000000
34735  5.130  -14.219  62.852 0.0000000000
35302  5.636  -13.229  62.978 0.0000000000
35893  6.040  -12.423  62.294 0.0000000000
36545  6.195  -11.613  61.638 0.0000000000
38034  6.124  -8.167  64.161 0.0000000000
37263  5.868  -9.583  62.557 0.0000000000
36554  6.348  -11.788  60.873 0.0000000000
35907  6.244  -11.423  59.953 0.0000000000
36560  6.475  -10.927  59.648 0.0000000000
37281  6.879  -9.730  59.510 0.0000000000
38772  25.021  -7.181  68.787 0.0000000000
43655  24.487  -1.765  66.835 0.0000000000
42874  23.773  -2.147  68.313 0.0000000000
41268  23.703  -3.629  67.150 0.0000000000
89893  23.403  -5.589  67.409 0.0000000000
39608  25.715  -7.557  69.642 0.0000000000
36489  25.348  -9.744  69.991 0.0000000000
37176  22.300  -9.505  71.917 0.0000000000
40458  21.298  -5.957  69.048 0.0000000000
41255  20.499  -4.982  68.360 0.0000000000
40475  19.691  -5.944  68.174 0.0000000000
39611  18.849  -5.758  67.935 0.0000000000
29646  5.754  -22.706  62.572 0.0000000000
30723  6.324  -20.670  64.297 0.0000000000
31257  6.008  -19.931  68.342 0.0000000000
31288  6.606  -20.125  65.233 0.0000000000
31289  6.249  -19.492  64.937 0.0000000000
31860  5.900  -18.383  65.160 0.0000000000
32420  5.148  -17.513  64.560 0.0000000000
33609  5.601  -15.836  64.713 0.0000000000
32363  3.950  -18.812  69.363 0.0000000000
32957  5.151  -17.413  69.127 0.0000000000
32968  6.751  -18.007  68.232 0.0000000000
34145  8.737  -15.326  66.532 0.0000000000
32979  7.625  -15.964  66.605 0.0000000000
32981  7.077  -17.593  67.248 0.0000000000
33591  6.718  -15.692  65.902 0.0000000000
33597  6.219  -15.585  65.434 0.0000000000
34170  5.683  -14.893  64.675 0.0000000000
35295  5.990  -12.881  64.384 0.0000000000
36525  6.679  -10.464  64.839 0.0000000000
38024  7.257  -8.155  65.934 0.0000000000
38025  6.583  -8.082  65.943 0.0000000000
39655  6.088  -6.375  66.370 0.0000000000
30143  12.797  -20.923  68.492 0.0000000000
29589  9.381  -21.748  69.775 0.0000000000
30219  4.696  -21.176  60.539 0.0000000000
29674  4.771  -22.341  58.951 0.0000000000
29701  5.360  -22.722  54.152 0.0000000000
34195  5.459  -15.504  61.308 0.0000000000
33031  5.719  -16.533  60.289 0.0000000000
32448  5.567  -17.639  58.817 0.0000000000
33649  6.555  -15.683  57.968 0.0000000000
33049  6.166  -17.369  57.442 0.0000000000
31908  5.831  -18.832  56.982 0.0000000000
31340  5.877  -19.889  55.865 0.0000000000
30789  5.625  -20.889  54.718 0.0000000000
30256  6.031  -21.501  53.141 0.0000000000
30260  6.245  -21.600  52.339 0.0000000000
32485  7.467  -17.453  52.720 0.0000000000
31937  7.818  -18.469  51.631 0.0000000000
41301  4.974  -4.267  63.798 0.0000000000
42097  4.931  -3.665  62.521 0.0000000000
40523  5.403  -5.289  62.357 0.0000000000
39681  5.999  -6.544  60.899 0.0000000000
38870  6.735  -7.850  59.836 0.0000000000
38058  7.234  -8.824  59.408 0.0000000000
39705  7.343  -6.906  58.711 0.0000000000
38880  7.670  -8.187  58.929 0.0000000000
37291  7.554  -10.397  57.550 0.0000000000
36575  7.386  -10.641  55.524 0.0000000000
35938  7.329  -11.208  54.078 0.0000000000
35360  7.870  -12.772  51.681 0.0000000000
35960  8.256  -12.097  51.830 0.0000000000
37971  13.965  -9.057  69.140 0.0000000000
37221  14.847  -9.223  68.594 0.0000000000
37970  14.468  -9.151  68.821 0.0000000000
28616  5.900  -24.282  52.632 0.0000000000
29179  5.777  -23.579  52.750 0.0000000000
29178  6.155  -23.495  52.200 0.0000000000
30664  2.283  -20.259  73.354 0.0000000000
30657  0.671  -20.629  73.476 0.0000000000
31222  2.187  -19.764  72.788 0.0000000000
37979  24.531  -7.938  69.492 0.0000000000
37995  24.158  -7.202  68.750 0.0000000000
31220  3.873  -19.820  72.638 0.0000000000
31219  4.812  -19.877  72.760 0.0000000000
30663  3.122  -20.298  73.428 0.0000000000
30655  2.305  -20.809  74.088 0.0000000000
33614  5.047  -15.833  63.894 0.0000000000
34181  4.961  -15.146  63.191 0.0000000000
36565  6.794  -10.924  58.579 0.0000000000
36569  6.361  -11.155  57.303 0.0000000000
36572  6.216  -11.078  56.781 0.0000000000
32942  10.131  -15.814  68.624 0.0000000000
32943  9.872  -15.758  68.582 0.0000000000
34120  10.751  -14.263  69.545 0.0000000000
39625  21.202  -6.411  68.693 0.0000000000
35266  14.423  -12.453  68.340 0.0000000000
35853  14.858  -12.046  68.056 0.0000000000
34693  14.700  -13.966  68.247 0.0000000000
34694  14.323  -13.698  68.490 0.0000000000
34130  13.956  -14.348  68.428 0.0000000000
33557  10.848  -14.738  69.586 0.0000000000
37257  6.246  -9.412  64.611 0.0000000000
39676  5.735  -6.375  62.865 0.0000000000
39679  5.859  -6.421  61.886 0.0000000000
30175  8.778  -22.395  65.732 0.0000000000
30169  7.677  -21.057  66.984 0.0000000000
32402  6.555  -18.513  68.001 0.0000000000
32409  6.458  -18.069  66.502 0.0000000000
34135  9.522  -15.143  67.632 0.0000000000
34139  9.727  -14.335  67.301 0.0000000000
34715  8.231  -13.071  65.626 0.0000000000
35280  8.278  -12.267  65.651 0.0000000000
35281  7.684  -12.432  65.348 0.0000000000
35869  7.887  -11.716  65.309 0.0000000000
35877  7.768  -11.072  65.236 0.0000000000
36523  7.894  -10.444  65.506 0.0000000000
31822  11.013  -18.728  68.849 0.0000000000
31237  10.633  -19.776  69.237 0.0000000000
28508  6.041  -22.108  68.721 0.0000000000
28507  7.238  -22.947  69.215 0.0000000000
30168  8.294  -22.012  67.162 0.0000000000
30157  7.461  -22.189  67.711 0.0000000000
29636  8.414  -23.329  65.209 0.0000000000
30199  4.990  -21.386  62.531 0.0000000000
30771  5.263  -20.482  57.402 0.0000000000
31327  5.417  -19.538  57.594 0.0000000000
34750  5.842  -13.879  60.335 0.0000000000
34755  5.659  -13.717  59.446 0.0000000000
33058  7.005  -16.429  55.149 0.0000000000
33062  6.921  -17.286  55.159 0.0000000000
32475  6.764  -18.049  54.644 0.0000000000
31928  6.792  -18.723  53.534 0.0000000000
32474  7.101  -17.269  54.232 0.0000000000
34246  6.883  -14.945  51.600 0.0000000000
33679  7.359  -15.645  51.378 0.0000000000
33685  7.672  -15.352  50.715 0.0000000000
42104  5.390  -3.549  60.866 0.0000000000
39723  8.878  -6.554  56.834 0.0000000000
38891  9.342  -8.187  56.344 0.0000000000
38071  9.441  -8.611  56.210 0.0000000000
38076  9.249  -9.330  55.857 0.0000000000
38075  9.876  -8.908  55.290 0.0000000000
35238  11.683  -12.263  70.239 0.0000000000
35823  11.557  -11.611  70.671 0.0000000000
37972  12.951  -8.889  69.368 0.0000000000
38002  16.725  -8.201  68.077 0.0000000000
37203  14.976  -9.926  69.021 0.0000000000
36484  14.871  -10.262  68.925 0.0000000000
36496  14.638  -10.903  68.731 0.0000000000
35835  14.090  -11.304  69.102 0.0000000000
35836  13.331  -11.535  68.970 0.0000000000
36469  12.990  -10.630  69.967 0.0000000000
35821  12.608  -11.305  69.511 0.0000000000
35822  11.899  -11.471  70.053 0.0000000000
34681  11.582  -12.993  70.280 0.0000000000
38834  5.905  -6.337  65.496 0.0000000000
41292  5.257  -4.341  65.166 0.0000000000
40516  5.330  -4.580  64.563 0.0000000000
30147  1.260  -23.644  69.593 0.0000000000
31236  -0.229  -19.985  71.922 0.0000000000
31247  -0.678  -20.057  70.832 0.0000000000
32368  0.170  -18.961  70.145 0.0000000000
32391  2.318  -18.462  68.901 0.0000000000
32377  1.761  -18.256  69.331 0.0000000000
36503  9.414  -10.377  68.049 0.0000000000
35855  9.259  -11.110  67.880 0.0000000000
37243  9.123  -9.531  66.649 0.0000000000
38022  8.828  -8.614  66.135 0.0000000000
38831  8.641  -7.979  65.800 0.0000000000
30126  5.538  -20.985  72.278 0.0000000000
30135  5.060  -20.945  69.998 0.0000000000
29586  4.357  -21.792  71.526 0.0000000000
29587  4.162  -21.891  70.204 0.0000000000
29061  3.835  -22.234  71.181 0.0000000000
28501  4.070  -22.988  71.452 0.0000000000
29051  5.778  -23.686  73.094 0.0000000000
29573  0.659  -23.214  75.130 0.0000000000
29571  2.469  -24.450  74.640 0.0000000000
29045  1.323  -24.977  73.908 0.0000000000
29608  2.898  -23.411  69.830 0.0000000000
31874  4.817  -18.327  63.326 0.0000000000
32437  4.629  -17.426  61.680 0.0000000000
31888  4.604  -18.280  61.384 0.0000000000
35916  5.686  -12.133  58.955 0.0000000000
35328  5.456  -12.707  58.324 0.0000000000
34770  5.785  -13.651  56.917 0.0000000000
33661  6.752  -15.389  55.620 0.0000000000
34225  6.493  -14.497  55.335 0.0000000000
34229  6.828  -14.840  54.713 0.0000000000
34224  6.608  -14.231  54.738 0.0000000000
34787  7.019  -13.686  52.841 0.0000000000
35349  6.825  -12.691  53.521 0.0000000000
39730  9.399  -6.090  55.900 0.0000000000
39733  9.703  -7.086  54.217 0.0000000000
31813  6.278  -18.790  69.717 0.0000000000
31814  5.037  -19.210  70.016 0.0000000000
32947  8.299  -16.997  68.740 0.0000000000
34128  9.664  -15.085  68.096 0.0000000000
35824  11.022  -11.696  70.968 0.0000000000
35837  10.555  -11.679  70.339 0.0000000000
35838  9.844  -11.600  70.044 0.0000000000
35264  9.612  -12.548  68.707 0.0000000000
36498  9.369  -10.476  68.835 0.0000000000
35842  22.565  -12.127  70.588 0.0000000000
35244  22.043  -11.106  70.898 0.0000000000
35245  21.004  -11.441  70.771 0.0000000000
38794  20.960  -6.792  68.212 0.0000000000
38776  21.840  -6.939  69.153 0.0000000000
35850  16.943  -10.989  67.719 0.0000000000
35272  16.166  -12.659  66.695 0.0000000000
34136  15.422  -14.522  67.319 0.0000000000
32964  12.091  -16.631  67.380 0.0000000000
32388  11.464  -18.031  68.129 0.0000000000
32369  11.489  -17.132  68.018 0.0000000000
34687  11.959  -12.967  68.525 0.0000000000
34131  12.736  -14.156  68.940 0.0000000000
33571  10.555  -16.368  68.512 0.0000000000
32953  10.446  -17.123  69.004 0.0000000000
32371  10.446  -17.815  69.476 0.0000000000
31810  9.041  -18.404  69.803 0.0000000000
31812  7.228  -18.650  69.296 0.0000000000
31243  5.369  -19.593  69.790 0.0000000000
35296  5.794  -13.080  63.780 0.0000000000
35888  5.713  -12.333  63.920 0.0000000000
36537  5.698  -11.387  63.294 0.0000000000
36541  5.872  -11.462  62.598 0.0000000000
38850  6.013  -6.639  64.663 0.0000000000
38040  5.996  -8.527  62.032 0.0000000000
36544  5.955  -10.629  62.015 0.0000000000
36553  6.263  -10.971  60.772 0.0000000000
37273  6.416  -9.751  60.478 0.0000000000
39630  16.670  -6.544  65.938 0.0000000000
40477  16.764  -5.821  66.788 0.0000000000
40473  23.898  -5.817  66.644 0.0000000000
39624  24.207  -6.489  67.308 0.0000000000
42062  23.637  -2.609  67.960 0.0000000000
42061  24.010  -2.969  67.547 0.0000000000
89895  23.228  -4.373  67.071 0.0000000000
37940  27.097  -7.675  71.223 0.0000000000
37193  27.400  -8.980  70.629 0.0000000000
37183  25.589  -8.982  71.090 0.0000000000
40439  22.579  -6.418  71.142 0.0000000000
37945  23.084  -8.493  71.468 0.0000000000
38744  22.116  -7.653  71.265 0.0000000000
39599  21.290  -7.009  71.021 0.0000000000
40459  20.075  -5.571  68.324 0.0000000000
40476  19.448  -5.750  68.119 0.0000000000
39613  17.790  -5.881  67.629 0.0000000000
38798  16.727  -7.417  66.938 0.0000000000
27997  5.485  -25.814  62.310 0.0000000000
28547  5.947  -24.872  62.788 0.0000000000
29641  6.845  -22.830  63.471 0.0000000000
30182  6.993  -21.637  63.909 0.0000000000
30186  5.802  -21.649  63.350 0.0000000000
31260  3.123  -20.914  68.833 0.0000000000
30689  5.501  -20.534  68.543 0.0000000000
31258  5.103  -19.998  68.881 0.0000000000
31844  6.717  -19.030  67.439 0.0000000000
31284  6.652  -19.394  66.327 0.0000000000
31859  6.320  -18.944  65.660 0.0000000000
31290  5.701  -18.748  64.560 0.0000000000
33005  5.344  -16.699  64.709 0.0000000000
33598  6.026  -16.031  65.248 0.0000000000
32362  4.885  -18.444  69.863 0.0000000000
31816  3.189  -19.298  69.820 0.0000000000
32954  7.656  -17.131  67.882 0.0000000000
32956  6.116  -17.544  68.827 0.0000000000
32969  5.717  -17.720  68.624 0.0000000000
35275  9.240  -12.381  66.789 0.0000000000
34704  9.350  -14.017  66.107 0.0000000000
34151  7.781  -14.957  66.091 0.0000000000
33584  7.887  -15.434  66.451 0.0000000000
32980  7.325  -16.750  66.830 0.0000000000
32989  7.166  -15.991  66.246 0.0000000000
32990  6.764  -16.603  66.167 0.0000000000
34720  6.817  -13.538  65.335 0.0000000000
33596  6.456  -15.072  65.685 0.0000000000
34158  6.111  -14.554  65.180 0.0000000000
34726  5.895  -13.843  64.455 0.0000000000
35286  6.336  -12.658  64.897 0.0000000000
35879  6.530  -11.605  64.779 0.0000000000
37964  23.166  -8.470  70.309 0.0000000000
37981  23.237  -7.982  69.777 0.0000000000
38774  22.944  -6.981  68.918 0.0000000000
30681  11.209  -20.389  68.851 0.0000000000
30680  12.016  -20.734  68.726 0.0000000000
29591  7.525  -21.447  69.815 0.0000000000
28534  6.517  -25.085  64.095 0.0000000000
27988  5.884  -26.003  63.224 0.0000000000
28578  5.123  -24.769  60.001 0.0000000000
28584  4.825  -24.513  59.070 0.0000000000
29145  4.754  -23.445  58.545 0.0000000000
30232  4.900  -21.334  58.152 0.0000000000
29150  4.703  -23.455  57.514 0.0000000000
29685  4.897  -22.501  56.862 0.0000000000
29690  4.983  -22.578  55.902 0.0000000000
30251  5.477  -21.830  54.459 0.0000000000
34186  5.055  -15.003  62.329 0.0000000000
34196  5.560  -14.921  61.449 0.0000000000
33639  6.122  -15.661  59.787 0.0000000000
33638  5.855  -15.775  60.528 0.0000000000
33035  6.143  -16.509  59.024 0.0000000000
34214  5.581  -14.029  58.003 0.0000000000
34207  5.818  -14.462  58.664 0.0000000000
34213  6.126  -14.766  57.796 0.0000000000
33054  6.249  -17.606  56.952 0.0000000000
32460  5.880  -18.049  57.223 0.0000000000
31914  6.029  -19.018  56.119 0.0000000000
31348  5.854  -20.106  54.171 0.0000000000
31342  5.802  -19.966  55.004 0.0000000000
30795  5.755  -21.088  53.912 0.0000000000
31362  6.519  -20.360  51.014 0.0000000000
33070  7.431  -16.495  53.100 0.0000000000
32489  8.279  -17.412  51.249 0.0000000000
31360  8.102  -19.155  50.463 0.0000000000
41304  5.067  -4.307  62.201 0.0000000000
40527  5.689  -5.505  61.232 0.0000000000
39690  6.346  -6.596  59.999 0.0000000000
38869  7.159  -7.713  59.302 0.0000000000
40555  8.125  -5.632  58.063 0.0000000000
41341  7.586  -4.690  58.418 0.0000000000
40547  7.289  -5.705  58.578 0.0000000000
41331  6.701  -4.911  58.949 0.0000000000
38069  8.890  -9.162  57.798 0.0000000000
39704  7.858  -7.705  58.364 0.0000000000
37290  8.172  -9.819  58.179 0.0000000000
37294  7.517  -10.410  56.604 0.0000000000
37299  7.885  -10.271  56.226 0.0000000000
36580  7.958  -10.660  54.439 0.0000000000
35944  7.369  -11.609  53.442 0.0000000000
35354  7.371  -12.655  52.540 0.0000000000
35954  7.951  -11.866  52.491 0.0000000000
37310  9.787  -9.971  53.405 0.0000000000
37188  13.090  -10.307  70.026 0.0000000000
37189  12.761  -10.293  70.021 0.0000000000
37985  15.548  -8.767  68.340 0.0000000000
29713  6.427  -22.671  51.600 0.0000000000
30109  0.198  -21.756  74.641 0.0000000000
30120  -1.060  -21.405  73.216 0.0000000000
30119  -0.131  -20.865  73.680 0.0000000000
30667  0.047  -19.757  72.990 0.0000000000
31797  0.918  -19.141  71.666 0.0000000000
30679  5.148  -20.346  70.029 0.0000000000
30672  3.996  -20.782  70.925 0.0000000000
31218  5.750  -19.925  72.949 0.0000000000
30653  4.352  -21.363  74.210 0.0000000000
30114  4.458  -22.480  74.138 0.0000000000
30115  3.314  -22.274  74.990 0.0000000000
30116  2.214  -21.746  74.760 0.0000000000
33017  4.652  -16.637  62.779 0.0000000000
33023  4.670  -16.731  61.968 0.0000000000
35921  5.669  -12.175  58.123 0.0000000000
35336  5.759  -12.603  56.900 0.0000000000
35340  5.972  -12.638  55.761 0.0000000000
34778  6.219  -13.572  55.162 0.0000000000
35934  6.247  -11.940  55.307 0.0000000000
35940  6.400  -12.226  54.699 0.0000000000
33559  10.221  -15.159  68.621 0.0000000000
37222  10.566  -9.610  70.051 0.0000000000
37223  10.093  -9.672  69.685 0.0000000000
38782  10.867  -7.643  69.139 0.0000000000
32934  18.604  -15.345  72.125 0.0000000000
37200  20.633  -10.066  70.988 0.0000000000
38777  21.646  -6.915  69.328 0.0000000000
38000  19.013  -8.464  67.377 0.0000000000
36501  16.380  -10.483  68.103 0.0000000000
36502  15.889  -11.059  68.021 0.0000000000
35852  15.389  -11.619  67.675 0.0000000000
35273  15.609  -12.570  67.324 0.0000000000
33568  12.935  -15.245  68.411 0.0000000000
34125  11.789  -14.262  69.384 0.0000000000
34126  11.581  -15.006  69.328 0.0000000000
32945  9.993  -16.599  69.047 0.0000000000
35890  5.657  -11.732  63.738 0.0000000000
39668  5.852  -6.374  64.169 0.0000000000
38853  6.004  -7.249  63.429 0.0000000000
38741  24.438  -7.676  71.320 0.0000000000
40445  23.159  -6.212  70.782 0.0000000000
29107  6.717  -24.040  63.738 0.0000000000
29640  7.169  -23.588  63.953 0.0000000000
30181  8.020  -21.690  64.583 0.0000000000
30714  7.335  -20.523  66.326 0.0000000000
31847  3.476  -19.285  68.719 0.0000000000
31275  4.817  -19.507  68.878 0.0000000000
31846  4.467  -19.111  68.812 0.0000000000
32408  6.714  -18.553  66.824 0.0000000000
31854  6.162  -18.153  65.827 0.0000000000
32948  7.536  -17.467  68.606 0.0000000000
32949  6.801  -18.034  69.000 0.0000000000
33573  8.225  -16.628  67.811 0.0000000000
33579  8.024  -16.477  67.429 0.0000000000
34710  8.759  -13.508  65.911 0.0000000000
34714  8.573  -12.844  65.995 0.0000000000
34711  8.340  -13.878  65.676 0.0000000000
34152  7.297  -14.481  65.800 0.0000000000
33590  6.952  -15.192  66.056 0.0000000000
37997  21.433  -7.225  67.643 0.0000000000
38009  21.675  -7.691  67.371 0.0000000000
31843  11.966  -18.915  67.677 0.0000000000
31246  11.352  -19.507  68.576 0.0000000000
30129  10.612  -21.172  69.463 0.0000000000
29601  7.673  -22.134  69.785 0.0000000000
29621  7.536  -23.014  67.671 0.0000000000
29613  6.885  -22.230  67.995 0.0000000000
29099  7.849  -24.041  65.016 0.0000000000
29100  7.147  -24.332  64.520 0.0000000000
29657  5.598  -23.120  61.886 0.0000000000
29124  5.511  -23.716  61.345 0.0000000000
29125  5.138  -23.179  60.645 0.0000000000
29667  4.865  -22.268  60.118 0.0000000000
30758  4.802  -20.146  59.860 0.0000000000
30235  5.072  -21.484  57.159 0.0000000000
34744  5.717  -14.045  61.173 0.0000000000
34200  5.944  -14.627  60.645 0.0000000000
33643  6.183  -15.365  58.972 0.0000000000
33657  6.667  -15.578  56.422 0.0000000000
33653  6.628  -15.633  57.264 0.0000000000
32465  6.615  -17.291  56.079 0.0000000000
32471  6.342  -18.462  55.491 0.0000000000
32476  6.273  -18.711  54.972 0.0000000000
31924  6.164  -19.154  54.532 0.0000000000
31347  6.294  -19.416  53.722 0.0000000000
31927  7.135  -18.458  52.951 0.0000000000
33074  7.527  -16.315  52.191 0.0000000000
33073  7.800  -16.573  51.566 0.0000000000
42101  5.116  -3.525  61.806 0.0000000000
40534  6.306  -5.757  59.810 0.0000000000
40554  8.611  -5.949  57.481 0.0000000000
39714  8.135  -6.900  57.751 0.0000000000
37305  8.641  -10.132  54.957 0.0000000000
36579  8.631  -10.381  54.142 0.0000000000
35239  11.410  -12.456  70.791 0.0000000000
36472  11.313  -10.827  70.775 0.0000000000
37190  12.082  -10.320  70.059 0.0000000000
37207  11.748  -9.748  70.000 0.0000000000
37984  16.127  -9.172  68.360 0.0000000000
37219  16.086  -9.778  68.288 0.0000000000
36495  15.367  -10.656  68.312 0.0000000000
35846  14.496  -11.624  68.374 0.0000000000
35261  14.031  -12.000  68.397 0.0000000000
34695  13.298  -13.139  68.525 0.0000000000
35262  13.498  -12.329  68.498 0.0000000000
34688  12.703  -12.671  68.504 0.0000000000
35237  11.840  -12.064  69.379 0.0000000000
34118  11.558  -13.630  69.949 0.0000000000
34119  11.195  -14.292  69.874 0.0000000000
38843  5.998  -6.504  65.084 0.0000000000
40503  5.570  -5.092  65.609 0.0000000000
39669  5.757  -6.015  64.480 0.0000000000
39673  5.491  -5.577  63.884 0.0000000000
30160  5.058  -21.230  68.409 0.0000000000
30708  5.554  -20.841  68.328 0.0000000000
30692  2.202  -21.504  68.837 0.0000000000
30710  1.544  -20.811  68.757 0.0000000000
30696  -1.219  -21.384  71.784 0.0000000000
31262  0.021  -20.433  69.169 0.0000000000
31261  1.063  -20.236  68.850 0.0000000000
32405  2.898  -18.778  68.647 0.0000000000
32984  4.167  -17.935  68.638 0.0000000000
32983  5.384  -18.006  68.529 0.0000000000
35268  9.483  -12.593  67.918 0.0000000000
35269  9.408  -12.870  67.325 0.0000000000
35274  9.478  -12.186  67.374 0.0000000000
36509  9.260  -10.394  67.303 0.0000000000
35867  8.834  -11.360  66.404 0.0000000000
36516  8.401  -10.475  66.006 0.0000000000
37251  7.991  -9.798  65.700 0.0000000000
31239  9.076  -19.352  69.748 0.0000000000
30675  9.155  -20.234  69.966 0.0000000000
30676  8.201  -20.078  69.925 0.0000000000
30133  7.387  -20.750  69.682 0.0000000000
29593  5.676  -20.980  69.265 0.0000000000
29603  6.112  -21.638  69.038 0.0000000000
88975  5.286  -21.800  69.023 0.0000000000
88974  4.533  -22.405  69.275 0.0000000000
27957  3.457  -22.948  70.501 0.0000000000
88968  4.751  -22.679  68.962 0.0000000000
29580  3.584  -23.789  74.319 0.0000000000
88977  3.553  -23.463  71.176 0.0000000000
88970  4.013  -22.710  69.884 0.0000000000
30161  4.686  -21.926  68.931 0.0000000000
29607  3.421  -22.660  69.466 0.0000000000
31303  5.188  -20.108  63.373 0.0000000000
30732  4.991  -20.467  62.983 0.0000000000
31315  4.595  -19.190  61.152 0.0000000000
31884  4.544  -18.331  62.359 0.0000000000
31318  4.832  -19.243  60.183 0.0000000000
31321  5.099  -19.283  59.271 0.0000000000
31897  5.334  -18.531  58.608 0.0000000000
34766  5.725  -14.081  57.453 0.0000000000
34771  5.694  -12.915  57.277 0.0000000000
33664  7.070  -15.635  54.434 0.0000000000
33670  7.243  -15.545  53.536 0.0000000000
34777  6.543  -13.602  54.461 0.0000000000
34234  7.121  -14.583  53.153 0.0000000000
34241  6.988  -14.626  52.264 0.0000000000
34240  6.935  -14.320  51.701 0.0000000000
38899  10.288  -7.849  54.862 0.0000000000
38914  9.533  -7.966  52.583 0.0000000000
29174  5.495  -23.628  53.226 0.0000000000
31228  3.623  -19.745  71.578 0.0000000000
31229  2.814  -19.374  72.108 0.0000000000
31800  4.046  -20.061  69.890 0.0000000000
33566  8.449  -16.619  68.220 0.0000000000
34683  10.671  -13.456  70.140 0.0000000000
34684  10.570  -13.693  69.449 0.0000000000
34690  10.236  -13.377  68.918 0.0000000000
34697  9.743  -13.481  68.247 0.0000000000
35854  9.465  -11.739  68.326 0.0000000000
35849  9.230  -11.040  68.487 0.0000000000
37231  10.035  -9.274  68.858 0.0000000000
36475  23.799  -9.927  70.499 0.0000000000
37215  24.104  -8.628  69.951 0.0000000000
36476  23.649  -9.929  70.850 0.0000000000
36477  23.272  -10.006  71.063 0.0000000000
37217  23.092  -7.893  69.868 0.0000000000
37199  21.469  -10.128  70.951 0.0000000000
37983  22.160  -7.744  70.017 0.0000000000
38793  21.695  -6.916  67.885 0.0000000000
38010  20.693  -8.287  67.386 0.0000000000
36507  18.746  -10.495  67.201 0.0000000000
36500  17.604  -10.427  67.639 0.0000000000
37228  18.624  -9.527  67.260 0.0000000000
36508  18.085  -11.078  67.213 0.0000000000
35270  17.796  -11.950  66.205 0.0000000000
34707  15.928  -13.559  67.123 0.0000000000
32963  13.054  -16.414  66.786 0.0000000000
31808  10.450  -18.985  69.446 0.0000000000
33569  12.180  -15.705  68.683 0.0000000000
34133  11.855  -15.433  69.081 0.0000000000
32951  11.757  -16.272  68.154 0.0000000000
31823  10.627  -18.340  69.379 0.0000000000
31240  8.145  -19.266  69.727 0.0000000000
31811  8.139  -18.432  69.575 0.0000000000
31234  4.468  -20.308  70.209 0.0000000000
35891  5.736  -12.219  63.247 0.0000000000
35303  5.750  -13.435  61.900 0.0000000000
35899  6.211  -12.547  61.116 0.0000000000
35908  6.070  -12.048  60.027 0.0000000000
35915  6.075  -11.648  59.431 0.0000000000
37287  7.009  -10.233  59.002 0.0000000000
38004  14.940  -7.668  67.601 0.0000000000
38799  15.672  -7.445  66.484 0.0000000000
37978  25.350  -8.081  69.603 0.0000000000
42873  24.211  -2.295  67.675 0.0000000000
40474  23.556  -5.126  67.021 0.0000000000
89885  24.561  -6.772  68.412 0.0000000000
89891  24.030  -5.595  67.900 0.0000000000
89886  25.011  -6.857  68.602 0.0000000000
38771  25.812  -7.891  69.725 0.0000000000
37977  26.464  -8.540  69.832 0.0000000000
37213  25.919  -9.077  69.804 0.0000000000
35840  24.824  -10.382  69.856 0.0000000000
37174  23.844  -8.821  71.383 0.0000000000
36454  22.799  -10.165  72.032 0.0000000000
35220  21.579  -11.884  72.800 0.0000000000
37949  20.531  -9.405  72.024 0.0000000000
39609  21.532  -6.661  69.466 0.0000000000
39610  20.902  -6.131  68.705 0.0000000000
41270  21.590  -4.447  67.516 0.0000000000
41254  21.390  -5.261  68.363 0.0000000000
39627  19.128  -6.188  67.892 0.0000000000
39628  18.204  -6.504  67.480 0.0000000000
39612  18.481  -5.789  67.830 0.0000000000
29108  6.319  -23.815  62.981 0.0000000000
30731  5.474  -20.647  63.531 0.0000000000
30707  6.236  -20.649  67.981 0.0000000000
30706  7.082  -20.543  67.299 0.0000000000
31273  6.949  -20.035  66.679 0.0000000000
31833  6.217  -19.539  68.209 0.0000000000
31283  6.771  -20.042  65.794 0.0000000000
30719  6.551  -20.227  64.922 0.0000000000
31294  5.554  -19.888  63.874 0.0000000000
31295  5.454  -18.984  63.950 0.0000000000
31866  5.215  -18.246  64.224 0.0000000000
31795  2.545  -18.895  71.571 0.0000000000
31803  2.095  -19.086  70.833 0.0000000000
32364  2.991  -18.653  69.580 0.0000000000
32373  5.580  -17.821  69.356 0.0000000000
32374  4.696  -18.003  69.458 0.0000000000
32375  3.766  -18.004  69.233 0.0000000000
32970  4.369  -17.269  68.913 0.0000000000
34140  9.422  -15.019  66.779 0.0000000000
32965  8.004  -16.056  66.992 0.0000000000
34141  8.972  -14.788  66.071 0.0000000000
33583  8.240  -15.598  66.682 0.0000000000
32966  7.675  -16.653  67.240 0.0000000000
32995  6.292  -16.280  65.596 0.0000000000
33608  5.826  -15.578  65.038 0.0000000000
37252  7.470  -9.598  65.426 0.0000000000
37246  7.151  -8.766  65.569 0.0000000000
38016  6.869  -7.679  66.595 0.0000000000
38778  14.089  -7.677  67.881 0.0000000000
37980  23.904  -7.736  69.449 0.0000000000
38773  23.411  -7.123  68.873 0.0000000000
38810  23.042  -7.295  67.128 0.0000000000
38811  22.423  -7.126  67.505 0.0000000000
30131  9.272  -21.057  69.976 0.0000000000
30140  10.467  -21.711  69.543 0.0000000000
29598  10.484  -22.236  69.378 0.0000000000
28577  5.239  -24.723  60.540 0.0000000000
30211  4.679  -21.050  61.529 0.0000000000
28592  4.518  -24.427  57.144 0.0000000000
29707  5.719  -22.677  53.284 0.0000000000
33630  5.044  -15.834  61.743 0.0000000000
33027  5.192  -16.468  61.193 0.0000000000
34199  5.821  -15.294  60.904 0.0000000000
33030  5.574  -16.175  60.839 0.0000000000
32444  5.470  -17.506  59.810 0.0000000000
34206  6.241  -15.193  58.349 0.0000000000
33642  6.444  -15.876  58.525 0.0000000000
33048  6.515  -16.539  57.641 0.0000000000
33040  6.450  -16.362  58.306 0.0000000000
33041  6.081  -17.080  58.179 0.0000000000
32452  5.637  -17.862  57.963 0.0000000000
31900  5.507  -18.678  57.777 0.0000000000
31335  5.711  -19.726  56.750 0.0000000000
30786  5.611  -20.778  55.587 0.0000000000
30257  5.709  -21.971  53.790 0.0000000000
29706  6.094  -22.114  52.823 0.0000000000
30263  6.357  -21.795  51.607 0.0000000000
31350  7.137  -18.907  52.562 0.0000000000
31933  7.460  -18.342  52.358 0.0000000000
31361  7.391  -19.519  50.835 0.0000000000
41297  5.116  -4.215  64.536 0.0000000000
40521  5.221  -5.008  63.546 0.0000000000
40524  5.247  -5.102  63.025 0.0000000000
41305  5.033  -4.453  62.950 0.0000000000
38860  6.324  -7.609  60.594 0.0000000000
38059  6.855  -8.751  59.793 0.0000000000
37280  7.174  -9.499  59.277 0.0000000000
37286  7.459  -9.960  58.789 0.0000000000
40533  6.668  -5.865  59.297 0.0000000000
38065  7.689  -9.011  59.075 0.0000000000
37285  8.009  -9.666  58.653 0.0000000000
36571  6.669  -10.856  56.665 0.0000000000
35933  6.479  -11.194  55.741 0.0000000000
35939  6.878  -11.551  54.446 0.0000000000
36574  7.923  -10.492  55.245 0.0000000000
36581  7.342  -10.890  54.779 0.0000000000
35945  6.933  -12.008  53.601 0.0000000000
35348  7.045  -12.359  53.164 0.0000000000
34791  7.270  -13.611  51.734 0.0000000000
38074  10.010  -9.223  54.519 0.0000000000
37311  9.400  -10.085  53.921 0.0000000000
36595  8.335  -11.410  52.662 0.0000000000
34796  7.734  -13.663  50.869 0.0000000000
27955  4.410  -24.710  72.360 0.0000000000
28498  5.088  -24.212  72.543 0.0000000000
28499  4.637  -24.113  73.094 0.0000000000
28500  4.924  -23.576  71.989 0.0000000000
28502  3.685  -22.458  70.454 0.0000000000
28546  6.322  -24.621  63.428 0.0000000000
29044  3.014  -25.273  73.861 0.0000000000
29046  0.425  -23.977  74.341 0.0000000000
29047  -0.113  -23.494  74.289 0.0000000000
29049  7.222  -23.398  72.943 0.0000000000
29050  6.594  -23.629  73.011 0.0000000000
29052  5.090  -24.114  73.268 0.0000000000
29053  4.392  -24.916  73.393 0.0000000000
29055  7.259  -22.820  72.745 0.0000000000
29056  6.465  -23.151  72.697 0.0000000000
29057  5.713  -23.565  72.629 0.0000000000
29058  7.187  -22.463  72.681 0.0000000000
29059  6.594  -22.520  72.498 0.0000000000
29060  5.243  -22.766  72.078 0.0000000000
29067  8.792  -22.794  69.219 0.0000000000
29572  1.491  -23.904  75.131 0.0000000000
29574  -0.159  -22.796  74.543 0.0000000000
29575  -0.597  -22.113  74.005 0.0000000000
29576  7.114  -23.383  73.317 0.0000000000
29577  6.455  -23.216  73.404 0.0000000000
29578  5.703  -23.318  73.494 0.0000000000
29579  4.778  -23.561  73.742 0.0000000000
29581  -0.327  -21.475  73.625 0.0000000000
29582  7.419  -22.838  73.212 0.0000000000
29583  7.497  -22.246  72.920 0.0000000000
29584  6.886  -21.853  72.750 0.0000000000
29585  5.671  -21.725  72.346 0.0000000000
29588  10.056  -21.899  69.688 0.0000000000
29590  8.470  -21.664  70.031 0.0000000000
29594  4.954  -21.649  69.215 0.0000000000
29602  6.871  -21.845  69.435 0.0000000000
29637  7.792  -23.108  64.316 0.0000000000
29647  5.220  -22.134  62.387 0.0000000000
30107  1.901  -22.725  75.219 0.0000000000
30108  0.960  -22.184  75.162 0.0000000000
30110  -0.133  -21.430  74.302 0.0000000000
30111  6.971  -22.821  73.513 0.0000000000
30112  6.438  -22.520  73.774 0.0000000000
30113  5.480  -22.514  73.871 0.0000000000
30118  0.584  -21.015  74.279 0.0000000000
30121  7.250  -22.071  73.508 0.0000000000
30122  6.587  -21.681  73.647 0.0000000000
30123  -0.711  -20.182  73.226 0.0000000000
30124  7.485  -21.347  72.939 0.0000000000
30125  6.621  -21.043  72.520 0.0000000000
30127  4.549  -21.079  71.591 0.0000000000
30128  3.967  -21.117  70.619 0.0000000000
30130  10.252  -21.298  69.779 0.0000000000
30144  4.577  -21.201  68.784 0.0000000000
30145  3.879  -21.885  68.958 0.0000000000
30149  -1.210  -22.195  70.891 0.0000000000
30159  6.081  -21.260  67.872 0.0000000000
30167  9.076  -22.693  66.622 0.0000000000
30174  9.184  -22.971  66.126 0.0000000000
30652  5.355  -21.448  74.118 0.0000000000
30654  3.292  -21.240  74.054 0.0000000000
30656  1.509  -20.713  73.793 0.0000000000
30658  0.171  -20.482  73.298 0.0000000000
30659  6.920  -21.407  73.211 0.0000000000
30660  6.206  -20.832  73.464 0.0000000000
30661  5.093  -20.685  73.376 0.0000000000
30665  1.534  -20.078  73.279 0.0000000000
30666  0.798  -19.884  73.109 0.0000000000
30668  -0.536  -19.785  72.694 0.0000000000
30669  6.767  -20.836  72.901 0.0000000000
30670  6.096  -20.400  72.580 0.0000000000
30673  10.616  -20.762  69.407 0.0000000000
30682  -1.121  -20.699  71.198 0.0000000000
30683  -1.056  -20.448  71.541 0.0000000000
30690  4.611  -20.810  68.816 0.0000000000
30693  0.410  -21.732  68.721 0.0000000000
30694  -1.049  -21.468  69.557 0.0000000000
30695  -1.164  -20.992  70.657 0.0000000000
30709  2.166  -20.616  68.728 0.0000000000
30718  7.152  -20.620  65.168 0.0000000000
31223  1.381  -19.709  72.733 0.0000000000
31224  0.727  -19.686  72.592 0.0000000000
31225  0.128  -19.829  72.340 0.0000000000
31226  5.298  -20.050  72.340 0.0000000000
31230  1.958  -19.446  72.091 0.0000000000
31232  0.619  -19.492  72.165 0.0000000000
31233  0.127  -19.543  72.011 0.0000000000
31244  -0.330  -19.733  71.094 0.0000000000
31248  -0.677  -20.052  71.572 0.0000000000
31259  3.894  -20.543  68.833 0.0000000000
31263  -0.537  -20.309  69.923 0.0000000000
31274  6.753  -19.851  67.597 0.0000000000
31276  4.102  -19.764  68.937 0.0000000000
31277  2.948  -20.239  68.735 0.0000000000
31794  3.255  -19.193  71.298 0.0000000000
31796  1.697  -18.843  71.703 0.0000000000
31798  0.304  -19.151  71.803 0.0000000000
31799  0.060  -19.481  71.775 0.0000000000
31801  3.556  -19.650  70.452 0.0000000000
31802  2.975  -18.948  70.667 0.0000000000
31804  1.284  -18.750  71.094 0.0000000000
31805  0.528  -18.965  71.211 0.0000000000
31806  0.020  -19.373  71.432 0.0000000000
31807  -0.215  -19.801  71.383 0.0000000000
31817  2.552  -18.830  70.172 0.0000000000
31818  1.684  -18.909  70.282 0.0000000000
31820  -0.028  -19.116  70.731 0.0000000000
31821  -0.097  -19.503  71.117 0.0000000000
31824  0.326  -19.096  69.533 0.0000000000
31825  -0.113  -19.366  70.032 0.0000000000
31834  5.715  -19.702  68.552 0.0000000000
31835  1.837  -19.207  68.709 0.0000000000
31836  0.741  -19.335  69.077 0.0000000000
31848  2.624  -19.459  68.603 0.0000000000
32365  2.182  -18.363  69.841 0.0000000000
32366  1.271  -18.371  69.976 0.0000000000
32367  0.572  -18.800  70.093 0.0000000000
32372  6.366  -17.800  69.103 0.0000000000
32376  2.708  -18.264  69.265 0.0000000000
32378  0.875  -18.674  69.488 0.0000000000
32379  0.329  -18.900  69.821 0.0000000000
32389  3.841  -17.818  68.945 0.0000000000
32390  3.381  -18.100  68.852 0.0000000000
32392  1.446  -18.651  68.969 0.0000000000
32400  11.908  -18.351  67.519 0.0000000000
32404  3.859  -18.579  68.738 0.0000000000
32481  6.826  -18.334  53.969 0.0000000000
32488  8.603  -17.893  50.912 0.0000000000
32930  21.025  -13.901  72.021 0.0000000000
32931  20.741  -14.278  72.099 0.0000000000
32932  20.046  -14.619  72.216 0.0000000000
32933  19.319  -15.187  72.224 0.0000000000
32935  18.255  -15.208  71.957 0.0000000000
32936  21.605  -13.551  71.479 0.0000000000
32937  21.166  -14.072  71.440 0.0000000000
32938  20.762  -14.151  71.620 0.0000000000
32939  19.892  -14.631  71.836 0.0000000000
32940  19.133  -15.192  71.748 0.0000000000
32941  18.594  -15.141  71.836 0.0000000000
32944  21.365  -14.051  71.177 0.0000000000
32958  4.543  -17.639  69.186 0.0000000000
32977  12.438  -17.105  66.604 0.0000000000
32978  7.929  -15.756  66.720 0.0000000000
33026  5.439  -16.182  61.060 0.0000000000
33537  19.645  -13.825  73.047 0.0000000000
33538  19.315  -14.070  73.025 0.0000000000
33539  18.659  -14.310  72.949 0.0000000000
33540  18.102  -14.431  72.753 0.0000000000
33541  17.897  -14.289  72.452 0.0000000000
33542  21.154  -13.619  72.073 0.0000000000
33543  20.812  -13.860  72.331 0.0000000000
33544  20.097  -14.158  72.678 0.0000000000
33545  19.345  -14.655  72.686 0.0000000000
33546  18.632  -14.908  72.552 0.0000000000
33547  18.191  -14.831  72.253 0.0000000000
33548  17.964  -14.297  72.075 0.0000000000
33551  21.437  -13.407  71.842 0.0000000000
33552  20.933  -13.890  71.483 0.0000000000
33553  20.560  -13.898  71.485 0.0000000000
33554  19.555  -14.303  71.569 0.0000000000
33555  18.548  -14.602  71.826 0.0000000000
33556  18.136  -14.133  71.830 0.0000000000
33560  21.430  -13.614  71.051 0.0000000000
33561  20.967  -13.490  71.313 0.0000000000
33589  7.472  -15.281  66.224 0.0000000000
33629  5.319  -15.721  61.379 0.0000000000
33634  5.472  -15.885  61.145 0.0000000000
33635  5.232  -16.060  61.358 0.0000000000
33660  7.001  -15.991  55.097 0.0000000000
34099  19.929  -13.550  73.076 0.0000000000
34100  19.406  -13.642  73.126 0.0000000000
34101  18.714  -13.574  72.866 0.0000000000
34102  18.102  -13.854  73.111 0.0000000000
34103  17.772  -13.883  72.764 0.0000000000
34104  21.324  -13.344  72.044 0.0000000000
34105  21.100  -13.261  72.219 0.0000000000
34106  20.495  -13.495  72.598 0.0000000000
34107  17.734  -13.767  72.256 0.0000000000
34110  21.683  -12.962  71.930 0.0000000000
34111  21.412  -12.929  72.144 0.0000000000
34112  20.678  -12.769  71.150 0.0000000000
34113  20.245  -13.308  71.453 0.0000000000
34114  19.183  -13.680  71.456 0.0000000000
34115  18.393  -13.705  71.644 0.0000000000
34116  17.897  -13.683  71.882 0.0000000000
34117  11.618  -13.272  69.879 0.0000000000
34122  21.051  -12.953  71.005 0.0000000000
34146  8.314  -15.063  66.166 0.0000000000
34147  7.972  -14.446  65.766 0.0000000000
34661  20.331  -12.918  73.016 0.0000000000
34662  19.486  -12.904  73.063 0.0000000000
34663  18.904  -13.039  72.992 0.0000000000
34664  18.000  -13.132  73.220 0.0000000000
34665  17.814  -13.464  73.060 0.0000000000
34666  21.827  -12.335  72.135 0.0000000000
34667  21.312  -12.692  72.312 0.0000000000
34668  20.757  -12.990  72.441 0.0000000000
34669  17.730  -12.851  72.808 0.0000000000
34670  17.747  -13.100  72.551 0.0000000000
34674  21.651  -12.723  72.102 0.0000000000
34675  20.383  -12.528  71.231 0.0000000000
34676  19.635  -12.800  71.454 0.0000000000
34677  18.802  -12.868  71.592 0.0000000000
34678  18.040  -12.932  71.629 0.0000000000
34679  17.383  -13.046  71.908 0.0000000000
34685  21.579  -12.353  70.538 0.0000000000
34686  21.019  -12.322  70.718 0.0000000000
34689  10.308  -13.117  69.651 0.0000000000
34691  21.782  -11.712  70.541 0.0000000000
34692  21.253  -11.936  70.548 0.0000000000
34698  15.603  -14.048  67.337 0.0000000000
34701  13.710  -12.779  68.502 0.0000000000
34705  8.850  -14.161  65.823 0.0000000000
34792  7.014  -13.926  52.148 0.0000000000
35212  21.063  -11.760  72.807 0.0000000000
35213  20.361  -12.077  72.888 0.0000000000
35214  19.714  -12.329  73.027 0.0000000000
35215  19.159  -12.478  73.068 0.0000000000
35216  18.487  -12.410  73.246 0.0000000000
35219  22.209  -11.800  72.357 0.0000000000
35221  20.926  -12.484  72.780 0.0000000000
35222  17.947  -12.291  72.937 0.0000000000
35223  17.668  -12.277  72.414 0.0000000000
35224  17.271  -12.265  72.203 0.0000000000
35231  19.967  -12.183  71.317 0.0000000000
35232  19.233  -12.081  71.451 0.0000000000
35233  18.405  -12.110  71.384 0.0000000000
35234  17.623  -11.981  71.592 0.0000000000
35235  17.282  -12.298  72.132 0.0000000000
35236  17.318  -12.072  71.953 0.0000000000
35241  24.831  -10.027  70.136 0.0000000000
35246  20.608  -11.789  70.881 0.0000000000
35247  19.898  -11.713  71.246 0.0000000000
35248  18.336  -11.782  71.311 0.0000000000
35249  18.090  -11.789  71.254 0.0000000000
35251  12.951  -12.488  68.520 0.0000000000
35254  25.042  -10.074  70.033 0.0000000000
35255  25.069  -10.108  70.487 0.0000000000
35258  21.718  -11.377  70.755 0.0000000000
35259  21.255  -11.624  70.686 0.0000000000
35260  21.005  -11.946  70.619 0.0000000000
35263  13.158  -12.662  68.521 0.0000000000
35267  13.938  -12.639  68.468 0.0000000000
35332  5.722  -12.335  57.352 0.0000000000
35333  5.639  -12.515  57.574 0.0000000000
35355  7.070  -12.951  52.884 0.0000000000
35797  21.191  -11.053  72.956 0.0000000000
35798  20.558  -11.343  73.024 0.0000000000
35799  19.903  -11.576  73.122 0.0000000000
35800  19.183  -11.574  73.242 0.0000000000
35801  18.695  -11.950  73.285 0.0000000000
35803  23.412  -10.965  72.023 0.0000000000
35804  22.504  -11.065  72.341 0.0000000000
35805  21.735  -11.362  72.644 0.0000000000
35806  18.835  -11.156  72.942 0.0000000000
35807  18.450  -11.567  72.902 0.0000000000
35808  17.925  -11.705  72.534 0.0000000000
35809  17.689  -11.828  72.151 0.0000000000
35810  25.057  -9.391  70.378 0.0000000000
35816  18.970  -11.685  71.327 0.0000000000
35817  18.776  -11.855  71.340 0.0000000000
35818  17.463  -11.107  71.491 0.0000000000
35819  16.893  -11.524  71.914 0.0000000000
35820  17.191  -11.811  72.152 0.0000000000
35825  25.295  -9.853  70.039 0.0000000000
35827  22.786  -10.906  71.111 0.0000000000
35828  22.343  -10.555  71.220 0.0000000000
35829  21.647  -10.880  70.968 0.0000000000
35830  20.965  -11.022  70.884 0.0000000000
35831  20.235  -11.162  71.064 0.0000000000
35832  19.371  -11.365  71.183 0.0000000000
35833  18.523  -11.470  71.240 0.0000000000
35834  17.865  -11.421  71.220 0.0000000000
35839  25.415  -10.030  70.136 0.0000000000
35841  23.943  -10.921  70.806 0.0000000000
35843  21.473  -11.324  70.783 0.0000000000
35844  21.236  -11.278  70.804 0.0000000000
35860  15.679  -12.095  66.945 0.0000000000
35925  5.698  -12.199  57.758 0.0000000000
35953  8.499  -11.606  52.231 0.0000000000
36447  21.171  -10.795  72.362 0.0000000000
36448  20.699  -10.924  72.805 0.0000000000
36449  20.106  -11.087  72.879 0.0000000000
36450  19.654  -11.330  73.070 0.0000000000
36452  24.016  -9.709  71.361 0.0000000000
36453  23.407  -10.048  71.343 0.0000000000
36455  21.831  -10.451  72.607 0.0000000000
36456  21.012  -10.458  72.229 0.0000000000
36457  20.252  -10.576  72.235 0.0000000000
36458  19.555  -10.881  72.420 0.0000000000
36459  18.681  -10.803  72.363 0.0000000000
36460  18.009  -10.949  72.210 0.0000000000
36461  17.839  -11.324  72.353 0.0000000000
36462  25.931  -9.236  71.079 0.0000000000
36463  25.160  -8.927  70.974 0.0000000000
36466  17.820  -10.330  71.519 0.0000000000
36467  17.222  -10.670  72.023 0.0000000000
36468  17.315  -11.305  72.211 0.0000000000
36473  25.688  -9.486  70.182 0.0000000000
36474  25.824  -9.322  69.970 0.0000000000
36479  21.408  -10.159  71.137 0.0000000000
36480  20.725  -10.481  70.963 0.0000000000
36481  19.856  -10.727  71.091 0.0000000000
36482  19.090  -10.802  70.819 0.0000000000
36483  18.052  -10.830  70.842 0.0000000000
36490  25.512  -9.643  69.841 0.0000000000
36491  24.632  -9.629  69.995 0.0000000000
36492  23.981  -9.119  70.322 0.0000000000
36493  23.822  -9.203  70.603 0.0000000000
36564  7.131  -10.644  58.444 0.0000000000
37173  24.197  -8.991  71.263 0.0000000000
37175  22.972  -8.790  71.160 0.0000000000
37177  21.556  -9.600  72.206 0.0000000000
37178  20.777  -9.754  72.317 0.0000000000
37179  20.026  -9.932  72.048 0.0000000000
37180  19.128  -9.924  72.138 0.0000000000
37181  18.461  -10.199  72.131 0.0000000000
37182  26.252  -8.972  71.134 0.0000000000
37185  19.178  -9.790  70.983 0.0000000000
37186  18.755  -9.754  71.696 0.0000000000
37187  17.826  -10.104  72.052 0.0000000000
37192  27.873  -8.758  70.604 0.0000000000
37194  26.628  -9.060  70.535 0.0000000000
37195  26.229  -9.336  70.043 0.0000000000
37196  23.320  -8.724  70.540 0.0000000000
37197  23.110  -8.854  70.760 0.0000000000
37198  21.838  -8.761  70.499 0.0000000000
37201  19.552  -10.088  71.081 0.0000000000
37202  18.737  -10.091  71.020 0.0000000000
37209  10.643  -10.240  70.067 0.0000000000
37210  27.860  -8.737  70.213 0.0000000000
37211  27.440  -9.063  70.152 0.0000000000
37212  26.824  -9.104  69.904 0.0000000000
37218  22.473  -7.742  69.955 0.0000000000
37225  28.024  -9.004  69.907 0.0000000000
37226  27.445  -8.973  69.796 0.0000000000
37227  27.161  -8.943  69.752 0.0000000000
37238  9.737  -9.636  67.268 0.0000000000
37297  9.185  -9.725  55.205 0.0000000000
37303  9.685  -9.682  54.168 0.0000000000
37304  9.029  -10.111  54.421 0.0000000000
37939  26.868  -7.760  70.764 0.0000000000
37941  26.880  -7.951  71.022 0.0000000000
37943  24.496  -8.450  71.046 0.0000000000
37944  23.933  -8.397  71.449 0.0000000000
37946  22.513  -9.099  70.904 0.0000000000
37947  22.547  -8.732  71.309 0.0000000000
37948  21.267  -9.066  71.837 0.0000000000
37950  19.959  -9.311  72.081 0.0000000000
37951  27.213  -7.726  70.884 0.0000000000
37952  27.323  -7.942  71.039 0.0000000000
37953  26.753  -8.406  70.903 0.0000000000
37954  26.008  -8.597  70.964 0.0000000000
37956  22.505  -8.311  71.347 0.0000000000
37957  22.289  -8.394  71.137 0.0000000000
37958  22.003  -8.246  71.083 0.0000000000
37959  19.606  -9.333  71.470 0.0000000000
37960  19.552  -9.198  71.834 0.0000000000
37961  27.905  -8.388  70.346 0.0000000000
37962  27.532  -8.262  70.657 0.0000000000
37963  26.991  -8.806  70.883 0.0000000000
37965  23.043  -8.189  70.062 0.0000000000
37966  21.619  -9.158  70.613 0.0000000000
37967  21.623  -9.043  70.984 0.0000000000
37968  21.165  -9.664  70.636 0.0000000000
37969  20.182  -9.131  71.008 0.0000000000
37975  28.113  -8.389  70.032 0.0000000000
37976  26.786  -8.429  69.830 0.0000000000
37991  27.670  -8.532  69.751 0.0000000000
37992  27.109  -8.551  69.790 0.0000000000
37993  26.926  -8.826  69.779 0.0000000000
38064  8.204  -9.051  58.696 0.0000000000
38080  10.381  -8.683  54.347 0.0000000000
38737  24.962  -7.421  71.028 0.0000000000
38738  26.346  -7.750  70.410 0.0000000000
38743  22.759  -7.675  71.552 0.0000000000
38745  21.765  -8.016  70.966 0.0000000000
38746  20.909  -9.089  71.565 0.0000000000
38747  20.362  -8.935  71.617 0.0000000000
38748  19.952  -9.014  71.941 0.0000000000
38749  27.237  -7.822  70.572 0.0000000000
38750  27.603  -7.903  70.842 0.0000000000
38754  22.289  -7.963  71.266 0.0000000000
38755  21.989  -8.006  71.276 0.0000000000
38756  21.963  -8.022  71.093 0.0000000000
38757  20.918  -8.591  70.388 0.0000000000
38758  20.273  -9.058  71.265 0.0000000000
38759  19.939  -8.846  71.744 0.0000000000
38760  27.847  -8.007  70.406 0.0000000000
38761  27.694  -7.948  70.614 0.0000000000
38763  21.641  -7.678  70.343 0.0000000000
38764  20.928  -7.838  70.093 0.0000000000
38765  20.350  -8.477  70.874 0.0000000000
38769  27.331  -7.854  69.842 0.0000000000
38770  26.658  -8.157  69.909 0.0000000000
38775  22.264  -7.040  69.086 0.0000000000
38786  27.362  -8.269  69.798 0.0000000000
38787  27.112  -8.171  69.899 0.0000000000
38792  22.208  -6.769  68.286 0.0000000000
38812  21.987  -6.935  67.697 0.0000000000
38879  8.040  -8.275  58.539 0.0000000000
38905  10.470  -8.460  53.135 0.0000000000
39583  24.737  -6.952  71.351 0.0000000000
39587  23.202  -6.906  71.570 0.0000000000
39588  22.323  -6.967  71.467 0.0000000000
39589  21.743  -7.398  71.179 0.0000000000
39590  21.494  -7.938  70.973 0.0000000000
39591  20.923  -8.976  70.995 0.0000000000
39592  20.466  -9.051  71.043 0.0000000000
39596  23.695  -6.608  71.343 0.0000000000
39597  22.128  -6.598  71.222 0.0000000000
39598  21.746  -6.779  71.185 0.0000000000
39600  21.371  -7.871  70.867 0.0000000000
39601  20.962  -8.878  70.676 0.0000000000
39603  21.507  -7.509  70.478 0.0000000000
39607  26.525  -7.992  69.878 0.0000000000
40436  23.122  -6.685  71.440 0.0000000000
40437  22.879  -6.680  71.405 0.0000000000
40438  23.282  -6.496  71.279 0.0000000000
40440  21.993  -6.359  70.906 0.0000000000
40441  21.516  -6.657  70.727 0.0000000000
40442  21.286  -6.966  70.783 0.0000000000
40446  22.437  -6.091  70.439 0.0000000000
40447  21.732  -6.227  70.155 0.0000000000
40448  21.470  -6.777  70.139 0.0000000000
40449  21.367  -7.009  70.410 0.0000000000
40511  5.415  -4.695  64.776 0.0000000000
41291  5.395  -4.509  65.004 0.0000000000
41296  5.334  -4.458  64.778 0.0000000000
88969  5.386  -21.879  69.105 0.0000000000
88976  5.313  -21.748  69.068 0.0000000000
88983  -0.764  -20.094  71.940 0.0000000000
89880  26.021  -7.641  70.323 0.0000000000
89881  25.265  -6.972  68.896 0.0000000000
89884  25.158  -7.044  68.661 0.0000000000
89896  23.318  -5.155  67.363 0.0000000000
