#!ascii label  , from subject TEMPLATE vox2ras=TkReg
1860
28570  31.639  -24.919  60.172 0.5555559993
26909  33.110  -27.158  59.473 0.4444440007
27445  32.196  -26.178  59.965 0.4444440007
26898  32.502  -26.838  59.886 0.4444440007
26900  30.992  -27.029  60.113 0.5555559993
27446  31.490  -26.222  60.280 0.4444440007
28009  31.872  -25.435  60.077 0.5555559993
28010  31.221  -25.402  60.382 0.5555559993
26911  31.351  -27.682  59.620 0.4444440007
28571  31.260  -24.435  60.200 0.4444440007
28572  30.646  -24.245  60.399 0.4444440007
28011  30.354  -25.144  60.757 0.4444440007
28019  32.522  -25.390  59.689 0.5555559993
27457  32.973  -26.189  59.815 0.4444440007
27447  30.677  -26.230  60.538 0.5555559993
26349  30.506  -27.885  59.808 0.4444440007
26360  30.946  -28.595  59.364 0.4444440007
25786  30.625  -29.605  59.147 0.2222220004
25229  31.117  -30.221  58.508 0.1111110002
29129  31.025  -23.891  60.258 0.3333329856
28581  31.676  -23.911  59.850 0.4444440007
28018  33.236  -25.386  59.202 0.4444440007
28579  32.786  -24.647  59.300 0.4444440007
28580  32.040  -24.505  59.694 0.4444440007
27456  33.669  -26.266  59.376 0.4444440007
26902  29.183  -27.231  60.312 0.5555559993
25776  30.141  -28.895  59.700 0.4444440007
26350  29.635  -28.099  60.040 0.4444440007
28586  34.125  -24.441  58.165 0.4444440007
29149  33.401  -23.814  59.004 0.4444440007
29141  31.788  -23.714  60.004 0.3333329856
28591  34.277  -24.940  57.805 0.3333329856
28021  34.068  -25.452  58.235 0.4444440007
28022  33.592  -25.101  58.551 0.4444440007
29127  32.487  -23.243  60.103 0.4444440007
29128  31.605  -23.439  60.223 0.3333329856
29115  31.243  -23.019  60.684 0.3333329856
27455  34.207  -26.214  58.826 0.3333329856
29661  32.840  -22.689  60.389 0.3333329856
29662  32.274  -22.801  60.483 0.3333329856
29650  31.802  -22.482  60.916 0.3333329856
26907  34.314  -26.796  58.485 0.2222220004
26908  34.056  -27.039  59.138 0.2222220004
25787  29.824  -29.934  59.530 0.1111110002
29146  35.549  -23.254  58.158 0.4444440007
29677  35.329  -22.854  58.525 0.5555559993
29678  34.660  -23.011  58.724 0.4444440007
29153  35.192  -23.956  57.800 0.3333329856
29147  34.901  -23.721  58.164 0.4444440007
29669  34.205  -22.667  59.213 0.4444440007
29668  35.008  -22.342  59.024 0.4444440007
28590  34.843  -24.451  57.610 0.3333329856
28585  34.613  -24.203  57.966 0.4444440007
29148  33.876  -23.549  58.786 0.4444440007
28026  34.492  -25.464  57.631 0.3333329856
29670  33.624  -22.789  59.528 0.4444440007
27463  34.827  -26.292  57.473 0.2222220004
29126  33.023  -23.169  60.067 0.3333329856
29651  30.890  -22.657  61.167 0.2222220004
29676  36.039  -22.695  58.208 0.4444440007
30229  35.681  -22.026  58.710 0.5555559993
29151  36.541  -23.292  57.437 0.3333329856
30221  35.367  -21.587  59.308 0.5555559993
29159  36.142  -24.156  57.071 0.3333329856
30222  34.696  -21.892  59.580 0.5555559993
28031  36.696  -25.487  56.403 0.2222220004
28024  35.834  -25.448  56.635 0.2222220004
28025  35.016  -25.408  57.003 0.2222220004
30213  34.527  -21.464  60.317 0.4444440007
29659  33.995  -22.162  59.839 0.5555559993
27461  36.226  -26.349  56.539 0.1111110002
29684  36.485  -22.971  57.764 0.4444440007
29683  37.050  -22.815  57.397 0.3333329856
30220  36.012  -21.232  59.025 0.5555559993
29157  37.667  -23.663  56.407 0.3333329856
29158  36.768  -23.716  56.960 0.3333329856
30761  35.635  -20.854  59.646 0.4444440007
30212  35.033  -21.220  59.793 0.5555559993
28595  38.064  -24.518  56.101 0.1111110002
28596  37.162  -24.557  56.383 0.2222220004
28597  36.330  -24.620  56.651 0.2222220004
30752  35.864  -20.091  59.999 0.3333329856
28029  38.450  -25.385  55.854 0.1111110002
28030  37.586  -25.462  56.142 0.1111110002
27468  37.140  -26.531  56.283 0.1111110002
26923  36.281  -27.903  56.425 0.1111110002
26922  37.044  -27.651  56.234 0.1111110002
26373  36.037  -28.805  56.410 0.1111110002
25808  36.591  -29.553  56.160 0.1111110002
30228  36.427  -21.760  58.520 0.5555559993
29675  36.841  -22.310  58.037 0.5555559993
29682  37.639  -22.408  57.040 0.5555559993
30759  36.848  -20.012  58.953 0.6666669846
30760  36.281  -20.448  59.353 0.5555559993
29156  38.564  -23.598  56.082 0.4444440007
29688  38.132  -22.671  56.424 0.4444440007
28593  39.660  -24.209  55.712 0.3333329856
29155  39.348  -23.620  55.831 0.3333329856
28602  39.604  -24.778  55.521 0.3333329856
27467  38.084  -26.326  55.980 0.1111110002
26921  37.796  -27.321  55.914 0.1111110002
26372  36.822  -28.617  56.108 0.1111110002
30234  37.457  -21.938  57.604 0.6666669846
30227  37.145  -21.416  58.247 0.6666669846
30767  36.707  -20.896  58.779 0.6666669846
30233  38.062  -21.604  56.935 0.5555559993
29687  39.140  -22.666  55.810 0.3333329856
28601  40.299  -24.511  55.527 0.3333329856
29686  39.657  -23.156  55.691 0.3333329856
30770  37.742  -21.004  57.772 0.6666669846
30766  37.365  -20.503  58.446 0.6666669846
30240  38.582  -21.858  56.161 0.5555559993
30778  38.675  -20.961  56.398 0.5555559993
30765  37.989  -20.053  58.041 0.7777780294
29696  39.623  -22.205  55.603 0.4444440007
29163  40.828  -23.613  55.601 0.3333329856
30247  39.948  -21.888  55.487 0.4444440007
30239  39.324  -21.581  55.805 0.6666669846
29162  41.834  -23.594  55.191 0.4444440007
29695  40.127  -22.720  55.506 0.4444440007
30769  38.309  -20.510  57.240 0.6666669846
30238  40.082  -21.126  55.569 0.6666669846
30777  39.389  -20.490  55.978 0.6666669846
31326  38.515  -19.521  57.541 0.6666669846
30246  40.648  -21.862  55.388 0.4444440007
29694  41.182  -22.695  55.357 0.4444440007
29161  42.343  -23.067  54.970 0.5555559993
31334  38.822  -19.953  56.690 0.6666669846
31333  39.442  -19.443  56.218 0.6666669846
30237  40.950  -20.958  55.420 0.5555559993
30245  41.532  -21.791  55.377 0.5555559993
30244  42.379  -21.713  55.345 0.5555559993
30785  40.732  -19.765  55.471 0.6666669846
31332  39.958  -18.953  55.772 0.6666669846
30775  41.239  -20.016  55.471 0.6666669846
30776  40.252  -20.006  55.551 0.6666669846
30236  41.852  -20.928  55.539 0.5555559993
31907  39.573  -18.398  56.562 0.5555559993
29691  43.401  -21.995  54.774 0.5555559993
29692  42.868  -22.510  54.863 0.5555559993
30242  43.776  -21.409  54.811 0.5555559993
31338  41.081  -19.258  55.486 0.7777780294
31339  40.581  -19.353  55.544 0.6666669846
31913  40.599  -18.524  55.612 0.6666669846
30774  42.186  -20.136  55.759 0.6666669846
31331  41.747  -19.398  55.663 0.6666669846
31906  40.002  -18.158  55.956 0.6666669846
30243  43.111  -21.537  55.181 0.5555559993
30783  42.685  -20.874  55.623 0.6666669846
31912  41.378  -18.631  55.534 0.7777780294
32464  40.917  -18.077  55.516 0.6666669846
30773  42.992  -20.137  56.114 0.6666669846
30780  44.615  -20.045  54.707 0.6666669846
30782  43.418  -20.709  55.486 0.6666669846
30788  44.308  -20.924  54.419 0.6666669846
31911  41.889  -18.352  55.589 0.6666669846
32462  42.040  -17.841  55.566 0.6666669846
32457  41.591  -17.185  55.590 0.6666669846
31330  42.454  -19.390  55.984 0.7777780294
31904  42.535  -18.479  55.911 0.6666669846
31341  44.788  -19.521  53.954 0.7777780294
30772  43.817  -19.976  56.050 0.7777780294
31329  43.224  -19.227  56.270 0.7777780294
30781  44.110  -20.462  55.230 0.6666669846
31903  43.417  -18.247  56.201 0.8888890147
32456  42.605  -17.358  55.931 0.8888890147
31917  45.222  -18.365  54.086 0.7777780294
31910  44.662  -18.827  55.739 0.8888890147
31328  44.064  -19.005  56.122 0.8888890147
31922  45.457  -19.299  53.496 0.7777780294
31336  45.009  -19.148  54.982 0.7777780294
31337  44.457  -19.609  55.566 0.7777780294
31345  46.148  -19.776  53.240 0.6666669846
32455  43.629  -17.258  56.309 0.7777780294
33045  42.854  -16.196  56.541 0.6666669846
33044  44.052  -16.308  56.403 0.8888890147
32453  44.912  -17.306  55.477 0.8888890147
32454  44.455  -17.197  56.012 0.8888890147
31916  45.843  -17.785  53.366 0.7777780294
31909  44.979  -18.135  55.350 0.8888890147
31902  44.372  -18.066  56.115 0.8888890147
31921  45.928  -18.753  53.153 0.7777780294
31344  46.775  -19.290  52.909 0.6666669846
32469  45.734  -17.306  54.152 0.8888890147
32461  45.320  -17.408  54.856 0.8888890147
33042  45.205  -16.894  55.187 0.8888890147
33043  44.884  -16.462  55.628 0.8888890147
33650  44.442  -15.371  55.881 0.8888890147
32468  46.091  -17.093  53.600 0.8888890147
33052  45.169  -15.699  55.351 0.8888890147
31920  46.635  -18.059  52.784 0.6666669846
34215  43.909  -14.592  56.094 0.6666669846
33057  46.078  -16.799  54.156 0.8888890147
33050  46.162  -16.063  54.382 0.8888890147
33051  45.773  -16.392  54.787 0.8888890147
34219  45.232  -14.348  54.742 0.8888890147
33656  44.957  -15.007  55.240 0.7777780294
34220  44.416  -14.273  55.365 0.6666669846
31915  46.140  -17.447  53.068 0.8888890147
32467  46.384  -17.051  52.985 0.8888890147
33056  46.393  -16.289  53.829 0.8888890147
34772  44.849  -13.393  54.851 0.5555559993
33654  46.190  -15.490  54.360 0.8888890147
34218  45.840  -14.731  54.465 0.8888890147
33658  46.722  -15.738  53.001 0.8888890147
33055  46.638  -16.504  52.883 0.8888890147
33060  47.077  -16.244  52.380 0.8888890147
32473  47.214  -17.211  52.492 0.7777780294
31919  47.555  -18.063  52.594 0.7777780294
35347  45.841  -12.145  53.749 0.5555559993
35342  45.231  -12.494  54.327 0.4444440007
33659  46.641  -15.222  53.623 0.7777780294
34223  45.617  -14.190  54.096 0.8888890147
34776  45.345  -13.495  54.199 0.7777780294
35935  44.644  -11.676  54.617 0.2222220004
32479  47.549  -16.670  52.194 0.6666669846
32472  47.886  -17.710  52.435 0.6666669846
32478  48.164  -17.158  52.010 0.7777780294
34222  46.208  -14.463  53.813 0.7777780294
35943  45.392  -11.350  53.728 0.3333329856
33663  46.856  -14.950  52.954 0.8888890147
34775  45.938  -13.543  53.723 0.6666669846
35341  45.712  -12.862  53.852 0.7777780294
33662  47.142  -15.178  52.245 0.8888890147
33066  47.744  -15.962  51.792 0.7777780294
32477  48.922  -17.265  51.358 0.6666669846
33065  48.591  -16.257  51.259 0.7777780294
33064  49.349  -16.580  50.724 0.6666669846
33666  49.548  -15.906  50.290 0.5555559993
36582  45.996  -10.583  53.149 0.2222220004
34226  47.248  -14.253  52.609 0.8888890147
34227  46.777  -14.323  53.200 0.7777780294
34780  46.640  -13.512  53.358 0.7777780294
35346  46.395  -12.579  53.451 0.7777780294
36583  45.525  -10.203  53.625 0.1111110002
34779  47.318  -13.476  52.930 0.8888890147
34233  47.765  -14.205  51.929 0.8888890147
33668  48.313  -15.014  51.144 0.7777780294
33667  49.124  -15.354  50.631 0.7777780294
33069  49.757  -17.071  50.685 0.4444440007
33672  49.782  -15.059  50.412 0.6666669846
33063  49.522  -16.390  50.415 0.4444440007
32487  50.233  -17.043  50.025 0.2222220004
32482  50.609  -17.972  50.395 0.2222220004
33072  50.544  -16.250  49.748 0.3333329856
32486  50.796  -17.497  49.909 0.2222220004
33071  51.144  -16.604  49.458 0.2222220004
32492  51.590  -17.423  49.309 0.2222220004
33076  51.578  -16.336  48.857 0.2222220004
32491  52.160  -17.350  48.642 0.2222220004
32496  52.747  -17.203  47.892 0.2222220004
35942  46.293  -11.464  53.116 0.3333329856
37307  46.398  -9.554  53.100 0.2222220004
35941  46.929  -11.906  52.940 0.6666669846
34785  47.933  -13.464  52.465 0.8888890147
35345  47.195  -12.620  53.036 0.7777780294
34232  48.462  -14.201  51.537 0.8888890147
34231  49.292  -14.261  51.227 0.7777780294
34237  49.725  -14.548  50.774 0.7777780294
34236  50.454  -14.317  50.678 0.6666669846
34244  50.791  -14.652  50.231 0.5555559993
33671  50.166  -15.357  50.028 0.5555559993
33678  50.827  -15.191  49.872 0.3333329856
33682  51.707  -15.553  48.974 0.3333329856
33681  51.887  -15.336  48.335 0.3333329856
33075  52.032  -16.502  48.196 0.2222220004
37306  47.064  -9.172  52.707 0.4444440007
36592  46.695  -10.339  52.514 0.3333329856
35951  46.987  -11.218  52.504 0.5555559993
35351  49.321  -12.716  52.143 0.8888890147
35352  48.613  -12.653  52.315 0.7777780294
35949  48.541  -11.777  52.217 0.7777780294
35950  47.638  -11.685  52.375 0.6666669846
35947  49.980  -11.938  51.969 0.8888890147
34783  49.333  -13.554  51.930 0.8888890147
35350  50.072  -12.814  52.176 0.8888890147
34782  50.075  -13.568  51.749 0.8888890147
34230  50.062  -14.050  51.196 0.7777780294
35358  50.568  -12.735  51.654 0.8888890147
34790  50.658  -13.494  51.332 0.8888890147
34235  51.141  -14.133  50.520 0.7777780294
34243  51.415  -14.430  50.046 0.4444440007
33677  51.358  -15.454  49.443 0.3333329856
37314  46.855  -9.589  52.571 0.4444440007
36591  47.644  -10.535  51.981 0.5555559993
37313  47.400  -9.431  52.021 0.5555559993
35948  49.309  -11.861  52.134 0.8888890147
35957  50.369  -12.154  51.746 0.8888890147
34789  51.353  -13.514  50.987 0.6666669846
34793  52.193  -13.543  50.107 0.6666669846
34798  52.667  -13.480  49.298 0.5555559993
35371  53.694  -12.439  48.605 0.5555559993
36601  47.968  -9.825  51.576 0.6666669846
36590  48.497  -10.893  51.918 0.7777780294
36589  49.292  -10.976  51.906 0.8888890147
35956  50.949  -11.762  51.539 0.8888890147
35955  51.647  -11.679  51.037 0.7777780294
35361  52.222  -12.544  50.313 0.7777780294
35965  52.381  -11.690  49.839 0.7777780294
35357  51.204  -12.629  51.299 0.7777780294
35356  51.837  -12.554  50.901 0.7777780294
34788  52.025  -13.251  50.734 0.6666669846
35366  52.624  -12.548  49.703 0.5555559993
35969  53.534  -11.519  48.760 0.6666669846
36620  54.252  -10.681  47.489 0.4444440007
36600  48.456  -10.248  51.237 0.5555559993
36599  49.102  -10.641  51.102 0.5555559993
37320  48.549  -9.458  51.345 0.5555559993
36588  49.945  -11.204  51.818 0.8888890147
35946  50.470  -11.573  51.752 0.8888890147
36587  50.298  -11.344  51.835 0.8888890147
36596  51.533  -10.904  51.391 0.8888890147
35961  52.048  -11.684  50.425 0.7777780294
35964  52.962  -11.560  49.344 0.7777780294
36615  53.722  -10.601  48.143 0.6666669846
37337  53.901  -9.764  47.470 0.6666669846
38117  54.364  -9.129  46.930 0.6666669846
36598  49.956  -10.709  50.922 0.7777780294
36597  50.721  -10.774  51.661 0.8888890147
36611  52.222  -11.121  50.033 0.7777780294
37335  53.066  -9.809  48.996 0.7777780294
36616  53.183  -10.605  48.798 0.6666669846
37334  53.391  -9.502  48.191 0.6666669846
38108  53.527  -8.223  48.072 0.7777780294
38948  54.470  -8.218  46.964 0.8888890147
37317  50.727  -9.722  50.820 0.8888890147
37316  51.396  -10.070  50.941 0.8888890147
36604  52.054  -10.527  50.402 0.7777780294
36603  52.239  -10.054  49.645 0.7777780294
36610  52.557  -10.613  49.516 0.7777780294
37331  52.562  -9.564  49.224 0.8888890147
38109  53.132  -8.862  48.810 0.8888890147
37324  51.712  -9.417  50.212 0.8888890147
37323  52.078  -9.467  49.608 0.8888890147
38105  52.562  -8.607  49.194 0.7777780294
37325  51.325  -9.295  50.638 0.6666669846
38099  51.926  -8.525  49.525 0.6666669846
28000  29.508  -25.024  61.112 0.4444440007
27448  29.748  -26.259  60.704 0.4444440007
29116  30.664  -23.408  60.364 0.2222220004
30203  31.554  -21.824  61.672 0.2222220004
29117  29.826  -23.307  60.004 0.2222220004
26901  30.118  -27.131  60.274 0.5555559993
25239  31.017  -31.100  58.238 0.1111110002
28558  30.035  -24.282  60.596 0.3333329856
27999  30.007  -24.779  60.972 0.4444440007
29140  32.070  -23.693  59.810 0.4444440007
28017  33.818  -25.657  58.896 0.4444440007
28587  33.368  -24.347  58.858 0.4444440007
29139  33.082  -23.606  59.539 0.4444440007
29138  33.674  -23.125  59.227 0.4444440007
27459  34.451  -26.197  58.130 0.2222220004
26914  34.003  -27.381  58.262 0.2222220004
29152  35.816  -23.680  57.621 0.3333329856
28589  35.624  -24.590  57.029 0.2222220004
29660  33.352  -22.618  60.067 0.4444440007
29652  30.000  -22.502  60.494 0.2222220004
26916  36.507  -27.121  56.461 0.1111110002
29689  37.460  -23.049  56.844 0.3333329856
28594  38.986  -24.493  55.816 0.3333329856
29164  40.002  -23.635  55.679 0.3333329856
29693  42.044  -22.566  55.196 0.5555559993
30784  40.916  -19.601  55.454 0.6666669846
31905  42.023  -18.867  55.733 0.7777780294
32458  40.470  -17.328  55.832 0.6666669846
31901  44.695  -17.691  55.767 0.8888890147
31343  47.428  -18.864  52.532 0.6666669846
33655  45.624  -15.257  54.950 0.8888890147
36576  44.820  -10.670  54.163 0.2222220004
33669  47.706  -14.913  51.564 0.7777780294
35353  47.881  -12.613  52.570 0.7777780294
34239  47.981  -14.454  51.527 0.8888890147
32483  50.201  -17.526  50.572 0.3333329856
33068  49.785  -16.596  50.195 0.3333329856
31934  50.963  -18.455  50.274 0.2222220004
31942  52.954  -18.288  47.558 0.2222220004
34784  48.593  -13.483  52.109 0.8888890147
33676  51.918  -15.061  49.087 0.3333329856
34794  51.638  -13.782  50.512 0.5555559993
34242  52.047  -14.433  49.553 0.4444440007
35365  53.172  -12.454  49.142 0.6666669846
34797  53.171  -13.109  48.788 0.4444440007
34247  52.382  -14.428  48.899 0.3333329856
35968  54.085  -11.532  48.193 0.5555559993
38112  54.014  -8.697  47.525 0.7777780294
38944  54.200  -7.422  47.393 0.8888890147
38939  53.184  -7.584  48.740 0.8888890147
28012  29.740  -25.592  60.962 0.4444440007
27434  29.301  -25.854  60.968 0.4444440007
26351  28.654  -28.249  60.068 0.4444440007
23597  7.769  -33.697  62.112 0.1111110002
22468  7.637  -35.313  61.241 0.1111110002
23053  7.890  -34.543  61.746 0.1111110002
24115  8.308  -32.783  62.338 0.1111110002
20159  6.051  -38.951  58.858 0.1111110002
31323  37.456  -19.553  58.584 0.5555559993
89094  10.687  -38.859  60.923 0.1111110002
21325  7.045  -37.358  60.488 0.1111110002
21907  8.109  -36.417  61.461 0.1111110002
22467  8.284  -35.429  61.679 0.1111110002
20158  6.728  -39.522  59.191 0.1111110002
20745  6.632  -38.335  59.815 0.1111110002
21908  7.180  -36.274  60.714 0.1111110002
23596  8.635  -33.644  62.374 0.1111110002
20164  6.448  -39.998  58.532 0.1111110002
21329  6.703  -37.645  60.095 0.1111110002
18911  5.976  -41.030  56.829 0.1111110002
19575  5.956  -40.517  57.461 0.1111110002
20165  5.817  -39.533  58.300 0.1111110002
20746  6.105  -38.334  59.242 0.1111110002
18921  5.976  -41.493  56.105 0.1111110002
31320  36.459  -19.611  59.599 0.4444440007
21893  12.470  -36.450  62.612 0.2222220004
20725  11.775  -37.910  61.432 0.1111110002
89089  10.332  -38.511  60.832 0.1111110002
21323  7.698  -37.398  61.015 0.1111110002
23052  8.480  -34.839  61.949 0.1111110002
23045  8.892  -34.529  62.315 0.1111110002
20740  6.946  -38.132  60.317 0.1111110002
23046  8.292  -34.275  62.171 0.1111110002
21887  12.765  -36.608  63.453 0.3333329856
24655  9.824  -31.791  62.199 0.1111110002
24114  9.399  -32.823  62.460 0.1111110002
18920  6.354  -42.050  56.458 0.1111110002
19568  6.277  -40.354  58.177 0.1111110002
19567  6.957  -40.597  58.453 0.1111110002
18288  5.989  -42.081  55.492 0.1111110002
18287  6.339  -42.584  55.860 0.1111110002
31319  36.887  -19.108  59.065 0.5555559993
31317  35.492  -19.760  60.705 0.2222220004
31313  35.132  -19.369  61.416 0.2222220004
21894  11.348  -36.386  62.357 0.2222220004
89093  10.620  -38.058  60.686 0.1111110002
18883  9.143  -40.574  60.956 0.1111110002
21321  8.787  -37.461  61.594 0.1111110002
21322  8.391  -37.443  61.452 0.1111110002
22464  8.824  -35.520  62.189 0.1111110002
23595  9.334  -33.789  62.497 0.1111110002
21900  12.576  -35.918  62.789 0.3333329856
20735  8.403  -38.491  60.778 0.1111110002
20146  7.811  -38.785  60.484 0.1111110002
20152  7.254  -38.965  60.180 0.1111110002
24113  10.496  -32.346  62.197 0.1111110002
24106  9.701  -33.373  62.597 0.1111110002
22445  13.102  -35.927  63.153 0.3333329856
22444  13.386  -35.680  63.126 0.3333329856
20145  8.156  -39.378  60.229 0.1111110002
20157  7.448  -40.036  59.301 0.1111110002
19561  7.370  -40.314  59.008 0.1111110002
22451  13.402  -34.874  63.179 0.3333329856
18897  7.979  -41.601  59.169 0.1111110002
19555  8.373  -40.296  60.036 0.1111110002
19566  7.692  -40.871  58.759 0.1111110002
18274  7.018  -42.514  57.278 0.1111110002
18909  7.194  -41.882  57.643 0.1111110002
18910  6.506  -41.582  57.140 0.1111110002
17640  6.834  -43.424  56.426 0.1111110002
18275  6.638  -42.533  56.699 0.1111110002
18299  6.231  -43.008  55.324 0.1111110002
17650  6.211  -43.239  54.939 0.1111110002
27980  24.350  -25.226  62.466 0.2222220004
31889  36.187  -18.509  60.416 0.2222220004
28549  24.558  -24.464  61.776 0.2222220004
31316  36.065  -19.264  60.248 0.2222220004
31890  35.712  -18.899  60.895 0.2222220004
31887  34.668  -18.893  62.071 0.1111110002
89091  9.964  -37.229  61.906 0.1111110002
21896  9.408  -36.640  62.428 0.1111110002
22455  9.651  -35.575  62.520 0.1111110002
23039  10.270  -34.607  62.756 0.1111110002
22452  12.714  -35.343  62.940 0.3333329856
22462  12.277  -35.560  62.749 0.3333329856
89092  9.041  -37.868  61.143 0.1111110002
22456  9.109  -36.093  62.375 0.1111110002
22463  9.208  -35.058  62.431 0.1111110002
23044  9.537  -34.568  62.548 0.1111110002
24105  10.256  -33.074  62.670 0.1111110002
23026  13.860  -34.036  63.875 0.3333329856
27415  23.178  -26.363  62.829 0.2222220004
27982  23.243  -25.369  62.934 0.2222220004
31322  38.097  -19.088  58.243 0.6666669846
27981  23.969  -25.413  62.626 0.3333329856
31325  39.043  -19.003  57.043 0.6666669846
28536  24.328  -24.931  62.490 0.2222220004
29121  23.823  -24.022  60.746 0.2222220004
29122  23.640  -23.216  60.148 0.1111110002
23038  11.182  -34.484  62.963 0.2222220004
23591  10.679  -33.657  63.105 0.1111110002
21895  10.298  -36.480  62.454 0.1111110002
23592  9.904  -33.836  62.802 0.1111110002
23588  13.429  -33.840  63.860 0.3333329856
23580  14.048  -33.470  64.230 0.3333329856
24090  14.797  -31.807  64.723 0.3333329856
26315  16.034  -28.957  63.687 0.1111110002
25746  16.388  -29.598  64.238 0.1111110002
26329  16.624  -28.484  63.164 0.1111110002
31892  36.959  -18.343  59.206 0.4444440007
31893  36.560  -18.650  59.750 0.4444440007
26871  18.172  -27.897  63.166 0.1111110002
26895  19.257  -27.193  61.358 0.1111110002
27453  20.392  -26.124  60.617 0.1111110002
31898  39.185  -18.214  57.299 0.6666669846
28537  23.983  -24.244  63.123 0.2222220004
28539  22.377  -24.553  63.109 0.1111110002
28550  24.195  -23.758  62.351 0.2222220004
29110  23.924  -23.360  61.512 0.2222220004
31305  33.830  -19.443  62.677 0.1111110002
31306  33.031  -19.549  63.255 0.1111110002
29134  24.036  -22.900  59.306 0.1111110002
31877  33.011  -18.468  63.028 0.1111110002
31296  32.402  -19.192  63.029 0.1111110002
29672  25.600  -21.854  58.152 0.1111110002
31297  31.876  -19.215  62.750 0.1111110002
31298  31.437  -19.187  62.606 0.1111110002
30756  27.199  -20.029  59.055 0.1111110002
31879  31.331  -18.440  62.647 0.1111110002
29644  27.564  -20.726  60.298 0.1111110002
30195  26.716  -19.803  60.332 0.1111110002
23037  12.055  -34.306  63.341 0.2222220004
23590  11.445  -33.553  63.637 0.1111110002
24098  12.591  -32.410  63.770 0.2222220004
24099  11.821  -32.878  63.710 0.1111110002
24097  13.850  -32.234  64.465 0.1111110002
25177  14.502  -30.412  64.621 0.1111110002
25747  15.341  -29.524  64.250 0.1111110002
26340  17.012  -28.086  62.673 0.1111110002
31885  36.014  -18.041  61.004 0.2222220004
31886  35.379  -18.448  61.561 0.1111110002
26896  18.338  -27.455  61.328 0.1111110002
27440  20.910  -26.429  61.019 0.1111110002
27984  22.335  -25.140  62.173 0.1111110002
30724  32.518  -19.901  62.988 0.1111110002
28538  23.062  -24.574  63.347 0.1111110002
30725  31.991  -19.688  62.692 0.1111110002
30736  31.168  -19.932  62.313 0.1111110002
31308  30.167  -19.350  62.280 0.1111110002
30737  29.951  -20.494  61.840 0.1111110002
28528  23.360  -23.917  64.038 0.1111110002
30738  28.749  -20.466  61.634 0.1111110002
29101  23.995  -23.079  62.604 0.1111110002
31309  29.176  -19.493  61.976 0.1111110002
30218  24.914  -20.888  59.248 0.1111110002
31307  30.898  -19.079  62.500 0.1111110002
31880  30.354  -18.447  62.516 0.1111110002
30739  27.760  -20.098  61.474 0.1111110002
30740  27.047  -19.546  61.118 0.1111110002
25178  13.861  -30.567  64.311 0.1111110002
24634  13.381  -31.332  64.037 0.1111110002
25734  14.667  -29.806  64.547 0.1111110002
25189  13.176  -30.992  63.548 0.1111110002
26330  15.771  -28.429  62.883 0.1111110002
26341  16.406  -28.151  62.625 0.1111110002
31899  38.615  -18.477  57.786 0.4444440007
31895  38.096  -18.285  58.345 0.6666669846
27428  21.885  -25.956  61.450 0.1111110002
32451  38.907  -17.836  57.624 0.4444440007
27983  22.710  -25.382  62.696 0.1111110002
31310  28.186  -19.416  61.785 0.1111110002
29645  23.980  -21.970  60.776 0.1111110002
30194  27.528  -20.454  60.832 0.1111110002
25735  14.117  -29.966  64.284 0.1111110002
26884  17.580  -27.813  62.120 0.1111110002
31896  37.484  -18.536  58.702 0.4444440007
32443  36.813  -18.017  59.550 0.3333329856
28529  22.564  -24.004  63.875 0.1111110002
32450  39.510  -17.273  57.142 0.4444440007
32447  37.801  -17.917  58.600 0.4444440007
32439  36.607  -17.665  60.150 0.2222220004
32442  37.393  -17.495  59.251 0.4444440007
32435  36.223  -17.090  61.039 0.1111110002
28527  23.616  -23.584  63.704 0.1111110002
32438  37.082  -17.096  59.940 0.2222220004
33025  36.880  -16.527  60.399 0.2222220004
32436  35.562  -17.496  61.601 0.1111110002
33024  37.354  -16.663  59.851 0.3333329856
33018  36.300  -16.279  60.990 0.1111110002
33019  35.471  -16.456  61.555 0.1111110002
33010  35.095  -16.627  61.856 0.1111110002
33020  34.998  -16.064  61.678 0.1111110002
33633  37.111  -15.996  60.422 0.1111110002
33623  36.853  -15.718  60.665 0.2222220004
33624  35.946  -15.614  61.068 0.1111110002
33632  37.557  -15.745  60.116 0.1111110002
34187  37.187  -15.131  60.637 0.1111110002
34188  36.429  -14.914  60.768 0.1111110002
34189  35.475  -14.839  60.729 0.1111110002
33625  35.041  -15.601  61.297 0.1111110002
34198  37.694  -14.627  60.314 0.1111110002
34737  36.981  -14.234  60.612 0.1111110002
34746  37.626  -13.592  60.342 0.1111110002
26316  15.130  -29.105  63.321 0.1111110002
25748  14.497  -29.461  63.917 0.1111110002
28530  22.000  -23.912  63.478 0.1111110002
27992  21.864  -24.764  61.420 0.1111110002
31875  34.893  -17.895  62.076 0.1111110002
33039  39.891  -15.933  56.934 0.4444440007
32446  38.330  -17.364  58.208 0.4444440007
29091  23.665  -23.054  63.366 0.1111110002
32426  35.073  -17.013  62.011 0.1111110002
32427  34.317  -17.247  62.185 0.1111110002
29639  23.996  -21.987  61.911 0.1111110002
32441  37.839  -16.936  58.889 0.4444440007
33028  38.021  -16.481  58.733 0.4444440007
33637  37.780  -15.926  59.596 0.2222220004
30193  28.119  -21.203  61.274 0.1111110002
30210  24.727  -20.749  60.140 0.1111110002
33631  37.983  -15.504  59.772 0.1111110002
30209  25.734  -19.635  59.660 0.1111110002
34197  38.191  -15.035  59.844 0.1111110002
35312  37.584  -12.599  60.475 0.1111110002
35894  37.073  -12.474  60.865 0.1111110002
32445  38.847  -16.781  57.721 0.4444440007
31876  34.014  -18.236  62.403 0.1111110002
29630  23.838  -22.035  62.891 0.1111110002
34210  41.285  -14.176  56.229 0.2222220004
33647  40.622  -15.017  56.527 0.1111110002
33033  38.557  -16.141  58.148 0.3333329856
30196  24.996  -19.428  60.318 0.1111110002
32428  33.417  -17.385  62.510 0.1111110002
33636  38.051  -15.618  59.214 0.2222220004
34201  38.468  -14.470  59.085 0.1111110002
34745  38.330  -14.015  59.847 0.1111110002
35311  38.332  -12.930  59.898 0.1111110002
30197  24.673  -20.801  61.163 0.1111110002
34762  41.831  -13.449  56.307 0.2222220004
30741  26.297  -18.988  61.172 0.1111110002
30183  25.645  -19.027  60.796 0.1111110002
33641  38.619  -14.969  58.280 0.1111110002
34752  39.010  -13.326  58.979 0.1111110002
33032  39.142  -16.318  57.464 0.3333329856
35329  42.324  -12.941  56.146 0.3333329856
33640  39.083  -15.409  57.477 0.2222220004
35335  42.986  -12.488  55.911 0.2222220004
35922  42.347  -11.872  56.333 0.2222220004
34204  39.119  -14.294  57.590 0.1111110002
35927  43.080  -11.456  55.786 0.1111110002
33648  39.723  -14.731  56.939 0.1111110002
35937  43.721  -10.222  54.638 0.1111110002
35932  43.408  -10.750  55.110 0.1111110002
34763  40.873  -12.745  56.446 0.1111110002
34211  40.264  -13.919  56.463 0.1111110002
35330  41.602  -12.273  56.826 0.1111110002
35926  43.558  -12.201  55.613 0.1111110002
37301  44.557  -9.242  54.377 0.1111110002
36578  43.923  -9.536  54.632 0.1111110002
36566  42.620  -10.834  56.580 0.1111110002
36570  42.877  -10.245  55.761 0.1111110002
38083  45.448  -8.598  53.490 0.1111110002
37302  44.124  -8.987  54.632 0.1111110002
38084  44.640  -8.581  53.882 0.1111110002
36573  43.299  -9.765  55.034 0.1111110002
37295  43.729  -8.984  55.032 0.1111110002
38902  45.947  -8.112  52.802 0.1111110002
38910  46.552  -7.722  52.153 0.1111110002
38903  44.934  -7.943  52.982 0.1111110002
38085  44.133  -8.511  54.073 0.1111110002
38909  47.359  -7.892  52.300 0.2222220004
38908  48.282  -7.751  51.785 0.3333329856
38926  51.117  -7.805  50.431 0.5555559993
38915  50.575  -7.841  50.819 0.5555559993
38094  49.649  -8.679  51.192 0.4444440007
38088  48.562  -8.223  51.689 0.4444440007
38101  51.095  -8.786  50.687 0.5555559993
38916  50.059  -7.819  51.116 0.4444440007
38095  48.955  -8.726  51.465 0.4444440007
38904  43.926  -7.991  53.699 0.1111110002
38917  49.016  -7.774  51.325 0.4444440007
38907  48.630  -7.888  51.640 0.4444440007
38100  51.466  -8.603  50.159 0.5555559993
38925  51.811  -7.815  49.721 0.6666669846
38933  52.388  -7.781  49.361 0.6666669846
38116  54.993  -8.514  46.301 0.7777780294
38121  55.583  -8.196  45.807 0.6666669846
38950  55.772  -7.774  45.138 0.6666669846
38920  46.441  -7.233  51.201 0.1111110002
38918  48.480  -7.075  51.450 0.3333329856
38912  44.962  -7.257  52.379 0.1111110002
39746  50.515  -7.203  50.727 0.5555559993
38924  52.047  -7.998  49.467 0.6666669846
43754  55.793  -1.570  44.828 0.6666669846
43004  55.891  -2.523  44.823 0.6666669846
42198  56.044  -3.325  44.998 0.6666669846
41400  56.099  -4.647  45.170 0.6666669846
38954  56.178  -7.232  44.309 0.5555559993
44534  55.848  -0.566  45.159 0.6666669846
45315  55.995  0.289  45.256 0.5555559993
46057  55.732  0.915  45.605 0.3333329856
46807  56.874  2.479  43.147 0.4444440007
46067  56.575  2.371  43.833 0.5555559993
46805  56.400  2.769  44.447 0.3333329856
46061  56.174  1.282  45.083 0.6666669846
46798  55.762  1.703  45.617 0.3333329856
46058  55.326  1.435  46.097 0.3333329856
46802  56.059  2.360  45.198 0.5555559993
46799  55.459  2.525  46.051 0.3333329856
46795  54.826  2.140  46.677 0.3333329856
39740  47.826  -7.105  51.639 0.1111110002
39741  47.382  -7.283  51.676 0.1111110002
38919  47.003  -7.384  51.675 0.1111110002
38911  45.688  -7.492  51.973 0.1111110002
43755  55.333  -1.621  45.425 0.6666669846
43005  55.246  -2.534  45.367 0.6666669846
42199  55.393  -3.895  45.506 0.6666669846
39788  55.704  -6.432  45.025 0.6666669846
38951  55.346  -7.279  45.877 0.7777780294
39789  55.328  -6.391  45.679 0.7777780294
45316  55.712  -0.214  45.529 0.5555559993
45313  55.418  0.284  45.970 0.3333329856
46808  56.699  3.127  43.777 0.3333329856
46053  54.732  1.040  46.618 0.2222220004
46054  54.150  1.756  47.153 0.2222220004
48306  58.339  4.487  42.157 0.3333329856
47576  56.760  4.016  43.828 0.2222220004
47572  56.336  3.658  44.394 0.3333329856
46803  55.709  3.144  45.585 0.3333329856
46049  53.682  1.505  47.686 0.1111110002
46050  53.219  1.888  48.442 0.1111110002
47561  54.878  3.312  46.769 0.1111110002
46796  54.461  2.760  47.379 0.1111110002
47562  54.499  3.614  47.428 0.1111110002
39752  46.017  -7.085  50.302 0.1111110002
39766  52.644  -6.922  49.160 0.6666669846
38938  53.648  -7.424  48.040 0.7777780294
41401  55.422  -4.695  45.513 0.7777780294
40610  55.353  -5.531  45.554 0.7777780294
38947  54.718  -7.393  46.667 0.7777780294
43001  54.378  -2.269  45.971 0.5555559993
41396  54.847  -4.726  45.844 0.7777780294
44535  55.454  -0.849  45.625 0.4444440007
43751  54.945  -1.558  45.922 0.4444440007
44532  54.960  -0.663  46.375 0.3333329856
44528  54.417  -0.441  46.893 0.3333329856
47575  57.421  3.413  43.082 0.3333329856
48303  57.174  4.485  43.430 0.2222220004
45308  54.762  0.137  46.673 0.3333329856
45309  54.004  0.510  47.208 0.1111110002
44525  53.155  -0.062  47.611 0.1111110002
48302  57.816  4.305  42.905 0.3333329856
48295  55.843  4.035  44.807 0.4444440007
47570  55.475  3.875  45.379 0.2222220004
48284  54.808  3.986  46.436 0.1111110002
45305  53.305  0.925  47.831 0.1111110002
44519  52.077  0.041  48.676 0.1111110002
48304  56.639  4.737  43.774 0.4444440007
48299  56.117  4.665  44.339 0.4444440007
48290  54.878  4.570  45.932 0.1111110002
48309  58.704  4.674  41.544 0.3333329856
49048  55.525  5.665  45.034 0.1111110002
49044  55.138  5.307  45.505 0.1111110002
48285  54.365  4.530  47.018 0.1111110002
39757  51.024  -6.726  50.266 0.5555559993
38927  46.181  -7.084  50.476 0.1111110002
39756  51.705  -6.991  49.925 0.4444440007
42195  53.569  -3.700  45.843 0.7777780294
41397  54.030  -4.465  45.859 0.7777780294
42194  54.459  -3.478  45.773 0.7777780294
40605  54.860  -5.525  46.038 0.7777780294
39784  54.880  -6.338  46.235 0.7777780294
43747  54.240  -1.410  46.652 0.3333329856
43748  53.710  -1.387  47.156 0.2222220004
42174  51.595  -2.967  48.806 0.2222220004
43742  53.142  -1.302  47.639 0.1111110002
42985  52.437  -1.858  48.731 0.2222220004
44526  52.598  -0.556  48.158 0.1111110002
43743  52.674  -1.331  48.211 0.1111110002
49057  56.873  5.153  43.549 0.3333329856
48296  55.498  4.750  45.082 0.1111110002
49052  56.431  5.396  43.916 0.3333329856
49053  55.924  5.612  44.398 0.2222220004
48300  55.722  5.170  44.686 0.2222220004
49062  58.843  5.318  41.294 0.3333329856
49825  56.386  6.333  44.099 0.2222220004
39748  48.890  -6.782  50.930 0.3333329856
38934  52.150  -7.194  49.494 0.6666669846
39750  47.143  -6.598  51.176 0.1111110002
41391  53.149  -4.696  46.186 0.7777780294
40606  54.194  -5.563  46.311 0.7777780294
39780  54.115  -6.393  47.062 0.7777780294
42188  53.727  -2.755  46.123 0.5555559993
39785  54.405  -6.297  46.597 0.7777780294
39779  54.487  -6.836  46.835 0.7777780294
42997  53.908  -2.082  46.382 0.4444440007
42189  52.926  -3.238  46.432 0.4444440007
42998  53.482  -2.117  46.952 0.4444440007
42991  53.117  -2.079  47.615 0.2222220004
42992  52.652  -2.128  48.230 0.2222220004
49055  57.949  5.562  42.648 0.3333329856
49056  57.372  5.284  43.253 0.3333329856
49830  56.913  5.857  43.646 0.3333329856
49059  58.445  5.470  41.849 0.3333329856
48308  59.013  4.472  40.940 0.3333329856
48312  59.261  4.694  40.129 0.3333329856
48316  59.545  4.894  39.316 0.3333329856
49826  55.790  6.413  44.678 0.1111110002
48319  59.682  5.217  38.920 0.3333329856
50544  56.725  7.187  44.063 0.1111110002
50545  56.148  7.162  44.475 0.1111110002
49070  59.794  5.560  38.665 0.3333329856
51305  56.993  7.696  43.927 0.1111110002
49847  59.595  6.462  38.547 0.3333329856
40594  52.851  -5.956  47.580 0.7777780294
40593  53.310  -6.180  47.493 0.7777780294
39773  53.578  -6.588  47.845 0.7777780294
40600  53.388  -5.876  47.006 0.7777780294
40601  52.781  -5.151  46.948 0.7777780294
42993  52.080  -2.819  48.400 0.4444440007
42183  51.674  -3.523  48.239 0.4444440007
42181  52.788  -2.667  47.300 0.2222220004
49829  57.441  6.347  43.295 0.3333329856
49828  57.847  6.591  42.772 0.1111110002
49824  56.957  6.599  43.771 0.2222220004
50553  57.986  7.294  42.574 0.2222220004
50549  57.626  7.265  43.143 0.2222220004
50550  57.210  7.234  43.645 0.2222220004
49064  59.346  5.666  39.837 0.3333329856
49067  59.550  5.719  39.122 0.3333329856
51310  57.766  7.796  42.941 0.2222220004
39747  49.675  -7.040  50.783 0.4444440007
39774  52.846  -6.544  48.438 0.7777780294
41386  51.630  -4.488  47.790 0.6666669846
40596  51.245  -5.128  48.107 0.4444440007
40589  51.250  -5.948  48.653 0.5555559993
41385  52.179  -4.906  47.338 0.6666669846
41387  51.193  -4.143  48.313 0.3333329856
41392  52.454  -4.122  46.786 0.6666669846
42182  52.201  -3.445  47.607 0.4444440007
42190  52.555  -3.330  47.015 0.5555559993
49837  58.667  6.345  41.305 0.3333329856
49833  58.204  6.440  42.171 0.3333329856
39767  51.895  -6.573  49.014 0.5555559993
40595  52.065  -5.787  48.299 0.5555559993
39775  52.392  -6.508  48.717 0.5555559993
50556  58.285  7.335  41.833 0.3333329856
52928  58.711  10.588  37.607 0.2222220004
39768  51.153  -6.474  49.474 0.5555559993
40588  51.760  -6.146  48.638 0.4444440007
52919  58.339  10.295  38.264 0.2222220004
21315  11.387  -37.494  61.103 0.1111110002
22453  11.884  -35.457  62.668 0.3333329856
23036  12.966  -34.070  63.429 0.3333329856
18890  8.721  -40.839  60.489 0.1111110002
19554  8.748  -40.249  60.446 0.1111110002
18891  8.373  -41.440  60.101 0.1111110002
89088  9.738  -37.860  61.121 0.1111110002
19549  8.541  -39.886  60.297 0.1111110002
25186  15.634  -30.061  64.510 0.1111110002
24096  14.855  -32.698  64.774 0.3333329856
23027  12.373  -33.781  63.885 0.2222220004
24627  14.081  -31.183  64.535 0.2222220004
18902  7.593  -41.583  58.285 0.1111110002
89545  19.516  -25.461  61.015 0.1111110002
49843  59.251  6.529  39.427 0.3333329856
50565  59.160  7.466  39.047 0.3333329856
51314  57.816  8.230  42.380 0.2222220004
49061  59.098  5.625  40.675 0.3333329856
49839  59.050  6.532  40.247 0.3333329856
20731  11.350  -38.391  61.037 0.1111110002
20736  7.475  -38.226  60.634 0.1111110002
19574  6.530  -40.877  57.827 0.1111110002
21310  12.117  -37.140  61.632 0.1111110002
89086  9.973  -38.414  60.912 0.1111110002
19543  9.787  -39.236  60.850 0.1111110002
21903  8.424  -36.919  61.750 0.1111110002
21906  8.498  -35.987  61.836 0.1111110002
18903  6.997  -41.279  57.841 0.1111110002
89096  10.894  -37.083  61.830 0.1111110002
21902  8.701  -36.546  62.069 0.1111110002
19548  8.841  -39.629  60.519 0.1111110002
20151  7.664  -39.787  59.706 0.1111110002
22443  13.960  -35.194  63.174 0.3333329856
19560  7.979  -40.566  59.345 0.1111110002
17630  6.880  -43.027  56.973 0.1111110002
21316  9.144  -37.345  61.856 0.1111110002
22454  10.743  -35.505  62.608 0.1111110002
23589  13.091  -33.751  63.857 0.3333329856
24091  14.346  -31.581  64.630 0.3333329856
24633  15.228  -30.873  64.459 0.1111110002
24626  14.761  -31.089  64.519 0.3333329856
25187  15.131  -30.492  64.600 0.1111110002
23028  11.913  -33.763  63.920 0.1111110002
23582  12.117  -33.262  64.067 0.2222220004
23581  12.968  -33.385  64.226 0.2222220004
33029  37.699  -16.405  59.385 0.2222220004
40609  55.808  -5.529  45.068 0.5555559993
40612  56.173  -5.523  44.607 0.5555559993
45312  55.718  0.497  45.613 0.5555559993
46064  56.480  1.766  44.336 0.4444440007
38943  54.484  -7.208  46.974 0.7777780294
47569  56.028  3.319  45.011 0.4444440007
47566  55.190  3.562  46.026 0.2222220004
46791  53.985  2.348  47.972 0.1111110002
44529  53.824  -0.697  47.236 0.1111110002
45306  52.660  0.732  48.398 0.1111110002
48291  54.540  5.086  46.385 0.1111110002
41380  50.715  -4.851  48.638 0.4444440007
50560  58.546  7.397  41.027 0.3333329856
49836  58.959  6.333  40.767 0.3333329856
49840  58.862  6.813  40.773 0.3333329856
27466  38.892  -26.173  55.750 0.1111110002
28028  39.223  -25.379  55.633 0.2222220004
27465  39.549  -26.042  55.535 0.1111110002
27473  39.446  -26.826  55.630 0.1111110002
26927  39.143  -27.706  55.264 0.1111110002
26377  39.713  -28.316  54.793 0.1111110002
28035  40.772  -25.414  55.407 0.2222220004
27471  41.128  -26.220  55.040 0.2222220004
27472  40.246  -26.353  55.353 0.2222220004
26925  40.784  -27.095  54.854 0.1111110002
26926  40.048  -27.468  55.270 0.1111110002
26376  40.483  -28.009  54.538 0.1111110002
28600  41.242  -24.525  55.372 0.2222220004
28034  41.602  -25.394  55.060 0.2222220004
27470  41.729  -26.120  54.747 0.2222220004
27478  41.505  -26.812  54.499 0.1111110002
28599  41.909  -24.549  54.994 0.3333329856
28033  42.089  -25.122  54.705 0.2222220004
28040  42.064  -25.705  54.647 0.2222220004
27477  42.206  -26.422  54.264 0.2222220004
28605  42.734  -24.418  53.835 0.3333329856
28606  42.306  -24.524  54.510 0.3333329856
29168  42.175  -24.067  54.838 0.3333329856
28038  42.934  -25.366  53.555 0.2222220004
28039  42.500  -25.412  54.232 0.2222220004
27475  43.146  -26.041  53.273 0.2222220004
28045  43.398  -25.328  52.944 0.2222220004
29167  42.528  -23.562  54.528 0.3333329856
29166  43.095  -23.413  53.847 0.3333329856
29700  43.036  -22.966  54.320 0.4444440007
28611  43.142  -24.680  53.242 0.2222220004
29699  43.763  -22.513  54.153 0.4444440007
29173  43.779  -23.445  53.497 0.4444440007
31346  45.440  -20.163  53.485 0.6666669846
28610  43.778  -24.266  52.841 0.2222220004
30254  46.053  -21.727  53.289 0.4444440007
28609  44.813  -24.272  52.693 0.2222220004
29702  46.482  -22.489  53.177 0.3333329856
30250  44.165  -21.687  54.206 0.4444440007
29705  44.235  -23.026  53.635 0.4444440007
30249  44.695  -21.535  53.784 0.5555559993
30787  44.746  -20.517  53.856 0.5555559993
29704  44.778  -22.572  53.544 0.4444440007
30793  45.406  -21.103  53.470 0.5555559993
29703  45.741  -22.527  53.257 0.4444440007
33651  43.363  -15.309  56.561 0.6666669846
32484  49.644  -17.462  51.072 0.4444440007
34768  43.744  -13.798  55.828 0.5555559993
34773  44.264  -13.216  55.408 0.3333329856
35338  44.645  -12.533  55.033 0.3333329856
36606  48.975  -10.211  50.617 0.4444440007
37321  47.993  -9.456  51.660 0.4444440007
37312  48.067  -9.129  51.743 0.3333329856
38089  47.920  -8.536  51.962 0.3333329856
36605  49.462  -10.301  50.600 0.5555559993
37328  48.947  -9.631  50.906 0.3333329856
37327  49.171  -9.766  50.615 0.3333329856
37319  49.213  -9.371  51.045 0.3333329856
38096  48.423  -8.802  51.653 0.3333329856
37318  49.821  -9.616  50.560 0.3333329856
38093  50.505  -8.612  50.959 0.3333329856
37341  54.209  -9.953  46.944 0.4444440007
39769  50.700  -6.380  49.781 0.4444440007
40590  50.434  -5.731  49.314 0.4444440007
42184  51.347  -3.520  48.587 0.3333329856
37339  55.332  -9.513  45.897 0.4444440007
38120  55.875  -8.735  45.513 0.5555559993
51317  58.154  8.169  41.379 0.1111110002
51321  58.503  8.290  40.454 0.1111110002
51325  58.640  8.897  40.023 0.1111110002
52104  58.368  9.326  39.484 0.1111110002
52097  58.147  9.164  40.174 0.1111110002
52110  58.249  9.708  38.707 0.2222220004
52929  58.287  10.993  38.217 0.1111110002
61882  57.265  21.982  32.008 0.1111110002
61115  57.375  21.620  32.611 0.1111110002
29172  44.503  -23.513  53.218 0.2222220004
30792  46.187  -20.784  53.278 0.5555559993
29171  45.534  -23.460  53.027 0.2222220004
38090  47.362  -8.700  52.449 0.3333329856
37340  54.654  -9.693  46.482 0.5555559993
35370  54.170  -12.456  48.051 0.4444440007
38115  55.424  -8.732  45.836 0.4444440007
42175  50.866  -3.555  48.976 0.2222220004
28036  39.946  -25.412  55.483 0.2222220004
28604  43.180  -23.968  53.291 0.2222220004
29698  44.347  -22.082  53.911 0.4444440007
30255  45.351  -21.897  53.463 0.5555559993
35930  44.400  -12.053  55.157 0.1111110002
25196  20.384  -30.005  63.086 0.2222220004
25209  19.641  -30.674  62.642 0.3333329856
24650  18.849  -31.219  62.144 0.3333329856
25195  21.086  -29.861  62.624 0.2222220004
25208  20.539  -30.416  62.336 0.2222220004
24111  18.336  -32.263  62.139 0.2222220004
23030  18.739  -34.298  62.200 0.2222220004
25756  22.217  -28.916  62.758 0.2222220004
25767  21.761  -29.450  62.379 0.2222220004
23594  18.483  -33.276  61.705 0.1111110002
25766  22.612  -28.942  62.038 0.2222220004
24649  19.947  -31.020  61.949 0.1111110002
24663  18.610  -31.779  61.612 0.2222220004
25206  22.140  -29.819  61.749 0.2222220004
25207  21.323  -30.134  62.015 0.2222220004
24661  20.325  -31.319  61.215 0.1111110002
24660  21.244  -31.134  61.040 0.1111110002
25216  22.493  -30.264  61.158 0.1111110002
25197  19.461  -30.477  63.389 0.3333329856
24100  18.489  -31.684  62.554 0.3333329856
25757  21.394  -29.236  63.221 0.2222220004
25773  22.933  -29.486  61.395 0.2222220004
25771  24.439  -29.005  60.508 0.2222220004
25772  23.833  -29.139  61.088 0.2222220004
25227  22.739  -30.616  60.462 0.2222220004
25742  20.165  -29.267  64.113 0.3333329856
25183  19.235  -30.308  64.180 0.3333329856
24639  18.788  -31.187  62.997 0.3333329856
25758  20.556  -29.447  63.586 0.3333329856
25182  19.981  -29.916  63.711 0.3333329856
24101  18.346  -32.268  63.076 0.3333329856
26324  23.125  -27.930  62.801 0.1111110002
26337  23.596  -28.195  62.204 0.2222220004
26338  22.756  -28.430  62.611 0.2222220004
26336  24.393  -27.972  61.762 0.2222220004
25765  23.387  -28.845  61.655 0.2222220004
26345  24.679  -28.173  61.010 0.1111110002
26346  24.036  -28.539  61.621 0.2222220004
26344  25.283  -27.701  60.282 0.2222220004
26354  25.695  -28.135  59.708 0.2222220004
26355  24.918  -28.481  60.079 0.2222220004
24628  18.834  -30.944  63.643 0.3333329856
24640  18.477  -31.545  63.509 0.3333329856
25741  20.945  -28.981  63.808 0.2222220004
26326  21.495  -28.561  63.683 0.3333329856
26309  21.724  -27.992  63.708 0.2222220004
26866  23.059  -27.310  63.003 0.2222220004
26867  22.243  -27.270  63.285 0.2222220004
26880  23.696  -27.310  62.559 0.1111110002
26878  25.142  -26.808  61.671 0.1111110002
26879  24.464  -27.210  62.067 0.1111110002
27426  24.218  -26.394  62.347 0.1111110002
26892  24.814  -27.412  61.494 0.1111110002
26891  25.578  -26.954  60.996 0.1111110002
26905  26.148  -27.319  60.063 0.2222220004
26353  26.627  -28.200  59.887 0.2222220004
25779  27.094  -29.044  59.472 0.2222220004
26910  32.212  -27.527  59.576 0.3333329856
26359  31.780  -28.338  59.165 0.3333329856
25743  19.293  -29.358  64.533 0.3333329856
25184  18.466  -30.608  64.394 0.3333329856
24629  18.339  -31.337  64.075 0.3333329856
26310  20.959  -28.337  64.057 0.2222220004
27438  25.761  -26.380  61.729 0.1111110002
27425  25.162  -26.181  62.054 0.1111110002
27424  26.039  -25.796  61.985 0.3333329856
26904  27.140  -27.461  60.352 0.2222220004
26899  31.819  -26.958  60.026 0.3333329856
25778  28.159  -29.409  59.665 0.3333329856
26311  19.941  -28.476  64.202 0.2222220004
26890  26.786  -26.705  60.719 0.2222220004
27437  26.637  -26.004  61.456 0.2222220004
28003  26.476  -24.992  61.469 0.3333329856
26889  27.581  -26.736  60.571 0.3333329856
26903  28.163  -27.250  60.328 0.3333329856
30753  35.151  -20.637  60.369 0.2222220004
29170  46.108  -22.992  53.084 0.2222220004
27436  27.711  -25.947  61.007 0.3333329856
28002  27.547  -24.978  61.100 0.3333329856
28561  27.395  -24.200  60.369 0.2222220004
29119  28.284  -23.114  59.490 0.2222220004
27449  28.867  -26.481  60.704 0.3333329856
29709  47.244  -22.611  52.988 0.2222220004
28001  28.524  -24.926  61.099 0.3333329856
27435  28.683  -25.805  61.019 0.3333329856
28560  28.365  -24.057  60.425 0.3333329856
30214  33.820  -21.943  60.575 0.2222220004
30200  34.224  -21.462  61.043 0.2222220004
29648  33.241  -22.238  60.680 0.1111110002
29649  32.696  -22.307  60.940 0.1111110002
30744  34.288  -20.891  61.677 0.1111110002
30201  33.472  -21.703  61.422 0.1111110002
30188  33.030  -21.385  62.202 0.2222220004
29708  47.721  -22.579  52.304 0.1111110002
28559  29.233  -24.096  60.520 0.3333329856
30791  46.938  -20.357  53.140 0.2222220004
30253  46.987  -21.545  53.289 0.2222220004
30259  47.552  -21.846  52.735 0.2222220004
32459  39.850  -17.771  56.368 0.5555559993
32449  40.154  -16.628  56.514 0.5555559993
33038  40.967  -16.089  56.285 0.3333329856
33646  41.632  -15.179  56.615 0.3333329856
34209  42.152  -14.484  56.666 0.2222220004
30252  47.531  -20.917  52.732 0.3333329856
33037  42.088  -15.858  56.489 0.5555559993
33645  42.608  -15.393  56.684 0.5555559993
34761  42.611  -13.910  56.474 0.3333329856
34769  43.100  -13.409  56.106 0.3333329856
33046  41.886  -16.505  56.056 0.5555559993
33047  41.180  -16.661  55.791 0.5555559993
33036  42.532  -15.809  56.590 0.5555559993
34216  43.306  -14.287  56.403 0.4444440007
34208  42.858  -14.761  56.714 0.3333329856
35334  43.644  -12.921  55.734 0.2222220004
31925  48.654  -17.785  51.747 0.4444440007
46088  60.265  1.982  37.266 0.1111110002
47604  61.261  3.652  35.635 0.1111110002
38082  46.233  -8.694  53.249 0.1111110002
43771  57.319  -1.155  40.913 0.2222220004
43767  57.346  -1.606  41.101 0.2222220004
43018  57.507  -2.441  41.224 0.2222220004
44551  57.818  -0.505  40.448 0.2222220004
43770  57.726  -1.350  40.562 0.2222220004
45339  59.455  0.705  38.916 0.1111110002
44556  58.364  -0.560  39.978 0.2222220004
43774  58.254  -1.653  39.934 0.2222220004
46085  59.608  1.915  38.964 0.1111110002
46837  60.609  2.851  36.796 0.1111110002
45338  59.971  0.051  38.200 0.1111110002
46836  61.079  2.768  36.127 0.1111110002
42203  56.703  -3.816  44.518 0.4444440007
41404  56.683  -4.781  44.361 0.4444440007
43008  57.071  -2.882  43.885 0.4444440007
42202  57.168  -3.325  43.982 0.4444440007
41403  57.228  -4.242  44.012 0.4444440007
43764  56.777  -1.206  42.665 0.4444440007
43760  57.046  -1.781  42.866 0.4444440007
43011  57.346  -2.728  43.401 0.4444440007
40616  56.652  -5.568  43.825 0.4444440007
39796  56.428  -6.501  43.835 0.4444440007
44544  56.691  -0.791  42.105 0.4444440007
43763  56.968  -1.272  42.133 0.3333329856
45327  56.643  0.462  41.194 0.3333329856
44548  56.685  -0.541  41.662 0.3333329856
43015  57.454  -2.359  42.248 0.3333329856
45332  57.261  0.869  40.770 0.2222220004
44552  57.231  -0.406  40.816 0.2222220004
46817  58.708  2.369  40.202 0.1111110002
46082  58.476  1.272  40.194 0.2222220004
45331  57.861  0.298  40.443 0.2222220004
46821  59.407  2.801  39.342 0.1111110002
46081  58.954  1.473  39.878 0.1111110002
47591  60.065  3.869  38.270 0.1111110002
46823  59.872  2.765  38.372 0.1111110002
48329  60.690  4.518  36.930 0.2222220004
47601  60.546  3.620  37.109 0.1111110002
38081  47.040  -8.580  53.020 0.1111110002
38900  47.090  -8.161  52.834 0.1111110002
43009  56.565  -2.626  44.192 0.4444440007
39792  56.172  -6.240  44.279 0.4444440007
43761  56.637  -1.215  43.172 0.4444440007
38124  56.469  -8.648  44.614 0.3333329856
44545  56.518  -0.466  42.529 0.4444440007
38959  56.517  -7.111  43.650 0.3333329856
45325  56.310  0.786  42.360 0.4444440007
46072  57.420  2.039  40.988 0.2222220004
46074  56.453  1.376  41.522 0.2222220004
46818  58.335  2.904  40.721 0.1111110002
46079  57.309  1.431  40.804 0.2222220004
47588  59.688  3.636  38.854 0.2222220004
47589  59.343  3.984  39.492 0.2222220004
48326  60.372  4.616  37.702 0.2222220004
35972  54.504  -11.612  47.608 0.3333329856
36624  55.001  -10.623  46.537 0.3333329856
35971  54.844  -11.620  47.026 0.3333329856
43758  56.329  -1.390  43.924 0.4444440007
36623  55.702  -10.586  45.978 0.3333329856
44541  56.500  -0.408  43.613 0.4444440007
46070  56.348  1.374  41.801 0.4444440007
46814  57.262  2.298  41.616 0.3333329856
47582  58.551  3.667  41.278 0.3333329856
46813  57.681  2.566  41.421 0.3333329856
47586  58.598  3.381  40.801 0.2222220004
47585  58.888  3.577  40.414 0.2222220004
36619  54.629  -10.985  47.105 0.4444440007
44538  56.245  -0.505  44.533 0.4444440007
45319  56.592  0.659  44.231 0.4444440007
46069  56.516  1.754  42.452 0.4444440007
45324  56.524  1.140  43.039 0.4444440007
46066  56.592  1.682  43.488 0.4444440007
57410  59.999  16.360  33.307 0.1111110002
23584  18.412  -33.410  62.485 0.2222220004
23031  17.988  -34.461  62.604 0.2222220004
25785  31.391  -29.246  58.806 0.3333329856
25777  29.212  -29.135  59.842 0.3333329856
30202  32.485  -21.861  61.621 0.2222220004
33652  42.956  -15.641  56.662 0.4444440007
37308  45.662  -9.315  53.641 0.1111110002
36625  54.507  -10.406  46.862 0.4444440007
27427  23.592  -26.713  62.674 0.2222220004
38901  46.754  -8.087  52.902 0.1111110002
24651  18.444  -31.663  62.032 0.2222220004
23583  18.882  -33.974  61.983 0.2222220004
24119  18.445  -32.531  61.287 0.1111110002
24648  20.900  -30.866  61.760 0.1111110002
25217  21.693  -30.529  61.437 0.1111110002
25215  23.263  -29.985  60.808 0.2222220004
26325  22.309  -28.239  63.244 0.2222220004
26352  27.617  -28.325  60.096 0.2222220004
25172  18.779  -30.077  64.727 0.3333329856
27450  28.189  -26.413  60.675 0.3333329856
29175  47.461  -23.497  52.544 0.1111110002
30790  47.333  -19.886  52.552 0.4444440007
33644  42.954  -15.165  56.723 0.4444440007
46084  59.861  1.324  38.135 0.1111110002
45350  60.710  1.326  36.644 0.1111110002
46840  61.337  2.703  35.291 0.1111110002
43768  57.074  -1.173  41.335 0.2222220004
43019  57.323  -1.770  41.625 0.2222220004
45335  58.966  0.161  39.552 0.1111110002
45336  58.447  0.715  40.103 0.2222220004
44560  59.458  -0.689  38.865 0.1111110002
46830  60.290  2.973  37.436 0.1111110002
47600  60.902  3.661  36.447 0.1111110002
46095  60.701  2.114  36.506 0.1111110002
41408  57.007  -4.858  43.885 0.4444440007
43012  56.785  -1.958  43.504 0.4444440007
42206  57.458  -3.739  43.444 0.4444440007
44549  56.328  0.210  41.826 0.4444440007
42209  57.563  -3.615  42.420 0.3333329856
45328  56.347  0.996  41.595 0.4444440007
46073  56.907  1.689  41.308 0.2222220004
46077  58.560  1.829  40.226 0.1111110002
46078  57.956  1.643  40.536 0.1111110002
46824  59.659  2.487  38.910 0.1111110002
48318  59.864  4.717  38.605 0.2222220004
48330  60.502  4.094  37.370 0.1111110002
47597  60.299  3.649  37.718 0.1111110002
46820  59.691  3.057  38.873 0.1111110002
38129  56.424  -7.895  43.798 0.4444440007
37345  56.208  -9.626  45.419 0.3333329856
37349  56.690  -9.408  44.955 0.3333329856
45322  56.541  0.456  43.243 0.4444440007
38123  56.936  -8.916  44.297 0.2222220004
46811  57.343  2.568  42.219 0.4444440007
45318  56.726  0.966  43.963 0.4444440007
45321  56.678  1.017  43.657 0.4444440007
46063  56.676  1.224  43.951 0.4444440007
31349  47.811  -19.428  52.162 0.3333329856
31355  48.251  -19.606  51.501 0.3333329856
31926  48.255  -18.436  52.076 0.3333329856
31932  48.645  -18.891  51.478 0.3333329856
38156  62.595  -8.542  34.682 0.1111110002
38978  61.379  -7.661  37.007 0.1111110002
38979  60.975  -7.713  37.558 0.1111110002
39817  61.042  -6.920  37.586 0.1111110002
38985  62.125  -7.646  35.691 0.1111110002
38982  61.807  -7.654  36.186 0.1111110002
38974  60.514  -7.731  38.096 0.1111110002
38984  62.457  -7.624  35.111 0.1111110002
38146  61.135  -8.558  37.727 0.1111110002
38142  60.669  -8.562  38.288 0.1111110002
31931  49.119  -18.285  51.327 0.3333329856
39813  60.567  -6.711  38.081 0.1111110002
39814  60.099  -6.945  38.631 0.1111110002
38975  60.071  -7.765  38.659 0.1111110002
38970  59.480  -7.780  39.090 0.1111110002
39809  59.446  -6.762  38.957 0.1111110002
39810  58.620  -7.018  39.315 0.1111110002
40632  60.765  -6.279  37.767 0.1111110002
39824  62.253  -6.831  35.788 0.1111110002
39820  61.775  -6.797  36.547 0.1111110002
38966  58.048  -7.989  39.614 0.1111110002
38964  57.383  -7.814  40.884 0.1111110002
39816  61.457  -6.668  37.060 0.1111110002
40637  61.107  -5.786  37.142 0.1111110002
40638  60.312  -4.981  37.246 0.1111110002
38971  58.756  -7.880  39.325 0.1111110002
38136  58.470  -8.681  40.135 0.1111110002
38137  58.062  -8.664  40.693 0.1111110002
40629  59.022  -5.924  38.704 0.1111110002
40630  57.614  -6.043  39.208 0.1111110002
40621  57.135  -6.248  41.126 0.1111110002
31929  50.500  -18.321  50.680 0.2222220004
40628  59.714  -6.325  38.634 0.1111110002
39811  58.063  -6.816  39.586 0.1111110002
39801  57.367  -6.749  41.258 0.1111110002
39798  57.218  -6.939  41.809 0.1111110002
40633  60.120  -5.773  38.074 0.1111110002
38967  57.642  -7.902  40.241 0.1111110002
38134  57.479  -8.741  41.577 0.1111110002
41410  56.966  -4.737  42.145 0.1111110002
40618  56.820  -5.659  42.585 0.1111110002
40625  57.113  -6.050  40.567 0.1111110002
40626  56.775  -5.237  40.845 0.1111110002
40622  56.877  -5.900  41.528 0.1111110002
41420  57.211  -4.700  38.926 0.1111110002
39802  57.155  -6.593  41.723 0.1111110002
39799  56.974  -6.776  42.292 0.1111110002
40634  59.218  -5.010  38.185 0.1111110002
38961  56.989  -7.710  41.865 0.1111110002
38957  56.809  -8.263  42.737 0.2222220004
41419  58.203  -4.666  38.324 0.1111110002
38132  57.208  -8.812  42.470 0.1111110002
40615  56.805  -5.570  43.198 0.2222220004
41414  56.856  -4.752  41.364 0.1111110002
39795  56.684  -6.381  43.197 0.2222220004
38958  56.690  -7.536  43.091 0.2222220004
41416  56.945  -4.686  40.072 0.1111110002
42218  57.812  -3.541  39.322 0.1111110002
38128  56.993  -8.696  43.699 0.1111110002
42215  57.466  -3.435  40.572 0.1111110002
43021  57.930  -2.476  40.220 0.1111110002
43023  58.660  -2.703  38.774 0.1111110002
43024  58.314  -2.376  39.526 0.1111110002
43773  58.807  -1.508  39.359 0.1111110002
41407  57.101  -4.743  43.196 0.3333329856
42213  57.274  -4.139  41.709 0.1111110002
42212  57.496  -3.450  41.565 0.1111110002
37344  56.687  -9.964  45.085 0.1111110002
33080  52.165  -16.056  47.375 0.2222220004
43014  57.613  -3.047  41.904 0.2222220004
35975  55.951  -11.558  46.002 0.1111110002
35980  56.421  -11.588  45.395 0.1111110002
35378  56.085  -12.514  45.924 0.1111110002
34255  55.178  -14.059  46.541 0.1111110002
34262  55.062  -14.737  46.567 0.1111110002
33691  54.512  -15.458  46.398 0.1111110002
34261  55.540  -14.404  46.113 0.1111110002
33697  55.220  -15.254  46.294 0.1111110002
33687  52.464  -15.002  47.619 0.2222220004
35976  55.339  -11.558  46.487 0.1111110002
33686  53.113  -15.338  47.103 0.2222220004
35379  55.525  -12.482  46.425 0.1111110002
33692  53.882  -15.095  46.745 0.1111110002
34806  55.069  -13.375  46.749 0.1111110002
34256  54.556  -14.364  46.803 0.1111110002
35375  54.562  -12.462  47.473 0.1111110002
34808  53.713  -13.675  47.509 0.1111110002
34257  53.739  -14.327  47.075 0.2222220004
35374  54.996  -12.489  46.939 0.1111110002
34807  54.404  -13.414  47.213 0.1111110002
34804  52.834  -13.739  48.670 0.2222220004
34252  52.642  -14.340  48.203 0.2222220004
34803  53.442  -13.406  48.159 0.1111110002
34251  53.067  -14.267  47.509 0.2222220004
47579  57.629  3.049  42.594 0.2222220004
46810  57.718  2.760  42.017 0.2222220004
47574  57.790  3.662  42.822 0.2222220004
47578  57.964  3.311  42.350 0.2222220004
47581  58.853  3.889  40.895 0.2222220004
52127  60.954  9.317  34.493 0.2222220004
54488  60.674  12.554  33.393 0.2222220004
52128  60.652  9.672  35.069 0.2222220004
51343  61.016  8.341  34.882 0.1111110002
53740  60.780  12.049  33.978 0.2222220004
55264  60.335  13.525  33.785 0.2222220004
55268  60.455  13.558  32.831 0.2222220004
55987  60.244  14.516  32.320 0.1111110002
48315  59.584  4.305  39.049 0.1111110002
48332  61.076  4.586  36.038 0.1111110002
52122  60.929  9.072  35.258 0.2222220004
52936  60.647  10.075  34.619 0.2222220004
50581  60.845  7.444  35.294 0.1111110002
49857  60.785  6.514  35.813 0.1111110002
49084  61.046  5.545  35.454 0.1111110002
52940  60.558  10.662  34.455 0.2222220004
53735  60.493  11.525  34.512 0.2222220004
53734  60.680  10.969  34.121 0.2222220004
54483  60.470  12.617  34.251 0.2222220004
55261  60.183  13.497  34.690 0.2222220004
55983  60.145  14.477  33.293 0.2222220004
56702  60.024  15.359  34.766 0.1111110002
49069  60.142  5.692  38.082 0.2222220004
48325  60.550  4.934  37.223 0.1111110002
49077  60.504  5.497  37.290 0.1111110002
49076  60.649  5.122  36.996 0.1111110002
51339  60.787  8.371  35.673 0.1111110002
50577  60.589  7.470  36.107 0.1111110002
49081  60.619  6.057  37.009 0.1111110002
49080  60.792  5.556  36.534 0.1111110002
52937  60.313  10.473  35.114 0.2222220004
55979  60.029  14.415  35.190 0.1111110002
55975  59.746  14.314  35.972 0.1111110002
56704  59.963  15.397  33.789 0.1111110002
55981  60.098  14.449  34.256 0.1111110002
56699  59.823  15.345  35.813 0.1111110002
49846  59.950  6.391  38.004 0.2222220004
52123  60.331  9.424  35.813 0.2222220004
51340  60.345  8.392  36.379 0.1111110002
49858  60.565  6.603  36.634 0.1111110002
52124  59.619  9.758  36.354 0.2222220004
52932  59.871  10.549  35.973 0.2222220004
54481  60.186  12.517  35.086 0.2222220004
53732  60.092  11.519  35.521 0.2222220004
55252  58.646  13.439  37.862 0.1111110002
55259  59.993  13.451  35.559 0.1111110002
55255  59.647  13.421  36.340 0.1111110002
50572  59.779  7.555  37.532 0.2222220004
49854  59.734  6.873  37.916 0.2222220004
51334  59.913  8.434  37.100 0.2222220004
49853  60.232  6.527  37.436 0.1111110002
52118  60.003  9.128  36.620 0.2222220004
50578  60.263  7.500  36.876 0.2222220004
53728  59.744  11.540  36.424 0.2222220004
54475  59.145  12.541  37.649 0.1111110002
54467  58.784  12.555  38.289 0.1111110002
54477  59.994  12.501  36.008 0.2222220004
54478  59.544  12.505  36.820 0.1111110002
55256  59.192  13.421  37.069 0.1111110002
50559  58.794  7.387  40.400 0.2222220004
50573  59.367  7.544  38.222 0.2222220004
50562  58.994  7.376  39.809 0.2222220004
51320  58.803  7.879  40.074 0.1111110002
51335  59.464  8.507  37.855 0.2222220004
51327  59.192  8.461  38.707 0.2222220004
52109  59.011  9.523  38.267 0.2222220004
52119  59.376  9.471  37.195 0.2222220004
52933  59.287  10.589  36.713 0.2222220004
53725  58.833  11.666  38.225 0.1111110002
53729  59.261  11.575  37.273 0.1111110002
51324  58.936  8.406  39.633 0.1111110002
52103  58.882  9.172  39.033 0.1111110002
44555  58.939  -0.655  39.468 0.1111110002
34802  54.116  -13.122  47.742 0.1111110002
39805  58.123  -7.194  39.646 0.1111110002
39806  57.874  -7.014  40.216 0.1111110002
38962  56.839  -7.569  42.478 0.1111110002
42217  58.273  -3.590  38.483 0.1111110002
38127  57.240  -8.743  43.070 0.1111110002
41423  58.949  -4.456  37.946 0.1111110002
42222  58.927  -3.587  37.925 0.1111110002
41417  56.841  -4.668  40.816 0.1111110002
41413  57.118  -4.138  41.028 0.1111110002
42208  57.591  -3.386  41.972 0.1111110002
36629  56.295  -10.664  45.448 0.2222220004
34812  55.602  -13.392  46.287 0.1111110002
33090  55.096  -16.125  46.041 0.1111110002
33085  53.558  -16.031  46.407 0.1111110002
57405  59.880  16.164  35.147 0.1111110002
56708  59.928  15.434  32.794 0.1111110002
18870  10.319  -41.169  63.265 0.1111110002
18235  13.605  -41.804  63.066 0.2222220004
18867  13.084  -41.135  63.365 0.2222220004
18868  12.139  -41.245  63.295 0.1111110002
18869  11.226  -41.269  63.126 0.1111110002
18239  9.747  -41.999  63.269 0.1111110002
17599  8.910  -43.684  62.237 0.1111110002
17608  8.493  -43.779  61.314 0.1111110002
19535  11.710  -40.467  63.102 0.1111110002
19536  10.945  -40.425  62.653 0.1111110002
19534  12.579  -40.341  63.237 0.1111110002
18871  9.462  -40.946  63.041 0.1111110002
18240  8.836  -41.910  63.138 0.1111110002
17600  8.309  -42.904  61.932 0.1111110002
18866  14.046  -41.028  63.341 0.2222220004
18872  8.834  -41.269  62.608 0.1111110002
20132  13.018  -39.358  63.127 0.1111110002
20134  11.565  -40.045  62.783 0.1111110002
19533  13.552  -40.251  63.271 0.2222220004
19537  10.173  -40.674  62.839 0.1111110002
21309  12.406  -37.498  62.776 0.1111110002
20131  13.912  -39.324  63.056 0.1111110002
20133  12.046  -39.498  63.008 0.1111110002
20720  14.955  -38.309  62.661 0.2222220004
20730  11.014  -39.483  61.608 0.1111110002
20724  11.936  -38.525  62.114 0.1111110002
20130  14.670  -39.191  62.727 0.2222220004
21308  12.659  -37.498  63.490 0.1111110002
20715  14.023  -37.663  63.617 0.2222220004
20716  13.242  -37.632  63.739 0.2222220004
21307  14.595  -37.640  63.061 0.2222220004
20721  14.267  -38.419  63.090 0.2222220004
20719  15.872  -38.298  62.627 0.2222220004
22449  15.799  -35.530  63.145 0.2222220004
21299  14.403  -36.747  63.197 0.2222220004
21300  13.678  -36.859  64.053 0.2222220004
21883  14.743  -35.992  61.855 0.2222220004
21298  14.409  -36.505  62.298 0.2222220004
22448  16.500  -35.500  63.079 0.2222220004
21891  15.775  -36.025  62.375 0.2222220004
21306  15.017  -37.144  62.297 0.2222220004
21890  16.755  -36.295  62.849 0.2222220004
22442  15.007  -35.306  62.998 0.2222220004
21884  14.197  -35.936  62.650 0.2222220004
21885  13.810  -36.071  63.425 0.2222220004
23032  17.085  -34.570  63.143 0.2222220004
22447  17.489  -35.487  62.798 0.2222220004
23025  14.353  -34.404  63.691 0.2222220004
23034  13.941  -34.666  63.405 0.2222220004
23033  16.140  -34.694  63.564 0.2222220004
23586  16.755  -33.917  63.571 0.2222220004
23585  17.699  -33.344  63.391 0.2222220004
24102  18.033  -32.562  63.597 0.2222220004
24625  15.409  -31.282  64.522 0.2222220004
24624  16.346  -31.128  64.469 0.2222220004
24089  15.657  -31.942  64.933 0.2222220004
23579  15.103  -33.580  64.213 0.2222220004
24088  16.583  -32.011  64.898 0.2222220004
24095  15.874  -32.823  64.626 0.2222220004
24623  17.313  -31.262  64.584 0.2222220004
24087  17.258  -32.059  64.537 0.2222220004
23024  15.343  -34.364  63.733 0.2222220004
24630  17.724  -31.649  64.380 0.2222220004
24094  16.774  -32.699  64.328 0.2222220004
23587  16.288  -34.041  63.559 0.2222220004
23578  16.160  -33.636  63.899 0.2222220004
24092  18.187  -32.046  63.686 0.2222220004
23576  17.508  -33.024  63.792 0.2222220004
23577  17.125  -33.211  63.890 0.2222220004
27989  25.649  -25.427  62.044 0.2222220004
27990  24.712  -25.390  62.290 0.1111110002
25185  16.180  -30.219  64.409 0.1111110002
25174  17.200  -30.457  64.512 0.2222220004
25173  18.025  -30.374  64.668 0.2222220004
25731  17.775  -29.584  64.595 0.2222220004
25730  18.524  -29.490  64.719 0.2222220004
28548  25.581  -24.821  61.771 0.1111110002
27991  24.165  -25.818  62.420 0.1111110002
28563  24.612  -24.382  60.485 0.1111110002
25175  16.590  -30.396  64.441 0.1111110002
25732  17.004  -29.908  64.352 0.1111110002
26857  21.443  -27.639  63.722 0.1111110002
26303  18.250  -29.054  64.559 0.1111110002
26312  18.910  -28.574  64.542 0.2222220004
27416  22.468  -26.312  62.968 0.1111110002
26868  21.551  -27.059  63.313 0.1111110002
26858  20.709  -27.635  63.917 0.1111110002
26859  19.675  -27.725  64.017 0.1111110002
28562  26.014  -24.456  60.438 0.1111110002
27462  35.474  -26.330  56.951 0.1111110002
26917  35.881  -27.186  56.790 0.1111110002
26918  35.142  -27.312  57.340 0.1111110002
26367  35.551  -28.097  56.772 0.1111110002
26368  34.760  -28.379  57.072 0.1111110002
25796  31.804  -29.845  58.150 0.1111110002
26374  35.221  -29.004  56.544 0.1111110002
25801  34.486  -29.447  56.945 0.1111110002
25237  32.099  -30.485  57.515 0.1111110002
29118  29.096  -23.023  59.829 0.2222220004
26913  34.690  -26.996  58.031 0.1111110002
26362  34.323  -27.782  57.621 0.1111110002
26369  33.950  -28.684  57.312 0.1111110002
25802  33.670  -29.553  57.218 0.1111110002
25795  32.557  -29.536  57.778 0.1111110002
25248  32.658  -30.315  57.137 0.1111110002
25246  33.989  -30.297  57.082 0.1111110002
26357  33.407  -27.738  58.728 0.2222220004
26358  32.622  -28.058  59.011 0.1111110002
26365  32.147  -28.911  58.504 0.1111110002
26363  33.595  -28.128  57.908 0.1111110002
26364  32.997  -28.636  58.378 0.1111110002
25794  33.269  -28.986  57.580 0.1111110002
25803  33.048  -29.661  57.264 0.1111110002
25247  33.319  -30.223  57.039 0.1111110002
30258  47.794  -21.544  51.964 0.2222220004
30796  47.629  -20.350  51.968 0.1111110002
30800  48.029  -20.778  51.209 0.1111110002
30261  48.653  -21.254  50.692 0.1111110002
31354  48.955  -19.281  50.993 0.1111110002
30799  48.705  -20.246  50.776 0.1111110002
30804  49.327  -20.873  50.448 0.1111110002
30803  49.975  -20.506  50.202 0.1111110002
30264  49.827  -21.425  50.051 0.1111110002
30809  50.426  -21.077  49.749 0.1111110002
30269  50.114  -21.969  49.496 0.1111110002
30798  49.477  -19.915  50.564 0.1111110002
31359  50.107  -19.699  50.397 0.1111110002
30808  51.097  -20.641  49.479 0.1111110002
30814  51.399  -21.136  48.724 0.1111110002
30268  50.841  -21.790  49.123 0.1111110002
30274  51.329  -22.008  48.566 0.1111110002
31930  50.022  -18.205  51.043 0.1111110002
31353  49.815  -19.008  50.812 0.1111110002
30802  50.638  -20.108  50.115 0.1111110002
31364  51.325  -19.466  49.887 0.1111110002
30273  51.909  -21.670  48.159 0.1111110002
30819  52.308  -20.858  47.519 0.1111110002
31374  52.370  -20.070  47.338 0.1111110002
32500  53.533  -17.364  46.430 0.1111110002
31947  53.270  -18.393  46.789 0.1111110002
30818  52.575  -20.624  46.816 0.1111110002
31352  50.272  -18.655  50.795 0.1111110002
31358  50.597  -19.124  50.543 0.1111110002
30807  51.668  -20.112  48.985 0.1111110002
30813  51.849  -20.645  48.272 0.1111110002
31369  52.310  -19.540  48.191 0.1111110002
31368  52.715  -18.878  47.803 0.1111110002
33079  53.006  -16.617  47.063 0.1111110002
31373  52.678  -19.343  47.023 0.1111110002
32495  53.119  -17.577  47.187 0.1111110002
31939  51.514  -18.389  49.678 0.1111110002
31363  51.816  -19.176  49.175 0.1111110002
31938  52.094  -18.361  48.962 0.1111110002
31943  52.641  -18.280  48.284 0.1111110002
40582  49.952  -5.549  49.769 0.2222220004
39758  50.141  -6.383  50.090 0.2222220004
25238  31.685  -30.857  58.001 0.1111110002
21886  13.163  -36.273  63.670 0.2222220004
21301  12.783  -37.058  64.100 0.1111110002
27414  23.794  -26.136  62.526 0.1111110002
18241  8.476  -41.913  62.478 0.1111110002
18246  8.418  -42.103  61.798 0.1111110002
20722  13.499  -38.422  63.296 0.1111110002
20140  11.526  -39.642  62.418 0.1111110002
20723  12.660  -38.265  63.236 0.1111110002
24622  17.987  -31.057  64.465 0.2222220004
24093  17.699  -32.486  64.058 0.2222220004
41376  50.085  -5.127  49.612 0.2222220004
30754  34.712  -21.000  60.976 0.1111110002
30743  34.879  -20.255  61.189 0.1111110002
29663  29.759  -22.777  59.972 0.1111110002
29131  29.392  -22.550  59.751 0.1111110002
35339  44.125  -12.420  55.432 0.1111110002
39760  48.743  -6.204  50.641 0.1111110002
39759  49.256  -6.311  50.384 0.1111110002
40583  49.523  -5.698  50.054 0.1111110002
41381  50.237  -4.496  49.363 0.1111110002
42988  50.565  -2.895  49.490 0.1111110002
43737  52.259  -1.257  48.715 0.1111110002
42987  51.184  -2.278  49.394 0.1111110002
42986  52.140  -2.157  48.983 0.1111110002
39749  48.134  -6.236  50.990 0.1111110002
52130  61.070  9.319  33.534 0.1111110002
52943  61.050  10.350  33.074 0.1111110002
52939  60.787  10.288  33.962 0.1111110002
53745  61.319  11.361  31.718 0.1111110002
53749  61.463  11.456  30.758 0.1111110002
54504  61.180  12.590  29.200 0.1111110002
53743  61.189  11.284  32.609 0.1111110002
54499  61.276  12.489  30.220 0.1111110002
53754  61.509  11.429  29.599 0.1111110002
57448  60.750  16.488  24.234 0.1111110002
53739  60.889  11.388  33.578 0.1111110002
54487  61.013  12.035  32.855 0.1111110002
54491  61.061  12.083  32.121 0.1111110002
55270  60.689  12.964  31.357 0.1111110002
55282  60.978  13.477  29.688 0.1111110002
55275  60.688  13.418  30.732 0.1111110002
56000  60.575  14.457  29.169 0.1111110002
56010  60.824  14.496  28.186 0.1111110002
56731  60.977  15.460  27.688 0.1111110002
56733  61.140  15.480  26.740 0.1111110002
56735  61.278  15.561  25.772 0.1111110002
57443  60.815  16.444  25.265 0.1111110002
57450  60.558  16.509  23.167 0.1111110002
54492  60.657  12.701  32.449 0.1111110002
55993  60.481  14.097  29.972 0.1111110002
55276  60.394  14.009  31.112 0.1111110002
56729  60.771  15.451  28.604 0.1111110002
57441  60.957  16.429  26.252 0.1111110002
58169  60.693  17.435  24.746 0.1111110002
58171  60.659  17.527  23.677 0.1111110002
58174  60.580  17.916  22.980 0.1111110002
58904  60.341  18.015  22.111 0.1111110002
55271  60.465  13.537  31.744 0.1111110002
56001  60.342  14.811  29.835 0.1111110002
56720  60.541  15.487  29.428 0.1111110002
57429  60.869  16.365  29.069 0.1111110002
57437  61.030  16.389  28.154 0.1111110002
57439  61.063  16.410  27.206 0.1111110002
58157  61.168  17.330  27.675 0.1111110002
58164  60.725  17.375  25.771 0.1111110002
58159  61.023  17.347  26.717 0.1111110002
58895  60.820  18.405  24.272 0.1111110002
58903  60.651  18.493  22.370 0.1111110002
58909  60.202  18.395  21.644 0.1111110002
59630  59.757  19.211  21.165 0.1111110002
59638  59.070  19.133  20.793 0.1111110002
58924  58.054  18.610  20.461 0.1111110002
58932  57.246  18.887  19.881 0.1111110002
55994  60.278  14.536  30.582 0.1111110002
56721  60.365  15.488  30.178 0.1111110002
57430  60.611  16.291  29.832 0.1111110002
58155  61.043  17.318  28.644 0.1111110002
58888  60.911  18.269  26.245 0.1111110002
58886  61.089  18.243  27.181 0.1111110002
58893  60.813  18.326  25.274 0.1111110002
58899  60.775  18.512  23.314 0.1111110002
59639  58.362  19.248  20.584 0.1111110002
58939  56.771  19.227  18.660 0.1111110002
58219  56.611  18.793  17.716 0.1111110002
59625  60.375  19.284  21.591 0.1111110002
59614  60.826  19.337  23.824 0.1111110002
58228  56.957  19.011  16.628 0.1111110002
58229  56.765  18.891  16.075 0.1111110002
58237  57.092  18.555  15.044 0.1111110002
59619  60.764  19.344  22.844 0.1111110002
60395  60.411  19.681  21.845 0.1111110002
59655  57.026  19.933  19.081 0.1111110002
58946  56.964  19.798  17.781 0.1111110002
58236  57.186  18.922  15.647 0.1111110002
60388  60.410  19.922  22.322 0.1111110002
60396  59.868  20.070  21.590 0.1111110002
60411  58.575  19.576  20.731 0.1111110002
59647  57.551  19.591  20.094 0.1111110002
60402  58.878  19.885  20.964 0.1111110002
59606  60.928  19.163  25.787 0.1111110002
60374  60.734  20.090  24.420 0.1111110002
59665  57.019  20.115  18.037 0.1111110002
59666  57.226  20.055  17.260 0.1111110002
60380  60.407  20.294  23.326 0.1111110002
60412  57.924  20.034  20.398 0.1111110002
60419  57.250  20.382  19.383 0.1111110002
60436  57.241  20.368  17.520 0.1111110002
60389  59.954  20.593  22.455 0.1111110002
61184  58.982  20.357  21.440 0.1111110002
60369  60.883  19.995  25.374 0.1111110002
61151  60.621  20.573  25.911 0.1111110002
61146  60.709  20.505  26.424 0.1111110002
61160  60.340  20.730  24.210 0.1111110002
61155  60.534  20.687  25.031 0.1111110002
61211  57.395  20.728  19.627 0.1111110002
61147  60.477  21.042  26.685 0.1111110002
61161  59.821  21.131  23.646 0.1111110002
61152  60.217  21.202  25.635 0.1111110002
61166  59.366  20.924  22.853 0.1111110002
61199  57.762  20.606  20.356 0.1111110002
61936  58.555  20.789  21.985 0.1111110002
61185  58.301  20.482  21.076 0.1111110002
61930  58.641  20.994  22.486 0.1111110002
61921  59.405  21.713  24.310 0.1111110002
61924  58.830  21.492  23.403 0.1111110002
55989  60.260  14.587  31.422 0.1111110002
52946  61.231  10.401  32.179 0.1111110002
54494  61.119  12.377  31.258 0.1111110002
54495  60.753  12.694  31.777 0.1111110002
56013  61.093  14.511  27.251 0.1111110002
56740  61.190  15.586  24.779 0.1111110002
58172  60.459  17.342  23.049 0.1111110002
58908  60.603  18.873  21.843 0.1111110002
58923  58.823  18.403  20.742 0.1111110002
56714  60.174  15.469  30.955 0.1111110002
59624  60.662  19.296  22.083 0.1111110002
58940  56.710  19.234  18.123 0.1111110002
58947  57.007  19.425  17.286 0.1111110002
59610  60.888  19.235  24.823 0.1111110002
58959  57.526  18.933  14.792 0.1111110002
58238  56.608  18.119  14.707 0.1111110002
60403  58.220  20.229  20.696 0.1111110002
61171  59.158  20.677  22.032 0.1111110002
60381  59.911  20.798  23.046 0.1111110002
61172  58.580  20.641  21.648 0.1111110002
18236  12.648  -41.929  63.063 0.1111110002
18237  11.658  -42.110  63.031 0.1111110002
17589  11.075  -42.862  62.924 0.1111110002
19532  14.559  -40.244  62.801 0.1111110002
20129  15.490  -39.167  62.596 0.1111110002
20128  15.878  -38.924  62.640 0.1111110002
21305  16.212  -37.129  62.538 0.1111110002
21898  19.400  -36.445  62.459 0.1111110002
21313  18.425  -37.311  62.682 0.1111110002
20728  17.114  -38.658  62.496 0.1111110002
22460  17.982  -35.550  62.639 0.1111110002
21304  17.276  -37.130  62.780 0.1111110002
23042  18.583  -34.978  62.192 0.1111110002
21888  18.108  -36.527  62.936 0.1111110002
21303  17.839  -36.856  62.949 0.1111110002
23029  19.031  -34.315  62.037 0.1111110002
22458  19.128  -35.522  62.433 0.1111110002
25226  23.391  -30.358  60.042 0.1111110002
23041  19.392  -34.663  61.870 0.1111110002
25790  26.630  -29.412  58.671 0.1111110002
25780  26.177  -28.736  59.234 0.1111110002
25225  24.028  -30.088  59.381 0.1111110002
25791  25.704  -29.330  58.716 0.1111110002
25792  24.876  -29.622  59.008 0.1111110002
24669  23.520  -30.760  59.421 0.1111110002
25783  23.872  -29.617  60.268 0.1111110002
25781  25.340  -28.961  59.477 0.1111110002
27476  42.764  -26.229  53.749 0.1111110002
27481  43.680  -26.328  52.771 0.1111110002
28044  44.191  -25.246  52.287 0.1111110002
28608  45.631  -24.346  52.730 0.1111110002
28043  45.224  -24.924  52.259 0.1111110002
28050  45.680  -25.438  52.299 0.1111110002
29177  46.018  -23.939  52.850 0.1111110002
28614  47.057  -24.435  52.606 0.1111110002
28615  46.281  -24.427  52.737 0.1111110002
28049  46.440  -25.304  52.425 0.1111110002
29176  46.555  -23.497  52.926 0.1111110002
25782  24.541  -29.269  59.780 0.1111110002
18243  13.090  -42.189  62.319 0.1111110002
19542  14.986  -40.467  62.510 0.1111110002
18875  14.951  -41.085  62.396 0.1111110002
20138  16.272  -39.268  62.506 0.1111110002
20729  16.504  -38.554  62.597 0.1111110002
21899  18.621  -36.189  62.802 0.1111110002
20137  17.525  -39.601  62.077 0.1111110002
21314  17.516  -37.912  62.537 0.1111110002
23040  20.024  -35.052  61.744 0.1111110002
28042  45.852  -24.926  52.585 0.1111110002
17593  8.384  -42.391  62.272 0.1111110002
19531  15.038  -39.676  62.594 0.1111110002
20717  12.826  -37.611  63.673 0.1111110002
21302  12.590  -37.033  63.367 0.3333329856
21317  8.643  -37.189  61.832 0.1111110002
21892  12.866  -36.130  63.087 0.3333329856
21901  12.316  -35.843  62.694 0.3333329856
22446  18.030  -35.924  62.826 0.1111110002
22450  13.739  -34.766  63.310 0.2222220004
22459  18.399  -35.545  62.572 0.1111110002
22461  12.474  -35.699  62.807 0.3333329856
23035  13.668  -34.369  63.522 0.3333329856
23043  18.041  -35.219  62.415 0.1111110002
24110  18.432  -31.650  62.274 0.2222220004
24631  16.212  -30.609  64.390 0.1111110002
24632  15.714  -30.661  64.398 0.1111110002
25176  15.056  -29.987  64.797 0.1111110002
25745  17.340  -29.273  64.277 0.1111110002
26304  17.996  -29.060  64.514 0.1111110002
26339  17.405  -28.017  62.719 0.1111110002
26872  17.639  -27.973  62.828 0.1111110002
26886  16.017  -27.790  62.562 0.1111110002
27439  21.442  -25.548  60.895 0.1111110002
27441  19.805  -26.431  60.860 0.1111110002
27452  20.996  -25.965  60.645 0.1111110002
28014  20.338  -25.600  60.617 0.1111110002
28015  19.913  -25.910  60.501 0.1111110002
28564  23.776  -24.256  59.929 0.1111110002
28575  23.672  -23.782  59.111 0.1111110002
29109  24.192  -24.108  61.215 0.2222220004
29130  29.528  -22.816  59.863 0.1111110002
29142  25.549  -22.678  58.471 0.1111110002
29144  24.474  -22.685  58.994 0.1111110002
29656  24.197  -21.948  59.738 0.1111110002
29664  29.566  -22.570  59.990 0.1111110002
29666  24.575  -21.989  59.058 0.1111110002
29671  26.351  -21.874  58.101 0.1111110002
29673  24.905  -22.134  58.682 0.1111110002
29679  26.343  -21.627  57.739 0.1111110002
29680  26.135  -21.701  57.841 0.1111110002
30207  27.166  -20.400  59.965 0.1111110002
30208  27.052  -20.285  60.100 0.1111110002
30215  27.547  -20.375  59.793 0.1111110002
30216  27.438  -20.765  59.514 0.1111110002
30217  25.664  -20.236  58.753 0.1111110002
30223  27.050  -20.805  57.925 0.1111110002
30224  25.973  -20.846  58.045 0.1111110002
30225  25.141  -21.254  58.508 0.1111110002
30230  26.522  -21.453  57.712 0.1111110002
30231  26.288  -21.421  57.827 0.1111110002
30726  31.634  -19.511  62.591 0.1111110002
30748  27.390  -20.107  59.720 0.1111110002
30749  26.804  -20.232  60.116 0.1111110002
30750  26.513  -20.028  59.964 0.1111110002
30755  27.531  -20.265  59.498 0.1111110002
30757  26.317  -19.842  59.441 0.1111110002
30762  27.014  -20.132  58.318 0.1111110002
30763  26.515  -20.000  58.367 0.1111110002
31869  31.675  -18.906  62.714 0.1111110002
32463  41.365  -17.883  55.504 0.6666669846
33622  37.222  -15.533  60.511 0.1111110002
33673  48.285  -14.585  51.326 0.8888890147
33674  48.071  -14.684  51.382 0.8888890147
34238  48.208  -14.438  51.446 0.8888890147
36607  48.743  -9.864  50.809 0.3333329856
37326  49.362  -10.014  50.399 0.3333329856
38077  44.283  -8.764  54.310 0.1111110002
38921  45.819  -7.307  50.784 0.1111110002
38922  45.536  -7.350  50.152 0.1111110002
38928  45.818  -7.217  50.127 0.1111110002
38929  45.506  -7.285  49.891 0.1111110002
39751  46.468  -6.545  50.574 0.1111110002
39753  45.508  -7.347  50.087 0.1111110002
39761  46.038  -6.748  50.001 0.1111110002
39762  45.532  -7.022  49.899 0.1111110002
39763  45.556  -7.314  50.080 0.1111110002
89087  10.180  -38.057  60.872 0.1111110002
89090  10.518  -37.612  61.167 0.1111110002
89095  10.820  -38.448  60.690 0.1111110002
89097  11.044  -38.179  60.584 0.1111110002
89098  11.064  -37.812  60.717 0.1111110002
