#!ascii label  , from subject TEMPLATE vox2ras=TkReg
2162
89088  9.738  -37.860  61.121 0.2222220004
89093  10.620  -38.058  60.686 0.2222220004
89086  9.973  -38.414  60.912 0.2222220004
89091  9.964  -37.229  61.906 0.2222220004
89092  9.041  -37.868  61.143 0.2222220004
20730  11.014  -39.483  61.608 0.1111110002
20725  11.775  -37.910  61.432 0.2222220004
20731  11.350  -38.391  61.037 0.2222220004
89096  10.894  -37.083  61.830 0.2222220004
21321  8.787  -37.461  61.594 0.2222220004
21893  12.470  -36.450  62.612 0.2222220004
21310  12.117  -37.140  61.632 0.1111110002
21894  11.348  -36.386  62.357 0.1111110002
21315  11.387  -37.494  61.103 0.2222220004
22453  11.884  -35.457  62.668 0.1111110002
22454  10.743  -35.505  62.608 0.2222220004
21895  10.298  -36.480  62.454 0.2222220004
21316  9.144  -37.345  61.856 0.2222220004
21300  13.678  -36.859  64.053 0.1111110002
21301  12.783  -37.058  64.100 0.1111110002
21900  12.576  -35.918  62.789 0.1111110002
22462  12.277  -35.560  62.749 0.1111110002
23037  12.055  -34.306  63.341 0.3333329856
23038  11.182  -34.484  62.963 0.3333329856
23039  10.270  -34.607  62.756 0.4444440007
22455  9.651  -35.575  62.520 0.4444440007
21896  9.408  -36.640  62.428 0.2222220004
23044  9.537  -34.568  62.548 0.4444440007
22456  9.109  -36.093  62.375 0.3333329856
21322  8.391  -37.443  61.452 0.2222220004
22464  8.824  -35.520  62.189 0.2222220004
21902  8.701  -36.546  62.069 0.2222220004
21903  8.424  -36.919  61.750 0.2222220004
21885  13.810  -36.071  63.425 0.1111110002
22451  13.402  -34.874  63.179 0.1111110002
22444  13.386  -35.680  63.126 0.1111110002
22452  12.714  -35.343  62.940 0.1111110002
23036  12.966  -34.070  63.429 0.1111110002
23582  12.117  -33.262  64.067 0.3333329856
24098  12.591  -32.410  63.770 0.4444440007
23590  11.445  -33.553  63.637 0.3333329856
23591  10.679  -33.657  63.105 0.4444440007
22463  9.208  -35.058  62.431 0.4444440007
21906  8.498  -35.987  61.836 0.2222220004
22467  8.284  -35.429  61.679 0.2222220004
22443  13.960  -35.194  63.174 0.1111110002
26309  21.724  -27.992  63.708 0.4444440007
25741  20.945  -28.981  63.808 0.3333329856
23026  13.860  -34.036  63.875 0.1111110002
25742  20.165  -29.267  64.113 0.2222220004
25183  19.235  -30.308  64.180 0.2222220004
23588  13.429  -33.840  63.860 0.2222220004
23589  13.091  -33.751  63.857 0.2222220004
23581  12.968  -33.385  64.226 0.3333329856
24635  12.899  -31.546  63.275 0.6666669846
24642  11.956  -32.053  62.151 0.6666669846
24104  11.534  -32.516  62.755 0.6666669846
24105  10.256  -33.074  62.670 0.5555559993
23592  9.904  -33.836  62.802 0.4444440007
23045  8.892  -34.529  62.315 0.4444440007
23046  8.292  -34.275  62.171 0.4444440007
23602  7.523  -34.101  61.802 0.2222220004
21912  6.334  -36.257  60.239 0.2222220004
25743  19.293  -29.358  64.533 0.3333329856
25172  18.779  -30.077  64.727 0.2222220004
23025  14.353  -34.404  63.691 0.1111110002
23034  13.941  -34.666  63.405 0.1111110002
25184  18.466  -30.608  64.394 0.2222220004
24096  14.855  -32.698  64.774 0.1111110002
26310  20.959  -28.337  64.057 0.4444440007
24629  18.339  -31.337  64.075 0.2222220004
24090  14.797  -31.807  64.723 0.2222220004
23580  14.048  -33.470  64.230 0.1111110002
26857  21.443  -27.639  63.722 0.4444440007
24640  18.477  -31.545  63.509 0.2222220004
24097  13.850  -32.234  64.465 0.2222220004
24627  14.081  -31.183  64.535 0.5555559993
24634  13.381  -31.332  64.037 0.5555559993
24641  12.447  -31.619  62.242 0.5555559993
24654  10.889  -31.488  61.862 0.5555559993
24113  10.496  -32.346  62.197 0.5555559993
24114  9.399  -32.823  62.460 0.4444440007
23597  7.769  -33.697  62.112 0.3333329856
22442  15.007  -35.306  62.998 0.1111110002
23024  15.343  -34.364  63.733 0.1111110002
23579  15.103  -33.580  64.213 0.1111110002
24622  17.987  -31.057  64.465 0.2222220004
26312  18.910  -28.574  64.542 0.4444440007
24094  16.774  -32.699  64.328 0.1111110002
24089  15.657  -31.942  64.933 0.3333329856
26868  21.551  -27.059  63.313 0.5555559993
26858  20.709  -27.635  63.917 0.4444440007
26859  19.675  -27.725  64.017 0.4444440007
24626  14.761  -31.089  64.519 0.3333329856
27416  22.468  -26.312  62.968 0.5555559993
27417  21.858  -26.449  62.452 0.4444440007
26869  20.596  -27.256  62.983 0.4444440007
25177  14.502  -30.412  64.621 0.5555559993
26867  22.243  -27.270  63.285 0.5555559993
27983  22.710  -25.382  62.696 0.4444440007
27984  22.335  -25.140  62.173 0.5555559993
25734  14.667  -29.806  64.547 0.5555559993
25735  14.117  -29.966  64.284 0.6666669846
27982  23.243  -25.369  62.934 0.6666669846
28539  22.377  -24.553  63.109 0.6666669846
28530  22.000  -23.912  63.478 0.5555559993
25188  13.479  -30.502  63.709 0.5555559993
24653  11.664  -31.717  61.726 0.5555559993
25212  11.020  -30.718  62.190 0.5555559993
24115  8.308  -32.783  62.338 0.5555559993
25730  18.524  -29.490  64.719 0.2222220004
25173  18.025  -30.374  64.668 0.3333329856
24623  17.313  -31.262  64.584 0.2222220004
24088  16.583  -32.011  64.898 0.2222220004
24624  16.346  -31.128  64.469 0.4444440007
24633  15.228  -30.873  64.459 0.5555559993
26303  18.250  -29.054  64.559 0.4444440007
25175  16.590  -30.396  64.441 0.4444440007
25185  16.180  -30.219  64.409 0.4444440007
25187  15.131  -30.492  64.600 0.5555559993
26870  19.259  -27.570  63.146 0.5555559993
27429  21.283  -26.710  61.773 0.5555559993
25736  13.783  -30.167  63.999 0.5555559993
28538  23.062  -24.574  63.347 0.5555559993
27992  21.864  -24.764  61.420 0.5555559993
28540  21.708  -23.973  62.566 0.5555559993
25749  13.602  -29.637  63.489 0.5555559993
28528  23.360  -23.917  64.038 0.5555559993
25760  12.504  -29.664  62.972 0.5555559993
25218  11.936  -30.643  61.470 0.5555559993
25211  11.612  -30.557  62.061 0.5555559993
24655  9.824  -31.791  62.199 0.5555559993
25213  10.292  -31.027  62.546 0.5555559993
25731  17.775  -29.584  64.595 0.2222220004
25174  17.200  -30.457  64.512 0.2222220004
26860  18.652  -27.917  63.966 0.4444440007
25744  17.775  -29.104  64.452 0.4444440007
25186  15.634  -30.061  64.510 0.5555559993
26894  20.226  -27.009  61.393 0.4444440007
26882  19.808  -27.397  62.175 0.5555559993
26871  18.172  -27.897  63.166 0.4444440007
26313  17.928  -28.560  64.208 0.4444440007
25745  17.340  -29.273  64.277 0.4444440007
27415  23.178  -26.363  62.829 0.5555559993
27981  23.969  -25.413  62.626 0.5555559993
27440  20.910  -26.429  61.019 0.4444440007
26895  19.257  -27.193  61.358 0.4444440007
26327  17.907  -28.116  63.695 0.4444440007
28537  23.983  -24.244  63.123 0.6666669846
27453  20.392  -26.124  60.617 0.4444440007
26896  18.338  -27.455  61.328 0.4444440007
26316  15.130  -29.105  63.321 0.5555559993
25748  14.497  -29.461  63.917 0.5555559993
28527  23.616  -23.584  63.704 0.5555559993
28529  22.564  -24.004  63.875 0.6666669846
29092  23.357  -23.043  63.992 0.6666669846
29093  22.742  -23.200  64.250 0.6666669846
28004  21.130  -24.750  60.900 0.5555559993
89545  19.516  -25.461  61.015 0.5555559993
29094  21.941  -23.232  64.014 0.6666669846
29102  21.536  -23.479  63.434 0.6666669846
29112  20.772  -24.006  62.270 0.6666669846
29103  20.800  -23.436  63.264 0.6666669846
27990  24.712  -25.390  62.290 0.4444440007
25746  16.388  -29.598  64.238 0.5555559993
26315  16.034  -28.957  63.687 0.5555559993
27991  24.165  -25.818  62.420 0.5555559993
27980  24.350  -25.226  62.466 0.5555559993
25747  15.341  -29.524  64.250 0.4444440007
26883  18.734  -27.633  62.190 0.4444440007
26314  16.986  -28.861  63.829 0.4444440007
26329  16.624  -28.484  63.164 0.4444440007
26330  15.771  -28.429  62.883 0.4444440007
26884  17.580  -27.813  62.120 0.4444440007
29091  23.665  -23.054  63.366 0.5555559993
89544  20.202  -24.915  61.129 0.5555559993
26340  17.012  -28.086  62.673 0.4444440007
27443  17.586  -26.982  61.247 0.5555559993
26341  16.406  -28.151  62.625 0.4444440007
25759  13.286  -30.007  63.036 0.5555559993
29633  22.224  -22.451  64.326 0.6666669846
25769  11.880  -30.069  62.535 0.5555559993
25761  11.446  -29.573  63.107 0.5555559993
29632  22.887  -22.217  64.194 0.6666669846
29095  21.139  -22.833  63.760 0.6666669846
27989  25.649  -25.427  62.044 0.4444440007
28549  24.558  -24.464  61.776 0.5555559993
28550  24.195  -23.758  62.351 0.6666669846
29101  23.995  -23.079  62.604 0.6666669846
27442  18.618  -26.499  61.040 0.5555559993
30178  23.308  -21.230  64.073 0.6666669846
27993  19.008  -25.326  61.471 0.5555559993
26885  16.638  -27.564  62.329 0.5555559993
28553  20.181  -24.360  62.011 0.6666669846
30179  22.741  -21.455  64.401 0.6666669846
29622  22.394  -21.810  64.477 0.6666669846
28548  25.581  -24.821  61.771 0.5555559993
28563  24.612  -24.382  60.485 0.6666669846
29110  23.924  -23.360  61.512 0.6666669846
29639  23.996  -21.987  61.911 0.5555559993
29630  23.838  -22.035  62.891 0.6666669846
29631  23.402  -22.140  63.614 0.6666669846
30185  24.516  -20.780  62.360 0.6666669846
28005  17.856  -26.323  61.604 0.5555559993
30177  23.957  -21.140  63.384 0.6666669846
27994  18.453  -25.642  61.650 0.5555559993
28542  19.460  -24.205  62.648 0.6666669846
29634  21.503  -22.348  64.275 0.6666669846
29104  19.786  -23.557  63.246 0.6666669846
30720  23.967  -20.352  63.902 0.6666669846
29623  21.853  -21.805  64.734 0.6666669846
30721  23.315  -20.325  64.363 0.6666669846
29645  23.980  -21.970  60.776 0.5555559993
30730  24.478  -20.127  63.155 0.6666669846
30715  22.767  -20.305  64.839 0.5555559993
31292  23.745  -19.414  64.081 0.5555559993
29672  25.600  -21.854  58.152 0.7777780294
30210  24.727  -20.749  60.140 0.5555559993
30197  24.673  -20.801  61.163 0.5555559993
30729  24.895  -19.490  62.326 0.6666669846
31301  24.825  -19.244  63.066 0.6666669846
31302  24.355  -19.620  63.614 0.5555559993
29665  27.769  -21.818  58.526 0.7777780294
30756  27.199  -20.029  59.055 0.6666669846
29655  27.833  -21.442  59.686 0.7777780294
30196  24.996  -19.428  60.318 0.5555559993
30184  24.917  -19.603  61.394 0.6666669846
31300  25.405  -18.729  62.475 0.5555559993
31291  24.417  -18.888  63.475 0.4444440007
31873  25.153  -18.559  63.139 0.4444440007
30208  27.052  -20.285  60.100 0.6666669846
30195  26.716  -19.803  60.332 0.6666669846
30740  27.047  -19.546  61.118 0.6666669846
30727  26.558  -19.023  61.518 0.7777780294
30183  25.645  -19.027  60.796 0.6666669846
30728  25.666  -18.876  61.616 0.6666669846
31872  25.999  -18.386  62.950 0.4444440007
31862  24.609  -18.095  63.245 0.4444440007
29643  27.925  -21.369  60.444 0.6666669846
30194  27.528  -20.454  60.832 0.6666669846
30739  27.760  -20.098  61.474 0.6666669846
31311  27.277  -19.221  61.685 0.7777780294
31883  27.566  -18.697  62.202 0.6666669846
31299  26.480  -18.787  62.210 0.6666669846
31871  26.981  -18.313  62.896 0.5555559993
31861  25.492  -17.887  63.317 0.3333329856
32424  26.433  -17.750  63.388 0.5555559993
30213  34.527  -21.464  60.317 0.5555559993
30743  34.879  -20.255  61.189 0.7777780294
30744  34.288  -20.891  61.677 0.8888890147
31313  35.132  -19.369  61.416 0.7777780294
31314  34.551  -19.914  61.991 0.8888890147
31887  34.668  -18.893  62.071 0.8888890147
30733  33.936  -20.400  62.356 0.7777780294
30188  33.030  -21.385  62.202 0.7777780294
31305  33.830  -19.443  62.677 0.7777780294
30734  33.094  -20.531  62.814 0.7777780294
30190  31.370  -20.986  62.155 0.7777780294
30724  32.518  -19.901  62.988 0.7777780294
30746  29.787  -21.235  61.578 0.7777780294
29642  28.531  -21.692  60.550 0.7777780294
30735  32.099  -20.365  62.529 0.7777780294
30191  30.721  -20.780  62.050 0.7777780294
30192  28.855  -21.282  61.409 0.7777780294
30193  28.119  -21.203  61.274 0.7777780294
30737  29.951  -20.494  61.840 0.7777780294
30738  28.749  -20.466  61.634 0.6666669846
31870  27.926  -18.123  62.778 0.7777780294
30752  35.864  -20.091  59.999 0.5555559993
30753  35.151  -20.637  60.369 0.6666669846
31317  35.492  -19.760  60.705 0.5555559993
31890  35.712  -18.899  60.895 0.7777780294
31886  35.379  -18.448  61.561 0.8888890147
31875  34.893  -17.895  62.076 0.8888890147
31876  34.014  -18.236  62.403 0.7777780294
31877  33.011  -18.468  63.028 0.6666669846
31306  33.031  -19.549  63.255 0.7777780294
30736  31.168  -19.932  62.313 0.7777780294
33010  35.095  -16.627  61.856 0.7777780294
32426  35.073  -17.013  62.011 0.7777780294
32427  34.317  -17.247  62.185 0.7777780294
30725  31.991  -19.688  62.692 0.7777780294
33020  34.998  -16.064  61.678 0.7777780294
32428  33.417  -17.385  62.510 0.6666669846
31296  32.402  -19.192  63.029 0.6666669846
33011  34.710  -16.437  61.942 0.8888890147
31297  31.876  -19.215  62.750 0.7777780294
31308  30.167  -19.350  62.280 0.8888890147
34739  35.163  -13.868  60.881 0.7777780294
34190  34.468  -14.773  61.098 0.7777780294
33616  34.144  -15.817  61.949 0.7777780294
33012  33.782  -16.499  62.176 0.7777780294
33013  32.914  -16.466  62.533 0.7777780294
32429  32.478  -17.362  62.697 0.7777780294
31867  32.392  -18.661  63.013 0.7777780294
31309  29.176  -19.493  61.976 0.7777780294
34183  33.874  -15.144  61.761 0.6666669846
33617  33.356  -15.611  62.315 0.7777780294
31882  28.521  -18.647  62.183 0.7777780294
34191  33.650  -14.428  61.490 0.5555559993
31320  36.459  -19.611  59.599 0.4444440007
31316  36.065  -19.264  60.248 0.5555559993
31893  36.560  -18.650  59.750 0.4444440007
31889  36.187  -18.509  60.416 0.5555559993
31885  36.014  -18.041  61.004 0.7777780294
32436  35.562  -17.496  61.601 0.7777780294
33019  35.471  -16.456  61.555 0.8888890147
33624  35.946  -15.614  61.068 0.8888890147
33625  35.041  -15.601  61.297 0.8888890147
34738  36.109  -13.993  60.723 0.7777780294
34189  35.475  -14.839  60.729 0.7777780294
33615  34.657  -15.874  61.681 0.7777780294
35305  35.900  -13.157  61.256 0.8888890147
33626  32.719  -15.075  62.242 0.6666669846
35895  36.501  -12.394  61.040 0.8888890147
35306  34.890  -12.906  61.189 0.5555559993
34740  34.253  -13.793  61.055 0.5555559993
34741  33.369  -13.695  61.121 0.5555559993
35903  36.138  -11.618  60.864 0.5555559993
35896  35.682  -12.353  61.061 0.5555559993
35313  34.471  -12.584  60.782 0.5555559993
35307  34.038  -13.071  60.893 0.5555559993
35904  34.902  -11.926  60.529 0.4444440007
30759  36.848  -20.012  58.953 0.2222220004
31319  36.887  -19.108  59.065 0.4444440007
31892  36.959  -18.343  59.206 0.4444440007
32447  37.801  -17.917  58.600 0.5555559993
32442  37.393  -17.495  59.251 0.5555559993
32443  36.813  -18.017  59.550 0.4444440007
32441  37.839  -16.936  58.889 0.5555559993
33024  37.354  -16.663  59.851 0.6666669846
32438  37.082  -17.096  59.940 0.7777780294
32439  36.607  -17.665  60.150 0.6666669846
33025  36.880  -16.527  60.399 0.7777780294
32435  36.223  -17.090  61.039 0.7777780294
33018  36.300  -16.279  60.990 0.8888890147
33633  37.111  -15.996  60.422 0.8888890147
33623  36.853  -15.718  60.665 0.8888890147
34187  37.187  -15.131  60.637 0.7777780294
34737  36.981  -14.234  60.612 0.7777780294
34188  36.429  -14.914  60.768 0.7777780294
34746  37.626  -13.592  60.342 0.7777780294
35312  37.584  -12.599  60.475 0.8888890147
35304  36.845  -13.197  60.839 0.8888890147
35902  37.259  -11.751  60.803 0.7777780294
36548  37.865  -10.845  60.446 0.6666669846
37267  38.182  -10.248  60.036 0.3333329856
37268  37.421  -10.143  60.020 0.5555559993
36549  36.798  -10.736  60.659 0.4444440007
36550  35.627  -10.783  60.397 0.4444440007
30766  37.365  -20.503  58.446 0.2222220004
31323  37.456  -19.553  58.584 0.3333329856
30765  37.989  -20.053  58.041 0.3333329856
31895  38.096  -18.285  58.345 0.3333329856
32446  38.330  -17.364  58.208 0.6666669846
33028  38.021  -16.481  58.733 0.6666669846
33029  37.699  -16.405  59.385 0.7777780294
33632  37.557  -15.745  60.116 0.7777780294
33631  37.983  -15.504  59.772 0.7777780294
34197  38.191  -15.035  59.844 0.7777780294
34745  38.330  -14.015  59.847 0.7777780294
34198  37.694  -14.627  60.314 0.7777780294
35311  38.332  -12.930  59.898 0.8888890147
35901  38.493  -11.768  60.157 0.8888890147
35900  38.963  -11.265  59.987 0.8888890147
36546  39.147  -10.994  59.890 0.8888890147
36557  39.308  -10.469  59.584 0.8888890147
36558  38.702  -10.086  59.777 0.7777780294
31326  38.515  -19.521  57.541 0.2222220004
31899  38.615  -18.477  57.786 0.5555559993
31322  38.097  -19.088  58.243 0.3333329856
33033  38.557  -16.141  58.148 0.7777780294
33640  39.083  -15.409  57.477 0.6666669846
34204  39.119  -14.294  57.590 0.8888890147
33641  38.619  -14.969  58.280 0.7777780294
33636  38.051  -15.618  59.214 0.8888890147
34212  39.607  -13.731  57.074 0.8888890147
34758  39.555  -13.160  57.973 0.8888890147
34205  38.912  -13.922  58.364 0.8888890147
34752  39.010  -13.326  58.979 0.8888890147
34201  38.468  -14.470  59.085 0.7777780294
34751  39.413  -12.994  58.594 0.8888890147
35911  39.369  -11.529  59.569 0.8888890147
35912  38.955  -11.870  59.780 0.8888890147
36556  40.230  -10.747  59.161 0.8888890147
37274  39.920  -9.685  59.214 0.6666669846
37275  39.128  -9.471  59.516 0.5555559993
31325  39.043  -19.003  57.043 0.2222220004
32450  39.510  -17.273  57.142 0.3333329856
31898  39.185  -18.214  57.299 0.4444440007
32451  38.907  -17.836  57.624 0.5555559993
32445  38.847  -16.781  57.721 0.6666669846
33039  39.891  -15.933  56.934 0.6666669846
34765  39.639  -13.310  57.247 0.8888890147
34757  40.366  -12.551  57.276 0.8888890147
35327  39.877  -12.684  58.393 0.8888890147
35918  41.033  -11.706  58.491 0.8888890147
35318  40.157  -12.237  58.717 0.8888890147
35319  39.701  -12.513  58.817 0.8888890147
36555  40.775  -11.316  58.929 0.8888890147
35910  40.370  -11.808  58.899 0.8888890147
36562  41.081  -10.537  58.642 0.8888890147
37283  41.075  -9.326  58.487 0.8888890147
36563  40.546  -9.868  58.867 0.7777780294
32459  39.850  -17.771  56.368 0.3333329856
33648  39.723  -14.731  56.939 0.8888890147
34764  39.879  -13.084  56.849 0.8888890147
35325  41.055  -12.274  57.403 0.8888890147
34756  40.775  -12.408  56.976 0.8888890147
35917  41.575  -11.841  57.650 0.8888890147
36561  41.788  -10.971  58.051 0.8888890147
37282  41.686  -9.779  57.935 0.8888890147
31906  40.002  -18.158  55.956 0.3333329856
32449  40.154  -16.628  56.514 0.3333329856
34210  41.285  -14.176  56.229 0.7777780294
33647  40.622  -15.017  56.527 0.8888890147
35330  41.602  -12.273  56.826 1.0000000000
34763  40.873  -12.745  56.446 1.0000000000
34211  40.264  -13.919  56.463 0.8888890147
35331  41.175  -12.377  56.895 0.8888890147
35324  41.425  -12.104  57.335 0.8888890147
36567  42.281  -10.297  57.371 1.0000000000
37289  42.316  -9.097  57.352 0.8888890147
32458  40.470  -17.328  55.832 0.3333329856
33038  40.967  -16.089  56.285 0.5555559993
34762  41.831  -13.449  56.307 0.7777780294
35329  42.324  -12.941  56.146 1.0000000000
35922  42.347  -11.872  56.333 1.0000000000
35923  42.148  -11.408  57.246 1.0000000000
37288  42.704  -9.620  56.617 1.0000000000
38066  42.739  -8.234  56.615 1.0000000000
38067  42.362  -8.271  57.326 0.8888890147
33047  41.180  -16.661  55.791 0.3333329856
33646  41.632  -15.179  56.615 0.5555559993
34209  42.152  -14.484  56.666 0.6666669846
36566  42.620  -10.834  56.580 1.0000000000
37292  43.163  -8.991  55.750 1.0000000000
32457  41.591  -17.185  55.590 0.3333329856
33046  41.886  -16.505  56.056 0.3333329856
34761  42.611  -13.910  56.474 0.6666669846
36570  42.877  -10.245  55.761 1.0000000000
38073  43.485  -8.158  55.161 1.0000000000
38070  43.086  -7.933  55.755 1.0000000000
33045  42.854  -16.196  56.541 0.3333329856
33644  42.954  -15.165  56.723 0.4444440007
33037  42.088  -15.858  56.489 0.3333329856
34208  42.858  -14.761  56.714 0.5555559993
33645  42.608  -15.393  56.684 0.3333329856
34769  43.100  -13.409  56.106 0.6666669846
35926  43.558  -12.201  55.613 0.8888890147
35335  42.986  -12.488  55.911 0.7777780294
35927  43.080  -11.456  55.786 0.8888890147
36573  43.299  -9.765  55.034 1.0000000000
37295  43.729  -8.984  55.032 1.0000000000
38898  43.568  -7.553  54.514 1.0000000000
38897  43.580  -6.894  54.815 1.0000000000
33652  42.956  -15.641  56.662 0.4444440007
33651  43.363  -15.309  56.561 0.4444440007
34215  43.909  -14.592  56.094 0.4444440007
34216  43.306  -14.287  56.403 0.5555559993
35334  43.644  -12.921  55.734 0.6666669846
35932  43.408  -10.750  55.110 0.8888890147
38078  43.887  -8.437  54.502 1.0000000000
39732  43.554  -7.445  53.953 1.0000000000
39731  43.686  -6.761  54.058 0.8888890147
34773  44.264  -13.216  55.408 0.5555559993
34768  43.744  -13.798  55.828 0.6666669846
35339  44.125  -12.420  55.432 0.7777780294
35931  43.908  -11.655  55.201 0.8888890147
35937  43.721  -10.222  54.638 0.8888890147
36578  43.923  -9.536  54.632 0.8888890147
39736  44.302  -7.105  53.059 1.0000000000
40570  44.488  -6.187  53.479 0.8888890147
40566  44.791  -5.305  53.754 1.0000000000
35338  44.645  -12.533  55.033 0.6666669846
35936  44.077  -10.891  54.594 0.8888890147
37302  44.124  -8.987  54.632 0.8888890147
38085  44.133  -8.511  54.073 0.8888890147
38904  43.926  -7.991  53.699 1.0000000000
39737  43.781  -7.336  53.652 1.0000000000
39743  44.818  -6.908  52.381 1.0000000000
40569  45.110  -5.729  53.000 1.0000000000
35935  44.644  -11.676  54.617 0.7777780294
36576  44.820  -10.670  54.163 0.8888890147
37301  44.557  -9.242  54.377 0.8888890147
38084  44.640  -8.581  53.882 0.8888890147
38903  44.934  -7.943  52.982 0.8888890147
40573  45.538  -5.677  51.966 1.0000000000
39735  44.911  -6.408  52.576 1.0000000000
41365  45.658  -4.965  53.037 1.0000000000
41359  45.722  -3.914  54.003 1.0000000000
42150  46.041  -3.493  54.234 0.7777780294
37300  45.093  -9.777  54.173 0.8888890147
37309  45.121  -9.082  53.980 0.8888890147
38083  45.448  -8.598  53.490 0.8888890147
38912  44.962  -7.257  52.379 1.0000000000
39742  45.116  -6.838  51.514 1.0000000000
40579  45.418  -6.120  50.729 1.0000000000
41367  47.149  -4.083  51.959 1.0000000000
40578  46.341  -5.487  51.030 1.0000000000
41368  46.586  -4.417  52.229 1.0000000000
40572  46.065  -5.113  51.820 1.0000000000
42160  47.393  -3.649  52.282 1.0000000000
41369  45.978  -5.039  52.250 1.0000000000
42973  47.721  -2.881  52.779 1.0000000000
42161  47.039  -3.769  52.777 1.0000000000
42156  46.709  -3.696  53.360 1.0000000000
41364  45.992  -4.112  53.528 1.0000000000
42155  47.312  -3.235  53.162 1.0000000000
42972  47.962  -2.148  52.656 0.7777780294
42967  47.779  -1.969  53.077 0.7777780294
36583  45.525  -10.203  53.625 0.8888890147
38902  45.947  -8.112  52.802 0.8888890147
38911  45.688  -7.492  51.973 0.8888890147
39752  46.017  -7.085  50.302 1.0000000000
41374  46.922  -4.859  51.390 1.0000000000
42166  47.844  -3.620  51.806 1.0000000000
42159  47.995  -3.005  52.092 1.0000000000
42977  48.455  -2.168  51.570 1.0000000000
38082  46.233  -8.694  53.249 0.7777780294
38901  46.754  -8.087  52.902 0.7777780294
37308  45.662  -9.315  53.641 0.7777780294
38910  46.552  -7.722  52.153 0.7777780294
38920  46.441  -7.233  51.201 0.8888890147
38919  47.003  -7.384  51.675 0.8888890147
39750  47.143  -6.598  51.176 1.0000000000
41372  48.380  -4.534  51.026 1.0000000000
41378  48.964  -4.205  50.652 1.0000000000
40576  48.033  -5.169  50.993 1.0000000000
41373  47.543  -4.326  51.515 1.0000000000
42171  49.014  -3.529  50.819 1.0000000000
42165  48.461  -3.548  51.360 1.0000000000
42164  49.040  -2.863  50.918 1.0000000000
42976  49.110  -2.192  51.025 1.0000000000
43730  48.631  -1.152  51.712 0.7777780294
43729  49.194  -1.468  51.113 1.0000000000
38081  47.040  -8.580  53.020 0.7777780294
38900  47.090  -8.161  52.834 0.7777780294
38909  47.359  -7.892  52.300 0.7777780294
39741  47.382  -7.283  51.676 0.8888890147
40583  49.523  -5.698  50.054 0.8888890147
40584  48.757  -5.387  50.457 1.0000000000
40577  47.343  -5.428  51.096 1.0000000000
41377  49.586  -4.737  49.945 1.0000000000
42170  49.500  -3.493  50.265 1.0000000000
42982  49.676  -2.258  50.447 1.0000000000
43734  49.751  -1.334  50.527 1.0000000000
38090  47.362  -8.700  52.449 0.5555559993
37313  47.400  -9.431  52.021 0.4444440007
38089  47.920  -8.536  51.962 0.5555559993
39740  47.826  -7.105  51.639 1.0000000000
39759  49.256  -6.311  50.384 0.8888890147
39748  48.890  -6.782  50.930 0.7777780294
39749  48.134  -6.236  50.990 1.0000000000
40582  49.952  -5.549  49.769 0.8888890147
41376  50.085  -5.127  49.612 0.8888890147
41381  50.237  -4.496  49.363 0.8888890147
42177  49.856  -3.471  49.793 1.0000000000
42169  50.015  -2.956  49.829 1.0000000000
46033  48.345  1.514  51.440 0.5555559993
46778  47.538  2.492  51.567 0.3333329856
37321  47.993  -9.456  51.660 0.5555559993
37312  48.067  -9.129  51.743 0.5555559993
38908  48.282  -7.751  51.785 0.6666669846
38907  48.630  -7.888  51.640 0.5555559993
39747  49.675  -7.040  50.783 0.6666669846
38918  48.480  -7.075  51.450 0.8888890147
39758  50.141  -6.383  50.090 0.7777780294
40590  50.434  -5.731  49.314 0.7777780294
41380  50.715  -4.851  48.638 0.7777780294
42175  50.866  -3.555  48.976 0.8888890147
42176  50.203  -3.535  49.484 1.0000000000
42988  50.565  -2.895  49.490 1.0000000000
42981  50.493  -2.225  49.782 1.0000000000
43733  50.254  -1.543  50.091 1.0000000000
44514  50.570  -1.092  49.854 1.0000000000
44515  50.079  -0.647  50.170 1.0000000000
45296  49.573  0.149  50.720 0.7777780294
46040  50.362  0.874  49.929 0.7777780294
46041  49.914  0.648  50.407 0.7777780294
45288  48.928  0.616  51.329 0.5555559993
46032  49.523  1.374  50.749 0.5555559993
46777  48.580  2.746  51.039 0.3333329856
47538  47.313  3.796  51.227 0.1111110002
47530  47.050  3.161  51.815 0.1111110002
47531  46.260  3.732  51.907 0.1111110002
47532  45.485  4.170  52.028 0.1111110002
48240  45.148  4.688  52.288 0.1111110002
38088  48.562  -8.223  51.689 0.5555559993
37328  48.947  -9.631  50.906 0.5555559993
38095  48.955  -8.726  51.465 0.5555559993
38094  49.649  -8.679  51.192 0.5555559993
38917  49.016  -7.774  51.325 0.5555559993
38916  50.059  -7.819  51.116 0.5555559993
39769  50.700  -6.380  49.781 0.5555559993
39768  51.153  -6.474  49.474 0.4444440007
39767  51.895  -6.573  49.014 0.4444440007
40589  51.250  -5.948  48.653 0.5555559993
39775  52.392  -6.508  48.717 0.3333329856
40588  51.760  -6.146  48.638 0.5555559993
40595  52.065  -5.787  48.299 0.4444440007
41387  51.193  -4.143  48.313 0.6666669846
42184  51.347  -3.520  48.587 0.6666669846
42987  51.184  -2.278  49.394 0.8888890147
43732  50.837  -1.666  49.699 1.0000000000
44522  50.571  -0.680  49.810 1.0000000000
45301  51.114  0.246  49.393 1.0000000000
45302  50.569  -0.063  49.765 1.0000000000
45294  51.232  0.978  49.376 1.0000000000
46046  50.744  0.477  49.613 1.0000000000
45295  50.083  0.193  50.165 0.8888890147
45293  51.424  1.347  49.449 1.0000000000
46045  50.869  0.839  49.479 1.0000000000
46038  51.701  1.882  49.859 1.0000000000
46030  50.964  2.351  49.835 0.7777780294
46029  51.317  2.403  50.168 0.6666669846
46775  50.355  2.784  50.252 0.5555559993
46776  49.651  2.499  50.487 0.5555559993
46774  50.997  2.750  50.433 0.6666669846
46784  49.773  3.000  50.308 0.3333329856
47537  48.118  3.519  50.936 0.3333329856
46785  49.202  3.181  50.469 0.3333329856
46786  48.540  3.466  50.680 0.3333329856
36606  48.975  -10.211  50.617 0.4444440007
36598  49.956  -10.709  50.922 0.2222220004
36605  49.462  -10.301  50.600 0.4444440007
37327  49.171  -9.766  50.615 0.5555559993
37319  49.213  -9.371  51.045 0.5555559993
37318  49.821  -9.616  50.560 0.5555559993
39746  50.515  -7.203  50.727 0.4444440007
39757  51.024  -6.726  50.266 0.4444440007
39766  52.644  -6.922  49.160 0.4444440007
38939  53.184  -7.584  48.740 0.1111110002
38938  53.648  -7.424  48.040 0.1111110002
39774  52.846  -6.544  48.438 0.1111110002
40594  52.851  -5.956  47.580 0.1111110002
41385  52.179  -4.906  47.338 0.2222220004
41386  51.630  -4.488  47.790 0.4444440007
42183  51.674  -3.523  48.239 0.5555559993
42174  51.595  -2.967  48.806 0.8888890147
42993  52.080  -2.819  48.400 0.7777780294
42986  52.140  -2.157  48.983 0.8888890147
42985  52.437  -1.858  48.731 0.8888890147
43738  51.653  -1.443  49.297 1.0000000000
43737  52.259  -1.257  48.715 1.0000000000
43739  51.233  -1.571  49.522 1.0000000000
44520  51.597  -0.443  49.078 1.0000000000
44521  51.043  -0.860  49.546 1.0000000000
45299  52.141  0.988  48.966 1.0000000000
44519  52.077  0.041  48.676 1.0000000000
45300  51.645  0.832  49.196 1.0000000000
46043  52.491  1.788  49.367 1.0000000000
46044  52.020  1.364  49.401 1.0000000000
46782  52.622  2.657  50.068 1.0000000000
47544  52.144  3.491  50.414 0.8888890147
47534  51.824  3.007  50.760 0.6666669846
46773  51.533  2.602  50.516 0.6666669846
47535  51.326  3.410  50.642 0.5555559993
47536  50.718  3.437  50.265 0.6666669846
47545  51.597  3.807  50.346 0.4444440007
48253  51.017  3.721  50.151 0.3333329856
47546  49.854  3.613  50.212 0.3333329856
37317  50.727  -9.722  50.820 0.3333329856
38093  50.505  -8.612  50.959 0.5555559993
38915  50.575  -7.841  50.819 0.4444440007
38101  51.095  -8.786  50.687 0.4444440007
38926  51.117  -7.805  50.431 0.4444440007
38925  51.811  -7.815  49.721 0.4444440007
38934  52.150  -7.194  49.494 0.3333329856
39773  53.578  -6.588  47.845 0.1111110002
38944  54.200  -7.422  47.393 0.1111110002
40601  52.781  -5.151  46.948 0.2222220004
42182  52.201  -3.445  47.607 0.5555559993
42992  52.652  -2.128  48.230 0.6666669846
43743  52.674  -1.331  48.211 0.7777780294
45305  53.305  0.925  47.831 0.7777780294
44525  53.155  -0.062  47.611 0.7777780294
44526  52.598  -0.556  48.158 0.7777780294
46049  53.682  1.505  47.686 0.8888890147
45306  52.660  0.732  48.398 1.0000000000
46050  53.219  1.888  48.442 0.8888890147
46789  53.120  2.692  49.357 1.0000000000
47543  52.843  3.487  49.825 0.8888890147
38100  51.466  -8.603  50.159 0.3333329856
38924  52.047  -7.998  49.467 0.3333329856
38933  52.388  -7.781  49.361 0.3333329856
38105  52.562  -8.607  49.194 0.2222220004
40593  53.310  -6.180  47.493 0.1111110002
39780  54.115  -6.393  47.062 0.1111110002
40605  54.860  -5.525  46.038 0.1111110002
39785  54.405  -6.297  46.597 0.1111110002
40600  53.388  -5.876  47.006 0.1111110002
42190  52.555  -3.330  47.015 0.5555559993
42991  53.117  -2.079  47.615 0.6666669846
42181  52.788  -2.667  47.300 0.6666669846
44528  54.417  -0.441  46.893 0.6666669846
44529  53.824  -0.697  47.236 0.7777780294
43748  53.710  -1.387  47.156 0.7777780294
43742  53.142  -1.302  47.639 0.7777780294
45309  54.004  0.510  47.208 0.7777780294
46791  53.985  2.348  47.972 0.8888890147
46792  53.732  2.917  48.728 1.0000000000
47554  53.317  3.569  49.184 1.0000000000
48260  52.395  4.202  49.840 0.7777780294
48259  52.911  4.199  49.404 1.0000000000
37325  51.325  -9.295  50.638 0.3333329856
38099  51.926  -8.525  49.525 0.3333329856
41396  54.847  -4.726  45.844 0.1111110002
41397  54.030  -4.465  45.859 0.1111110002
42199  55.393  -3.895  45.506 0.1111110002
40610  55.353  -5.531  45.554 0.1111110002
42195  53.569  -3.700  45.843 0.3333329856
42997  53.908  -2.082  46.382 0.5555559993
42189  52.926  -3.238  46.432 0.5555559993
46061  56.174  1.282  45.083 0.3333329856
46057  55.732  0.915  45.605 0.3333329856
45313  55.418  0.284  45.970 0.5555559993
44532  54.960  -0.663  46.375 0.5555559993
43747  54.240  -1.410  46.652 0.6666669846
42998  53.482  -2.117  46.952 0.5555559993
46064  56.480  1.766  44.336 0.2222220004
46798  55.762  1.703  45.617 0.3333329856
46058  55.326  1.435  46.097 0.5555559993
46053  54.732  1.040  46.618 0.5555559993
45308  54.762  0.137  46.673 0.5555559993
46805  56.400  2.769  44.447 0.4444440007
46802  56.059  2.360  45.198 0.4444440007
46799  55.459  2.525  46.051 0.5555559993
46803  55.709  3.144  45.585 0.5555559993
46795  54.826  2.140  46.677 0.6666669846
46054  54.150  1.756  47.153 0.6666669846
47566  55.190  3.562  46.026 0.6666669846
47561  54.878  3.312  46.769 0.7777780294
46796  54.461  2.760  47.379 0.8888890147
47562  54.499  3.614  47.428 1.0000000000
47557  54.222  3.418  48.088 1.0000000000
47558  53.731  3.749  48.631 1.0000000000
48272  53.316  4.301  48.838 1.0000000000
49013  52.882  4.720  49.015 1.0000000000
49015  52.100  4.703  49.622 0.4444440007
49014  52.450  4.746  49.331 0.5555559993
49028  51.796  5.344  49.134 0.4444440007
49038  52.234  5.883  48.586 0.3333329856
42194  54.459  -3.478  45.773 0.2222220004
43005  55.246  -2.534  45.367 0.2222220004
42188  53.727  -2.755  46.123 0.3333329856
41391  53.149  -4.696  46.186 0.1111110002
44534  55.848  -0.566  45.159 0.2222220004
44535  55.454  -0.849  45.625 0.4444440007
43751  54.945  -1.558  45.922 0.4444440007
43001  54.378  -2.269  45.971 0.3333329856
45315  55.995  0.289  45.256 0.3333329856
45316  55.712  -0.214  45.529 0.3333329856
46067  56.575  2.371  43.833 0.2222220004
46808  56.699  3.127  43.777 0.2222220004
47572  56.336  3.658  44.394 0.4444440007
47569  56.028  3.319  45.011 0.4444440007
48295  55.843  4.035  44.807 0.4444440007
47570  55.475  3.875  45.379 0.6666669846
48284  54.808  3.986  46.436 0.8888890147
48285  54.365  4.530  47.018 0.8888890147
48280  54.313  4.034  47.710 1.0000000000
49817  54.474  6.455  46.289 1.0000000000
49813  54.059  6.488  46.904 1.0000000000
49041  54.314  5.635  46.632 1.0000000000
48286  53.810  5.028  47.521 1.0000000000
48281  53.769  4.447  48.028 1.0000000000
51299  54.634  7.920  46.226 0.8888890147
49042  53.880  5.625  47.225 1.0000000000
49036  53.335  5.555  47.815 1.0000000000
49026  53.094  5.013  48.485 1.0000000000
51294  54.109  8.082  46.712 0.8888890147
50537  54.288  7.265  46.542 0.8888890147
49814  53.608  6.531  47.517 1.0000000000
50533  53.868  7.366  47.156 0.7777780294
49809  53.085  6.608  48.073 0.5555559993
49037  52.734  5.809  48.301 0.5555559993
49027  52.529  5.246  48.806 0.7777780294
52063  54.046  8.752  46.949 0.7777780294
49811  51.881  6.476  48.714 0.3333329856
47574  57.790  3.662  42.822 0.3333329856
48303  57.174  4.485  43.430 0.4444440007
47575  57.421  3.413  43.082 0.3333329856
47576  56.760  4.016  43.828 0.4444440007
48290  54.878  4.570  45.932 0.7777780294
49821  54.902  6.480  45.740 1.0000000000
50540  55.157  7.173  45.504 1.0000000000
51302  55.427  7.928  45.309 1.0000000000
51303  55.010  7.730  45.793 0.8888890147
52078  55.341  8.756  45.336 1.0000000000
51298  55.043  8.367  45.847 0.8888890147
52070  55.020  8.937  45.847 0.8888890147
52071  54.532  8.763  46.312 0.7777780294
52889  55.439  9.287  44.785 0.8888890147
52882  55.028  9.377  45.471 0.8888890147
52873  54.790  9.170  45.978 0.8888890147
52890  54.885  9.640  44.667 0.6666669846
52874  54.383  9.357  46.070 0.6666669846
52072  54.100  9.237  46.712 0.6666669846
52891  54.006  9.824  44.365 0.5555559993
52883  54.136  9.642  45.348 0.5555559993
49056  57.372  5.284  43.253 0.5555559993
49057  56.873  5.153  43.549 0.4444440007
48299  56.117  4.665  44.339 0.4444440007
48300  55.722  5.170  44.686 0.5555559993
49053  55.924  5.612  44.398 0.7777780294
48296  55.498  4.750  45.082 0.7777780294
49048  55.525  5.665  45.034 0.7777780294
49044  55.138  5.307  45.505 0.8888890147
48291  54.540  5.086  46.385 0.8888890147
50545  56.148  7.162  44.475 1.0000000000
49826  55.790  6.413  44.678 1.0000000000
49049  55.141  5.916  45.518 1.0000000000
49045  54.751  5.637  45.997 1.0000000000
51307  55.874  7.756  44.752 1.0000000000
50546  55.632  7.163  45.001 1.0000000000
51306  56.514  8.036  44.320 1.0000000000
51312  56.592  8.635  43.946 1.0000000000
52080  56.041  8.912  44.382 1.0000000000
52081  55.758  8.404  44.789 1.0000000000
52896  54.866  9.730  43.760 0.7777780294
52897  54.055  10.130  43.404 0.3333329856
49055  57.949  5.562  42.648 0.3333329856
50556  58.285  7.335  41.833 0.7777780294
49828  57.847  6.591  42.772 0.6666669846
49829  57.441  6.347  43.295 0.5555559993
49830  56.913  5.857  43.646 0.4444440007
49052  56.431  5.396  43.916 0.5555559993
50549  57.626  7.265  43.143 0.7777780294
49824  56.957  6.599  43.771 0.7777780294
49825  56.386  6.333  44.099 0.7777780294
51310  57.766  7.796  42.941 1.0000000000
50550  57.210  7.234  43.645 1.0000000000
51315  57.306  8.652  42.721 1.0000000000
51311  57.225  8.237  43.424 1.0000000000
51305  56.993  7.696  43.927 1.0000000000
52088  57.093  8.996  42.095 0.8888890147
52084  56.862  8.951  42.864 1.0000000000
52089  56.081  9.485  42.450 0.7777780294
52085  56.414  9.198  43.555 1.0000000000
52895  55.620  9.530  44.125 0.7777780294
52900  55.654  9.686  43.341 0.7777780294
52901  55.054  9.999  42.731 0.5555559993
49839  59.050  6.532  40.247 0.3333329856
49840  58.862  6.813  40.773 0.3333329856
50560  58.546  7.397  41.027 0.7777780294
50553  57.986  7.294  42.574 0.7777780294
51317  58.154  8.169  41.379 0.7777780294
51314  57.816  8.230  42.380 0.7777780294
52087  57.717  8.762  41.615 1.0000000000
52093  57.180  9.145  41.123 0.7777780294
52094  56.374  9.377  41.416 0.7777780294
52095  55.688  9.744  41.585 0.5555559993
52090  55.445  9.855  42.079 0.5555559993
52902  54.078  10.693  42.440 0.4444440007
53694  54.101  11.093  41.937 0.2222220004
49843  59.251  6.529  39.427 0.2222220004
50562  58.994  7.376  39.809 0.4444440007
50559  58.794  7.387  40.400 0.5555559993
50565  59.160  7.466  39.047 0.3333329856
51320  58.803  7.879  40.074 0.6666669846
51321  58.503  8.290  40.454 0.7777780294
52092  57.968  8.935  40.912 0.8888890147
52099  56.544  9.698  40.514 0.7777780294
52100  55.900  9.733  40.966 0.6666669846
52907  54.538  11.000  41.933 0.4444440007
52906  55.266  10.531  41.684 0.5555559993
54455  56.088  12.423  40.550 0.4444440007
53705  55.380  11.818  40.750 0.4444440007
53699  54.506  11.326  41.333 0.3333329856
55228  55.766  13.196  40.264 0.4444440007
54456  55.193  12.529  40.335 0.2222220004
53706  54.402  11.824  40.203 0.3333329856
54462  54.496  12.696  39.882 0.2222220004
50573  59.367  7.544  38.222 0.3333329856
52097  58.147  9.164  40.174 0.8888890147
52098  57.418  9.425  40.347 0.7777780294
52106  57.046  9.985  39.900 0.7777780294
52909  55.958  10.462  40.824 0.6666669846
52910  55.577  10.050  41.174 0.6666669846
53697  56.000  10.958  40.995 0.6666669846
52905  55.730  10.775  41.188 0.6666669846
53698  55.585  11.165  41.135 0.6666669846
55235  56.276  13.788  39.848 0.4444440007
55229  55.003  13.228  40.124 0.2222220004
55236  55.362  13.855  39.813 0.2222220004
55957  55.845  14.682  39.723 0.2222220004
51324  58.936  8.406  39.633 0.5555559993
51335  59.464  8.507  37.855 0.2222220004
52103  58.882  9.172  39.033 0.5555559993
52104  58.368  9.326  39.484 0.5555559993
51325  58.640  8.897  40.023 0.6666669846
52111  57.757  9.831  39.008 0.6666669846
52105  57.583  9.723  39.586 0.6666669846
52921  57.561  10.239  39.180 0.6666669846
52914  57.351  10.649  39.473 0.6666669846
52915  56.651  10.645  40.075 0.6666669846
53703  57.143  11.808  39.879 0.6666669846
53711  56.642  11.099  40.084 0.6666669846
54454  56.784  12.295  40.106 0.6666669846
53704  56.397  11.399  40.492 0.6666669846
55227  56.574  12.991  40.073 0.5555559993
55234  57.264  13.395  39.468 0.4444440007
51327  59.192  8.461  38.707 0.2222220004
52119  59.376  9.471  37.195 0.2222220004
52109  59.011  9.523  38.267 0.2222220004
52110  58.249  9.708  38.707 0.5555559993
52919  58.339  10.295  38.264 0.6666669846
52920  57.880  10.766  38.848 0.6666669846
52913  57.650  11.002  39.274 0.6666669846
53709  57.731  11.518  39.507 0.5555559993
53710  56.923  11.232  39.777 0.7777780294
55226  57.000  12.757  39.839 0.4444440007
55956  56.721  14.498  39.482 0.4444440007
56669  57.022  15.037  39.187 0.4444440007
52928  58.711  10.588  37.607 0.3333329856
52124  59.619  9.758  36.354 0.2222220004
52932  59.871  10.549  35.973 0.2222220004
52929  58.287  10.993  38.217 0.6666669846
53726  58.374  11.316  38.591 0.6666669846
53718  58.506  11.727  38.997 0.6666669846
54460  58.087  12.455  39.252 0.5555559993
54452  57.756  12.199  39.614 0.5555559993
54461  57.645  12.653  39.430 0.5555559993
55233  57.745  12.956  39.174 0.4444440007
55244  57.575  13.931  38.946 0.4444440007
55243  58.003  13.424  38.625 0.4444440007
55963  57.726  14.456  38.619 0.4444440007
55955  57.331  14.482  39.099 0.4444440007
56675  57.956  14.984  38.344 0.4444440007
56676  57.332  15.470  38.541 0.4444440007
56670  56.412  15.517  39.237 0.3333329856
52933  59.287  10.589  36.713 0.3333329856
52937  60.313  10.473  35.114 0.2222220004
53725  58.833  11.666  38.225 0.6666669846
53717  58.859  12.147  38.692 0.6666669846
54467  58.784  12.555  38.289 0.6666669846
54468  58.495  12.550  38.740 0.5555559993
55253  58.313  13.938  38.085 0.6666669846
55962  58.168  14.456  38.208 0.5555559993
55972  58.558  14.438  37.775 0.5555559993
56686  57.690  15.907  37.921 0.4444440007
57387  56.737  16.454  38.531 0.4444440007
58093  55.491  17.168  38.840 0.1111110002
53732  60.092  11.519  35.521 0.2222220004
53729  59.261  11.575  37.273 0.4444440007
53735  60.493  11.525  34.512 0.2222220004
53740  60.780  12.049  33.978 0.3333329856
54475  59.145  12.541  37.649 0.6666669846
54488  60.674  12.554  33.393 0.3333329856
55256  59.192  13.421  37.069 0.6666669846
55252  58.646  13.439  37.862 0.5555559993
55971  58.949  14.330  37.243 0.5555559993
56684  58.814  14.923  37.428 0.5555559993
56695  59.141  15.358  36.743 0.5555559993
56685  58.303  15.441  37.727 0.5555559993
56696  58.618  15.868  37.065 0.4444440007
58095  53.975  17.056  39.732 0.1111110002
58094  54.797  17.283  39.032 0.1111110002
58100  56.140  17.224  38.580 0.1111110002
57386  57.416  16.516  38.035 0.4444440007
57388  56.270  16.639  38.862 0.1111110002
57381  55.730  16.553  39.215 0.1111110002
57393  57.827  16.275  37.608 0.4444440007
58099  57.089  17.214  38.175 0.1111110002
53728  59.744  11.540  36.424 0.3333329856
54483  60.470  12.617  34.251 0.3333329856
54477  59.994  12.501  36.008 0.3333329856
54478  59.544  12.505  36.820 0.4444440007
55255  59.647  13.421  36.340 0.5555559993
55976  59.365  14.301  36.600 0.5555559993
56700  59.478  15.793  36.128 0.5555559993
57403  58.735  16.257  36.649 0.4444440007
57392  58.187  16.407  37.120 0.4444440007
58104  58.030  16.886  37.032 0.4444440007
58105  57.659  17.147  37.456 0.4444440007
58098  57.453  17.004  37.950 0.4444440007
54481  60.186  12.517  35.086 0.3333329856
55264  60.335  13.525  33.785 0.3333329856
55261  60.183  13.497  34.690 0.4444440007
55259  59.993  13.451  35.559 0.5555559993
55268  60.455  13.558  32.831 0.3333329856
55276  60.394  14.009  31.112 0.2222220004
55975  59.746  14.314  35.972 0.4444440007
56694  59.579  14.856  36.310 0.4444440007
56699  59.823  15.345  35.813 0.5555559993
57406  59.559  16.194  35.714 0.5555559993
57405  59.880  16.164  35.147 0.5555559993
57408  59.993  16.272  34.283 0.5555559993
57402  59.184  16.203  36.182 0.5555559993
58125  59.657  16.980  34.736 0.5555559993
58121  59.562  16.573  35.290 0.5555559993
58115  58.807  16.598  36.205 0.4444440007
58116  58.271  17.100  36.510 0.4444440007
58122  59.042  16.968  35.540 0.4444440007
58126  59.258  17.663  34.768 0.4444440007
58850  59.595  17.874  34.178 0.4444440007
55987  60.244  14.516  32.320 0.3333329856
55989  60.260  14.587  31.422 0.2222220004
55979  60.029  14.415  35.190 0.4444440007
55994  60.278  14.536  30.582 0.3333329856
56702  60.024  15.359  34.766 0.4444440007
58128  59.982  17.218  33.816 0.5555559993
58132  60.196  17.335  32.841 0.5555559993
58854  59.824  18.305  33.368 0.5555559993
55981  60.098  14.449  34.256 0.3333329856
55983  60.145  14.477  33.293 0.3333329856
56704  59.963  15.397  33.789 0.4444440007
56714  60.174  15.469  30.955 0.3333329856
56710  60.127  15.471  31.848 0.4444440007
56721  60.365  15.488  30.178 0.3333329856
57414  60.128  16.404  32.314 0.4444440007
57410  59.999  16.360  33.307 0.4444440007
58134  60.385  17.355  31.792 0.4444440007
58859  60.209  18.291  32.331 0.5555559993
57430  60.611  16.291  29.832 0.3333329856
57416  60.229  16.403  31.327 0.4444440007
58862  60.344  18.333  31.258 0.4444440007
57420  60.377  16.308  30.498 0.4444440007
58155  61.043  17.318  28.644 0.3333329856
58157  61.168  17.330  27.675 0.2222220004
58138  60.467  17.347  30.614 0.4444440007
58137  60.657  17.794  30.061 0.4444440007
58865  60.782  18.086  29.740 0.4444440007
58147  60.757  17.290  29.651 0.4444440007
58148  60.560  16.814  30.148 0.4444440007
58875  60.995  18.260  29.118 0.4444440007
22470  6.242  -35.179  60.534 0.2222220004
22469  6.948  -35.074  60.737 0.2222220004
24112  11.150  -32.101  61.986 0.6666669846
23596  8.635  -33.644  62.374 0.4444440007
21309  12.406  -37.498  62.776 0.1111110002
21886  13.163  -36.273  63.670 0.1111110002
21308  12.659  -37.498  63.490 0.1111110002
21887  12.765  -36.608  63.453 0.1111110002
22445  13.102  -35.927  63.153 0.1111110002
23027  12.373  -33.781  63.885 0.3333329856
23028  11.913  -33.763  63.920 0.3333329856
24099  11.821  -32.878  63.710 0.4444440007
24103  12.393  -32.072  63.026 0.6666669846
23595  9.334  -33.789  62.497 0.4444440007
24106  9.701  -33.373  62.597 0.4444440007
23052  8.480  -34.839  61.949 0.3333329856
24628  18.834  -30.944  63.643 0.2222220004
25189  13.176  -30.992  63.548 0.6666669846
25199  13.108  -30.644  62.897 0.5555559993
23053  7.890  -34.543  61.746 0.3333329856
23054  7.185  -34.223  61.432 0.2222220004
23603  7.377  -33.872  61.778 0.4444440007
21909  6.669  -35.700  60.543 0.2222220004
26311  19.941  -28.476  64.202 0.4444440007
24091  14.346  -31.581  64.630 0.3333329856
25178  13.861  -30.567  64.311 0.5555559993
24656  8.822  -31.908  62.411 0.5555559993
23033  16.140  -34.694  63.564 0.1111110002
23578  16.160  -33.636  63.899 0.1111110002
24095  15.874  -32.823  64.626 0.2222220004
24625  15.409  -31.282  64.522 0.4444440007
27418  21.155  -26.959  62.349 0.4444440007
26881  20.687  -27.148  62.021 0.5555559993
27428  21.885  -25.956  61.450 0.5555559993
25732  17.004  -29.908  64.352 0.4444440007
28552  21.077  -24.072  61.731 0.6666669846
24643  9.413  -31.298  62.925 0.4444440007
26328  17.449  -28.217  63.317 0.4444440007
28541  20.498  -23.921  62.585 0.6666669846
28536  24.328  -24.931  62.490 0.5555559993
28006  17.434  -26.540  61.779 0.5555559993
30171  22.402  -21.155  64.907 0.5555559993
29121  23.823  -24.022  60.746 0.5555559993
30170  22.908  -20.901  64.532 0.6666669846
30218  24.914  -20.888  59.248 0.5555559993
30209  25.734  -19.635  59.660 0.6666669846
29644  27.564  -20.726  60.298 0.6666669846
30741  26.297  -18.988  61.172 0.6666669846
32416  24.923  -17.294  63.193 0.3333329856
30200  34.224  -21.462  61.043 0.6666669846
30754  34.712  -21.000  60.976 0.7777780294
30201  33.472  -21.703  61.422 0.7777780294
30745  33.623  -21.041  62.183 0.7777780294
30189  32.274  -21.190  62.233 0.7777780294
30206  28.799  -21.674  60.982 0.7777780294
30747  29.334  -21.075  61.580 0.7777780294
31310  28.186  -19.416  61.785 0.6666669846
31298  31.437  -19.187  62.606 0.7777780294
34182  34.406  -15.458  61.523 0.6666669846
31881  29.457  -18.576  62.329 0.7777780294
34184  33.298  -14.814  62.093 0.5555559993
35308  33.260  -13.078  60.491 0.5555559993
31896  37.484  -18.536  58.702 0.4444440007
35894  37.073  -12.474  60.865 0.8888890147
33637  37.780  -15.926  59.596 0.8888890147
35320  38.978  -12.320  59.546 0.8888890147
36547  38.723  -10.773  60.104 0.8888890147
31907  39.573  -18.398  56.562 0.3333329856
33032  39.142  -16.318  57.464 0.6666669846
35326  40.357  -12.377  58.342 0.8888890147
33036  42.532  -15.809  56.590 0.3333329856
34772  44.849  -13.393  54.851 0.4444440007
36577  44.360  -10.062  54.429 0.8888890147
35930  44.400  -12.053  55.157 0.7777780294
38927  46.181  -7.084  50.476 1.0000000000
39760  48.743  -6.204  50.641 0.8888890147
41382  49.833  -3.939  49.720 1.0000000000
38096  48.423  -8.802  51.653 0.5555559993
40596  51.245  -5.128  48.107 0.5555559993
46039  50.974  1.514  49.587 0.8888890147
46031  50.316  1.910  50.101 0.5555559993
39756  51.705  -6.991  49.925 0.4444440007
46037  52.295  2.144  50.072 1.0000000000
46783  52.108  2.557  50.483 1.0000000000
48261  51.648  4.352  49.896 0.5555559993
39779  54.487  -6.836  46.835 0.1111110002
38943  54.484  -7.208  46.974 0.1111110002
41392  52.454  -4.122  46.786 0.3333329856
40606  54.194  -5.563  46.311 0.1111110002
45312  55.718  0.497  45.613 0.3333329856
46807  56.874  2.479  43.147 0.3333329856
50541  54.689  7.188  45.975 0.8888890147
49810  52.479  6.650  48.467 0.4444440007
48302  57.816  4.305  42.905 0.3333329856
48304  56.639  4.737  43.774 0.4444440007
49820  55.364  6.474  45.257 1.0000000000
50544  56.725  7.187  44.063 0.8888890147
52077  55.590  8.929  44.882 1.0000000000
49833  58.204  6.440  42.171 0.4444440007
53695  53.338  11.486  42.078 0.2222220004
54453  57.332  12.418  39.724 0.6666669846
53702  57.557  11.971  39.746 0.6666669846
56677  56.669  15.894  38.757 0.4444440007
55242  58.460  12.960  38.361 0.5555559993
56708  59.928  15.434  32.794 0.4444440007
23598  7.086  -33.458  61.743 0.2222220004
24116  7.417  -32.743  62.316 0.4444440007
24657  7.881  -31.993  62.782 0.3333329856
24644  8.487  -31.426  63.293 0.1111110002
24637  8.270  -31.079  64.283 0.1111110002
24636  9.161  -31.021  63.880 0.2222220004
25191  9.669  -30.192  64.303 0.2222220004
25179  9.216  -29.863  64.911 0.1111110002
25202  9.896  -30.616  63.361 0.2222220004
25752  10.422  -29.439  64.398 0.2222220004
25190  10.292  -30.042  63.734 0.2222220004
25737  10.147  -29.303  65.392 0.2222220004
25726  9.992  -29.249  66.212 0.1111110002
26306  11.242  -28.447  65.347 0.1111110002
26307  10.598  -28.795  65.868 0.2222220004
25201  10.681  -30.223  62.960 0.3333329856
26320  11.255  -28.754  64.392 0.2222220004
26305  11.746  -28.042  64.751 0.1111110002
26298  11.802  -27.981  65.574 0.1111110002
27408  12.102  -26.670  65.237 0.1111110002
27406  11.915  -26.429  65.919 0.1111110002
26333  11.601  -29.057  63.707 0.3333329856
26864  12.256  -27.397  64.351 0.3333329856
25762  10.723  -29.632  63.557 0.2222220004
26319  12.266  -28.565  63.813 0.3333329856
27411  12.895  -26.321  64.335 0.2222220004
27412  12.199  -26.883  64.717 0.1111110002
27972  13.991  -25.377  65.383 0.1111110002
27407  12.414  -25.948  65.417 0.1111110002
28519  15.606  -24.369  66.077 0.1111110002
27968  14.191  -25.027  66.232 0.1111110002
29082  15.428  -23.712  66.647 0.1111110002
27422  13.271  -26.886  63.738 0.5555559993
26863  13.008  -27.531  63.807 0.4444440007
27421  13.822  -26.652  63.617 0.4444440007
27976  13.703  -25.668  64.618 0.1111110002
27410  14.151  -25.947  64.003 0.4444440007
28525  15.534  -24.537  64.938 0.2222220004
29081  16.074  -23.613  66.347 0.1111110002
29080  16.812  -23.572  66.093 0.1111110002
29075  16.503  -23.053  66.499 0.1111110002
26318  13.250  -28.552  63.534 0.4444440007
25750  12.905  -29.111  63.522 0.4444440007
26862  13.658  -27.894  63.450 0.5555559993
26875  14.344  -27.501  63.260 0.5555559993
27974  15.665  -25.002  64.051 0.4444440007
27987  15.188  -25.719  63.796 0.4444440007
27975  14.936  -25.288  64.400 0.3333329856
28533  15.568  -24.828  64.373 0.4444440007
28531  17.110  -24.056  64.438 0.4444440007
28524  16.483  -24.095  65.296 0.3333329856
28523  17.112  -23.820  65.069 0.4444440007
29087  17.135  -23.630  65.478 0.1111110002
29079  17.489  -23.080  65.811 0.1111110002
29086  17.619  -23.362  64.958 0.2222220004
29609  17.406  -22.110  66.660 0.1111110002
26331  14.941  -28.249  63.047 0.4444440007
26874  15.386  -27.443  62.865 0.5555559993
27986  16.097  -25.512  63.452 0.4444440007
27985  16.843  -25.374  63.041 0.4444440007
29627  18.224  -22.670  65.498 0.4444440007
29617  18.814  -22.076  66.112 0.1111110002
30712  20.190  -20.349  66.657 0.1111110002
26317  14.172  -28.677  63.256 0.4444440007
27995  17.222  -25.866  62.454 0.4444440007
27996  16.421  -26.156  62.790 0.5555559993
28544  17.226  -24.768  63.233 0.4444440007
28555  17.957  -25.129  62.398 0.5555559993
29106  18.096  -24.173  63.270 0.4444440007
29105  18.796  -23.863  63.267 0.5555559993
29098  17.951  -23.590  63.834 0.4444440007
29097  19.059  -23.152  63.836 0.4444440007
29085  18.520  -22.907  64.619 0.4444440007
29615  20.457  -21.757  65.537 0.3333329856
29084  19.359  -22.647  64.483 0.4444440007
29626  19.110  -22.386  65.241 0.4444440007
29624  21.022  -21.867  64.976 0.3333329856
30163  20.435  -21.176  66.160 0.3333329856
30716  22.119  -20.330  65.297 0.4444440007
30162  21.122  -20.936  65.911 0.2222220004
31285  22.363  -19.431  64.809 0.3333329856
31286  21.636  -19.546  65.385 0.2222220004
30711  20.888  -20.354  66.204 0.1111110002
31857  20.914  -18.860  65.700 0.1111110002
26886  16.017  -27.790  62.562 0.4444440007
27431  16.512  -26.708  62.420 0.4444440007
26873  16.070  -27.218  62.570 0.4444440007
28554  19.104  -24.925  61.911 0.5555559993
29096  20.110  -22.748  63.863 0.5555559993
30172  21.602  -21.167  65.388 0.4444440007
31293  23.023  -19.656  64.482 0.3333329856
31864  22.807  -18.787  64.161 0.3333329856
31865  22.230  -18.573  64.356 0.2222220004
31856  21.717  -18.574  64.782 0.2222220004
32419  22.180  -18.011  64.144 0.2222220004
32418  22.989  -17.729  63.652 0.2222220004
32417  23.923  -17.543  63.065 0.3333329856
31863  23.775  -18.397  63.641 0.3333329856
33003  23.077  -16.711  63.112 0.1111110002
34742  32.402  -13.675  60.655 0.3333329856
33001  25.261  -16.413  63.439 0.2222220004
33002  24.297  -16.628  62.628 0.2222220004
35315  33.210  -12.558  59.700 0.3333329856
34747  31.900  -13.092  59.984 0.3333329856
35314  33.958  -12.494  60.387 0.3333329856
35309  32.630  -13.079  59.982 0.3333329856
35316  32.366  -12.656  59.417 0.3333329856
34753  31.680  -12.551  59.474 0.2222220004
35905  33.793  -11.808  59.774 0.3333329856
35321  32.745  -12.152  59.261 0.3333329856
35322  32.120  -11.916  59.116 0.2222220004
32430  31.521  -17.390  62.513 0.5555559993
33618  32.528  -15.722  62.379 0.5555559993
33014  31.886  -16.352  62.276 0.5555559993
33021  31.295  -15.905  61.601 0.4444440007
33627  31.942  -15.280  61.811 0.4444440007
34192  32.691  -14.415  61.605 0.4444440007
32415  25.820  -17.184  63.784 0.2222220004
34193  31.680  -14.409  61.120 0.3333329856
33628  30.961  -15.169  61.189 0.3333329856
34743  31.372  -13.715  60.449 0.3333329856
34194  30.792  -14.084  61.067 0.2222220004
89834  30.684  -13.327  60.688 0.2222220004
35913  33.329  -11.635  59.384 0.3333329856
35906  33.194  -11.950  59.406 0.3333329856
36551  34.404  -10.864  59.735 0.3333329856
89863  32.884  -10.977  59.173 0.2222220004
36559  33.454  -11.233  59.342 0.2222220004
37272  33.073  -9.980  59.492 0.2222220004
31868  31.996  -18.771  62.831 0.6666669846
31879  31.331  -18.440  62.647 0.6666669846
31880  30.354  -18.447  62.516 0.5555559993
32431  30.581  -17.522  62.414 0.4444440007
32432  29.671  -17.675  62.546 0.4444440007
33015  30.740  -16.492  61.877 0.4444440007
33022  30.773  -15.812  61.504 0.4444440007
33016  29.820  -16.603  62.526 0.2222220004
33620  30.113  -15.974  62.231 0.2222220004
33619  30.234  -15.377  61.902 0.2222220004
34185  30.298  -14.479  61.573 0.2222220004
33000  26.228  -16.280  64.189 0.2222220004
33603  25.679  -15.494  63.659 0.2222220004
31307  30.898  -19.079  62.500 0.7777780294
32433  28.791  -17.883  62.614 0.4444440007
32421  28.970  -17.024  62.872 0.3333329856
32422  28.236  -17.420  63.257 0.3333329856
33006  28.985  -16.136  62.924 0.3333329856
33611  29.524  -15.377  62.515 0.2222220004
33602  26.678  -15.340  63.959 0.2222220004
33610  29.779  -15.086  62.204 0.2222220004
33599  28.822  -15.431  62.941 0.1111110002
34162  26.925  -14.603  63.364 0.2222220004
34172  29.521  -14.467  62.128 0.2222220004
34173  29.271  -14.807  62.447 0.2222220004
34160  28.679  -14.597  62.530 0.1111110002
32423  27.364  -17.616  63.332 0.3333329856
32414  26.852  -17.044  63.840 0.2222220004
33007  28.292  -16.492  63.412 0.2222220004
33008  27.666  -16.977  63.644 0.3333329856
32998  28.003  -15.811  63.475 0.1111110002
33601  27.487  -15.304  63.462 0.1111110002
33600  28.197  -15.280  63.078 0.1111110002
34161  27.689  -14.547  62.934 0.2222220004
89847  28.273  -13.602  62.130 0.1111110002
34159  28.833  -14.011  62.082 0.2222220004
37284  40.516  -9.026  59.029 0.4444440007
38060  41.761  -8.383  57.905 0.5555559993
39691  41.805  -6.987  57.251 0.5555559993
38061  40.930  -8.362  58.676 0.4444440007
38062  40.420  -8.382  59.061 0.4444440007
38872  41.153  -7.499  58.181 0.3333329856
38871  41.730  -7.377  57.635 0.4444440007
39692  41.337  -6.665  57.492 0.3333329856
39693  40.623  -6.626  58.202 0.3333329856
38882  42.253  -7.428  57.107 0.5555559993
39707  41.818  -6.421  56.777 0.4444440007
40548  42.231  -5.533  56.139 0.3333329856
40549  41.640  -5.474  56.729 0.3333329856
40550  41.316  -5.441  57.141 0.2222220004
40535  41.001  -5.630  57.588 0.2222220004
38881  42.618  -7.368  56.528 0.5555559993
39706  42.520  -6.590  56.254 0.5555559993
41334  42.051  -4.782  56.362 0.2222220004
38887  42.901  -7.250  56.012 0.6666669846
40557  42.791  -5.714  55.745 0.4444440007
41333  42.337  -4.986  56.012 0.2222220004
39717  43.135  -6.340  55.584 0.5555559993
38894  43.397  -7.069  55.259 0.7777780294
39725  43.465  -6.435  55.287 0.6666669846
39716  43.547  -6.011  55.266 0.6666669846
40556  43.327  -5.370  55.305 0.3333329856
38893  43.592  -6.772  55.057 0.7777780294
39724  43.689  -6.408  54.928 0.6666669846
40562  43.802  -5.514  54.868 0.6666669846
40567  44.202  -5.883  54.336 0.7777780294
41361  44.374  -5.051  54.461 0.6666669846
41352  43.903  -4.398  54.940 0.3333329856
41351  44.614  -3.974  54.732 0.4444440007
42143  43.952  -3.401  55.353 0.1111110002
41360  45.129  -4.196  54.235 0.5555559993
42151  45.445  -3.545  54.629 0.3333329856
42142  44.877  -3.479  55.078 0.2222220004
44516  49.527  -0.740  50.808 0.7777780294
44511  48.923  -0.385  51.418 0.7777780294
45289  48.003  0.423  51.973 0.7777780294
44508  47.701  -0.157  52.990 0.4444440007
45285  47.590  0.528  52.907 0.3333329856
46021  47.103  1.582  53.610 0.2222220004
42962  45.688  -3.072  54.929 0.3333329856
42952  45.346  -2.359  55.355 0.3333329856
42968  47.465  -2.173  53.434 0.7777780294
43719  47.011  -1.508  54.261 0.5555559993
43715  45.895  -1.354  55.171 0.2222220004
43727  48.212  -1.214  52.419 0.6666669846
43723  47.806  -1.557  53.055 0.5555559993
43724  47.413  -1.080  53.593 0.5555559993
44512  48.341  -0.514  52.013 0.6666669846
44503  47.770  -0.736  53.017 0.6666669846
44504  47.442  -0.193  53.446 0.5555559993
45281  47.186  0.576  53.815 0.2222220004
42149  46.992  -2.955  54.030 0.7777780294
42961  46.296  -2.213  54.769 0.4444440007
50534  53.375  7.471  47.746 0.5555559993
50528  52.825  7.538  48.316 0.4444440007
51295  53.664  8.243  47.320 0.4444440007
51289  53.208  8.384  47.976 0.4444440007
51290  52.500  8.454  48.495 0.2222220004
52064  53.577  9.210  47.399 0.5555559993
52057  53.000  9.185  48.173 0.3333329856
51291  51.975  8.865  48.767 0.2222220004
52059  51.329  9.227  48.372 0.2222220004
52065  52.642  9.498  47.372 0.3333329856
52058  52.193  9.188  48.153 0.2222220004
52053  50.124  9.168  49.198 0.1111110002
53666  48.856  10.908  51.259 0.1111110002
52861  49.073  10.368  50.152 0.1111110002
52875  53.463  9.569  46.356 0.4444440007
52073  52.488  9.624  46.817 0.2222220004
52066  51.557  9.484  47.400 0.2222220004
52061  49.660  9.776  48.956 0.1111110002
54419  49.281  12.065  50.781 0.1111110002
54423  49.485  11.841  49.798 0.1111110002
53667  49.125  11.070  50.780 0.1111110002
53669  49.291  11.005  49.773 0.1111110002
53672  49.220  11.327  48.853 0.1111110002
52865  49.247  10.385  49.268 0.1111110002
52864  49.543  10.341  48.386 0.1111110002
52074  52.021  9.615  46.818 0.2222220004
52870  50.857  9.762  47.170 0.2222220004
52060  50.326  9.586  48.403 0.1111110002
53671  49.517  11.100  47.861 0.1111110002
52884  52.902  9.857  45.021 0.2222220004
52876  52.341  9.713  46.206 0.2222220004
52877  51.036  10.094  46.352 0.2222220004
52878  50.292  10.695  46.664 0.1111110002
52871  50.159  10.212  47.374 0.1111110002
53681  52.675  10.344  44.339 0.2222220004
52885  51.687  10.244  45.382 0.2222220004
53687  52.599  10.783  43.854 0.2222220004
53682  52.046  10.589  44.518 0.2222220004
52886  51.088  10.543  45.543 0.2222220004
53677  50.814  10.780  45.710 0.1111110002
28543  18.428  -24.492  62.759 0.5555559993
29635  20.753  -22.304  64.293 0.5555559993
31878  32.119  -18.177  62.878 0.6666669846
52892  53.250  10.273  44.041 0.2222220004
25192  8.821  -30.425  64.643 0.1111110002
25753  9.735  -29.640  64.935 0.1111110002
26299  11.285  -28.179  66.327 0.1111110002
27405  12.058  -25.814  66.063 0.1111110002
27977  13.230  -25.839  64.665 0.2222220004
27973  13.147  -25.639  65.063 0.1111110002
27967  14.860  -24.698  66.209 0.1111110002
27971  14.857  -24.879  65.554 0.2222220004
28521  13.550  -24.661  66.665 0.1111110002
27409  14.788  -25.780  63.876 0.5555559993
28518  16.295  -24.004  66.033 0.1111110002
27420  14.950  -26.374  63.457 0.5555559993
28532  16.202  -24.591  64.104 0.4444440007
28545  16.472  -24.912  63.563 0.4444440007
29618  17.899  -22.328  66.287 0.1111110002
27419  15.885  -26.556  62.889 0.5555559993
30164  19.357  -21.068  66.644 0.1111110002
29616  19.741  -21.875  65.843 0.1111110002
30173  20.935  -21.402  65.615 0.3333329856
29625  20.097  -22.294  64.936 0.4444440007
30717  21.476  -20.350  65.755 0.2222220004
31287  21.167  -19.711  65.938 0.1111110002
33004  22.151  -16.854  63.941 0.1111110002
33604  24.784  -15.590  62.728 0.2222220004
35914  32.802  -11.506  59.225 0.2222220004
36552  33.318  -10.566  59.327 0.2222220004
34728  30.024  -13.169  61.689 0.2222220004
32999  27.367  -16.175  63.840 0.2222220004
89852  28.900  -13.209  61.971 0.2222220004
32997  28.489  -15.833  63.221 0.1111110002
89841  27.852  -13.766  62.561 0.2222220004
39708  41.256  -5.951  57.000 0.4444440007
45284  47.831  0.227  52.485 0.4444440007
44507  47.971  -0.204  52.574 0.5555559993
46026  47.395  1.583  52.766 0.2222220004
42960  46.993  -2.200  54.160 0.6666669846
43720  46.377  -1.017  54.777 0.4444440007
44499  46.911  -0.290  54.324 0.2222220004
44500  46.245  -0.320  54.761 0.2222220004
45275  46.728  0.680  54.296 0.1111110002
51283  51.454  8.535  49.028 0.2222220004
52868  53.180  9.545  47.035 0.4444440007
52067  50.821  9.588  47.721 0.2222220004
52052  50.863  9.114  48.996 0.2222220004
53662  48.795  10.985  51.533 0.1111110002
52869  52.853  9.619  46.789 0.4444440007
54420  48.699  12.634  50.953 0.1111110002
52898  53.283  10.675  43.246 0.2222220004
29128  31.605  -23.439  60.223 0.4444440007
28581  31.676  -23.911  59.850 0.4444440007
29659  33.995  -22.162  59.839 0.3333329856
29662  32.274  -22.801  60.483 0.4444440007
28571  31.260  -24.435  60.200 0.3333329856
28010  31.221  -25.402  60.382 0.2222220004
29649  32.696  -22.307  60.940 0.6666669846
28570  31.639  -24.919  60.172 0.2222220004
30761  35.635  -20.854  59.646 0.4444440007
28572  30.646  -24.245  60.399 0.4444440007
29115  31.243  -23.019  60.684 0.4444440007
29650  31.802  -22.482  60.916 0.4444440007
28011  30.354  -25.144  60.757 0.3333329856
27447  30.677  -26.230  60.538 0.2222220004
28558  30.035  -24.282  60.596 0.3333329856
29116  30.664  -23.408  60.364 0.5555559993
30203  31.554  -21.824  61.672 0.5555559993
29651  30.890  -22.657  61.167 0.5555559993
28002  27.547  -24.978  61.100 0.3333329856
28003  26.476  -24.992  61.469 0.3333329856
27424  26.039  -25.796  61.985 0.3333329856
27425  25.162  -26.181  62.054 0.3333329856
26880  23.696  -27.310  62.559 0.3333329856
26324  23.125  -27.930  62.801 0.3333329856
26325  22.309  -28.239  63.244 0.3333329856
26326  21.495  -28.561  63.683 0.3333329856
28559  29.233  -24.096  60.520 0.4444440007
28560  28.365  -24.057  60.425 0.4444440007
29117  29.826  -23.307  60.004 0.4444440007
29118  29.096  -23.023  59.829 0.4444440007
28561  27.395  -24.200  60.369 0.4444440007
29663  29.759  -22.777  59.972 0.5555559993
30204  30.448  -21.570  61.594 0.6666669846
29131  29.392  -22.550  59.751 0.5555559993
27426  24.218  -26.394  62.347 0.3333329856
26866  23.059  -27.310  63.003 0.3333329856
29119  28.284  -23.114  59.490 0.4444440007
28562  26.014  -24.456  60.438 0.5555559993
29652  30.000  -22.502  60.494 0.6666669846
29664  29.566  -22.570  59.990 0.6666669846
29654  28.693  -21.915  59.770 0.6666669846
29653  29.265  -22.063  60.182 0.6666669846
29120  27.412  -23.245  59.332 0.6666669846
30205  29.459  -21.703  61.178 0.6666669846
28573  25.378  -24.239  59.736 0.6666669846
29132  26.062  -23.323  58.961 0.6666669846
28582  24.382  -23.525  58.998 0.6666669846
29122  23.640  -23.216  60.148 0.5555559993
29134  24.036  -22.900  59.306 0.5555559993
31331  41.747  -19.398  55.663 0.1111110002
31332  39.958  -18.953  55.772 0.2222220004
31330  42.454  -19.390  55.984 0.1111110002
31905  42.023  -18.867  55.733 0.1111110002
31913  40.599  -18.524  55.612 0.1111110002
32464  40.917  -18.077  55.516 0.2222220004
31329  43.224  -19.227  56.270 0.1111110002
31904  42.535  -18.479  55.911 0.1111110002
31912  41.378  -18.631  55.534 0.1111110002
32462  42.040  -17.841  55.566 0.2222220004
31911  41.889  -18.352  55.589 0.2222220004
32455  43.629  -17.258  56.309 0.2222220004
32456  42.605  -17.358  55.931 0.2222220004
36582  45.996  -10.583  53.149 0.6666669846
36592  46.695  -10.339  52.514 0.5555559993
37307  46.398  -9.554  53.100 0.6666669846
46034  47.488  1.541  51.983 0.2222220004
47547  48.854  3.934  50.350 0.2222220004
48252  51.266  3.879  50.129 0.1111110002
48262  50.624  4.411  49.819 0.2222220004
49017  49.778  5.642  49.675 0.1111110002
48263  49.342  4.686  50.084 0.1111110002
49016  50.527  5.338  49.545 0.1111110002
27414  23.794  -26.136  62.526 0.4444440007
30202  32.485  -21.861  61.621 0.5555559993
48273  51.182  4.941  49.510 0.2222220004
30214  33.820  -21.943  60.575 0.5555559993
45290  47.584  0.989  52.403 0.3333329856
29141  31.788  -23.714  60.004 0.4444440007
29129  31.025  -23.891  60.258 0.4444440007
29660  33.352  -22.618  60.067 0.3333329856
29661  32.840  -22.689  60.389 0.4444440007
29648  33.241  -22.238  60.680 0.6666669846
26879  24.464  -27.210  62.067 0.3333329856
25757  21.394  -29.236  63.221 0.3333329856
27427  23.592  -26.713  62.674 0.3333329856
31339  40.581  -19.353  55.544 0.1111110002
22468  7.637  -35.313  61.241 0.2222220004
38049  39.822  -8.552  59.293 0.4444440007
38873  40.236  -7.644  58.945 0.2222220004
38050  38.797  -8.590  59.441 0.2222220004
38861  39.857  -7.964  59.227 0.2222220004
38862  39.418  -7.744  59.238 0.2222220004
35943  45.392  -11.350  53.728 0.6666669846
59582  60.325  19.325  30.781 0.3333329856
58123  58.445  17.767  35.710 0.3333329856
58855  59.522  18.486  33.929 0.2222220004
59579  60.144  19.206  31.811 0.2222220004
59575  59.795  19.084  32.804 0.3333329856
59570  59.676  18.865  33.292 0.2222220004
24087  17.258  -32.059  64.537 0.1111110002
37276  38.162  -9.499  59.656 0.3333329856
35342  45.231  -12.494  54.327 0.5555559993
23047  7.019  -33.814  61.534 0.2222220004
42951  45.723  -1.816  55.287 0.2222220004
43716  45.175  -1.323  55.568 0.2222220004
23048  6.772  -33.794  61.510 0.2222220004
43705  44.729  -1.253  55.666 0.1111110002
30784  40.916  -19.601  55.454 0.1111110002
30785  40.732  -19.765  55.471 0.1111110002
30776  40.252  -20.006  55.551 0.1111110002
35347  45.841  -12.145  53.749 0.3333329856
35942  46.293  -11.464  53.116 0.5555559993
36591  47.644  -10.535  51.981 0.4444440007
37306  47.064  -9.172  52.707 0.4444440007
30212  35.033  -21.220  59.793 0.4444440007
31333  39.442  -19.443  56.218 0.2222220004
37314  46.855  -9.589  52.571 0.4444440007
37324  51.712  -9.417  50.212 0.1111110002
30237  40.950  -20.958  55.420 0.1111110002
18872  8.834  -41.269  62.608 0.1111110002
18876  9.365  -40.679  61.916 0.1111110002
18883  9.143  -40.574  60.956 0.1111110002
18890  8.721  -40.839  60.489 0.1111110002
18884  8.701  -41.524  61.035 0.1111110002
18891  8.373  -41.440  60.101 0.1111110002
19538  10.162  -40.420  62.078 0.1111110002
19554  8.748  -40.249  60.446 0.1111110002
20145  8.156  -39.378  60.229 0.1111110002
19555  8.373  -40.296  60.036 0.1111110002
20151  7.664  -39.787  59.706 0.1111110002
19561  7.370  -40.314  59.008 0.1111110002
89094  10.687  -38.859  60.923 0.1111110002
19543  9.787  -39.236  60.850 0.1111110002
89089  10.332  -38.511  60.832 0.1111110002
20735  8.403  -38.491  60.778 0.1111110002
20146  7.811  -38.785  60.484 0.1111110002
20736  7.475  -38.226  60.634 0.1111110002
23055  6.270  -34.212  61.155 0.1111110002
21325  7.045  -37.358  60.488 0.1111110002
20158  6.728  -39.522  59.191 0.1111110002
21908  7.180  -36.274  60.714 0.1111110002
21914  5.722  -36.326  59.454 0.1111110002
22472  5.525  -35.260  60.026 0.1111110002
23060  5.726  -34.609  60.612 0.1111110002
20745  6.632  -38.335  59.815 0.1111110002
23056  5.592  -33.940  60.821 0.1111110002
24117  6.565  -32.680  62.314 0.2222220004
23599  6.356  -33.259  61.643 0.1111110002
21911  6.805  -36.735  60.380 0.1111110002
23604  5.716  -33.228  61.246 0.1111110002
20159  6.051  -38.951  58.858 0.1111110002
21348  5.650  -37.362  57.984 0.1111110002
21337  5.782  -37.347  58.925 0.1111110002
20763  5.361  -38.495  56.678 0.1111110002
21359  5.471  -37.511  57.089 0.1111110002
21916  5.530  -36.300  58.473 0.1111110002
24118  5.688  -32.296  62.036 0.1111110002
24108  5.998  -32.117  63.020 0.1111110002
20746  6.105  -38.334  59.242 0.1111110002
20752  5.786  -38.338  58.513 0.1111110002
20170  5.547  -39.492  57.115 0.1111110002
20759  5.580  -38.458  57.629 0.1111110002
20174  5.260  -39.447  55.982 0.1111110002
20175  5.048  -38.953  55.577 0.1111110002
24646  6.427  -31.290  63.520 0.1111110002
32410  21.514  -17.382  64.546 0.1111110002
37277  37.106  -9.343  59.603 0.1111110002
37269  36.374  -10.015  60.010 0.1111110002
37278  36.099  -9.185  59.616 0.1111110002
37270  35.154  -9.742  60.102 0.1111110002
29139  33.082  -23.606  59.539 0.2222220004
28580  32.040  -24.505  59.694 0.2222220004
29670  33.624  -22.789  59.528 0.2222220004
29126  33.023  -23.169  60.067 0.2222220004
38051  37.788  -8.561  59.459 0.1111110002
34174  27.007  -13.594  62.915 0.1111110002
89853  27.879  -12.495  63.148 0.1111110002
29127  32.487  -23.243  60.103 0.2222220004
38863  38.409  -7.761  59.352 0.1111110002
39694  39.656  -6.649  58.770 0.1111110002
39682  39.437  -7.194  59.036 0.1111110002
38044  34.494  -9.143  59.658 0.1111110002
37271  34.004  -9.912  59.637 0.1111110002
38045  33.529  -9.311  59.570 0.1111110002
89859  31.681  -12.007  59.390 0.1111110002
89866  31.977  -10.634  59.265 0.1111110002
34749  30.557  -12.417  60.588 0.1111110002
89843  30.513  -11.738  60.746 0.1111110002
38046  32.636  -9.581  59.342 0.1111110002
39699  34.160  -6.572  58.237 0.1111110002
40536  40.247  -5.657  58.214 0.1111110002
38876  34.309  -7.387  58.614 0.1111110002
38056  33.011  -8.847  59.385 0.1111110002
89857  31.503  -11.203  59.863 0.1111110002
89864  31.227  -10.904  60.295 0.1111110002
38877  33.246  -7.669  58.069 0.1111110002
89875  32.280  -8.999  58.726 0.1111110002
89874  32.019  -9.742  58.910 0.1111110002
89867  31.601  -9.862  59.539 0.1111110002
89865  31.257  -10.122  60.179 0.1111110002
41319  40.800  -4.895  57.838 0.1111110002
41335  41.388  -4.804  57.258 0.1111110002
42113  40.477  -4.263  57.819 0.1111110002
42125  41.835  -4.039  56.682 0.1111110002
34220  44.416  -14.273  55.365 0.3333329856
34219  45.232  -14.348  54.742 0.1111110002
34776  45.345  -13.495  54.199 0.1111110002
34775  45.938  -13.543  53.723 0.2222220004
35341  45.712  -12.862  53.852 0.1111110002
35346  46.395  -12.579  53.451 0.2222220004
35941  46.929  -11.906  52.940 0.2222220004
35950  47.638  -11.685  52.375 0.2222220004
35951  46.987  -11.218  52.504 0.3333329856
36590  48.497  -10.893  51.918 0.1111110002
36588  49.945  -11.204  51.818 0.1111110002
36589  49.292  -10.976  51.906 0.3333329856
36599  49.102  -10.641  51.102 0.2222220004
36601  47.968  -9.825  51.576 0.3333329856
37320  48.549  -9.458  51.345 0.3333329856
43755  55.333  -1.621  45.425 0.1111110002
43754  55.793  -1.570  44.828 0.1111110002
44538  56.245  -0.505  44.533 0.1111110002
45319  56.592  0.659  44.231 0.1111110002
46066  56.592  1.682  43.488 0.1111110002
48306  58.339  4.487  42.157 0.2222220004
49062  58.843  5.318  41.294 0.2222220004
49061  59.098  5.625  40.675 0.1111110002
49837  58.667  6.345  41.305 0.2222220004
49059  58.445  5.470  41.849 0.2222220004
24107  6.946  -32.094  63.026 0.2222220004
21907  8.109  -36.417  61.461 0.1111110002
21330  6.296  -37.324  59.684 0.1111110002
21326  6.651  -37.059  60.152 0.1111110002
36600  48.456  -10.248  51.237 0.3333329856
47578  57.964  3.311  42.350 0.2222220004
49836  58.959  6.333  40.767 0.2222220004
34754  31.279  -12.230  59.848 0.1111110002
34748  31.180  -12.945  60.075 0.1111110002
89860  31.861  -11.565  59.299 0.1111110002
41318  41.115  -5.094  57.620 0.1111110002
29140  32.070  -23.693  59.810 0.2222220004
38874  39.703  -7.302  59.018 0.1111110002
19548  8.841  -39.629  60.519 0.1111110002
19549  8.541  -39.886  60.297 0.1111110002
19560  7.979  -40.566  59.345 0.1111110002
20152  7.254  -38.965  60.180 0.1111110002
20157  7.448  -40.036  59.301 0.1111110002
20740  6.946  -38.132  60.317 0.1111110002
21323  7.698  -37.398  61.015 0.1111110002
21329  6.703  -37.645  60.095 0.1111110002
20164  6.448  -39.998  58.532 0.1111110002
20165  5.817  -39.533  58.300 0.1111110002
21931  5.298  -36.936  56.687 0.1111110002
21360  5.251  -37.588  56.294 0.1111110002
28579  32.786  -24.647  59.300 0.2222220004
37279  35.320  -8.972  59.657 0.1111110002
39683  38.934  -7.093  59.082 0.1111110002
38055  34.044  -8.705  59.220 0.1111110002
89851  31.055  -11.643  60.248 0.1111110002
89837  29.829  -12.193  62.422 0.1111110002
35898  30.197  -11.639  61.589 0.1111110002
38057  32.402  -9.211  59.235 0.1111110002
38868  33.560  -8.205  58.907 0.1111110002
38867  34.552  -7.945  59.030 0.1111110002
89861  31.773  -10.047  59.236 0.1111110002
89858  31.683  -10.160  59.640 0.1111110002
89856  31.593  -11.576  59.633 0.1111110002
35897  30.709  -11.301  60.824 0.1111110002
89870  31.887  -9.734  59.153 0.1111110002
89862  31.559  -9.652  59.334 0.1111110002
41336  40.974  -4.240  57.620 0.1111110002
42114  39.991  -3.992  57.762 0.1111110002
42126  41.281  -3.792  57.128 0.1111110002
48309  58.704  4.674  41.544 0.2222220004
49804  51.395  6.457  49.095 0.1111110002
50529  52.017  7.505  48.679 0.2222220004
58846  58.785  18.016  35.062 0.2222220004
58851  59.195  18.536  34.438 0.2222220004
57429  60.869  16.365  29.069 0.2222220004
58876  60.783  18.626  29.605 0.3333329856
56720  60.541  15.487  29.428 0.1111110002
54492  60.657  12.701  32.449 0.2222220004
58866  60.573  18.426  30.243 0.3333329856
50530  51.608  7.004  48.836 0.1111110002
29146  35.549  -23.254  58.158 0.1111110002
29147  34.901  -23.721  58.164 0.1111110002
29153  35.192  -23.956  57.800 0.1111110002
28585  34.613  -24.203  57.966 0.1111110002
28586  34.125  -24.441  58.165 0.1111110002
27455  34.207  -26.214  58.826 0.1111110002
29678  34.660  -23.011  58.724 0.1111110002
29148  33.876  -23.549  58.786 0.1111110002
28022  33.592  -25.101  58.551 0.1111110002
26363  33.595  -28.128  57.908 0.1111110002
26369  33.950  -28.684  57.312 0.1111110002
28587  33.368  -24.347  58.858 0.1111110002
26357  33.407  -27.738  58.728 0.1111110002
26358  32.622  -28.058  59.011 0.1111110002
26364  32.997  -28.636  58.378 0.1111110002
30233  38.062  -21.604  56.935 0.1111110002
30770  37.742  -21.004  57.772 0.1111110002
30227  37.145  -21.416  58.247 0.1111110002
30228  36.427  -21.760  58.520 0.1111110002
31334  38.822  -19.953  56.690 0.1111110002
30769  38.309  -20.510  57.240 0.1111110002
30767  36.707  -20.896  58.779 0.1111110002
26902  29.183  -27.231  60.312 0.1111110002
26350  29.635  -28.099  60.040 0.1111110002
30220  36.012  -21.232  59.025 0.1111110002
26349  30.506  -27.885  59.808 0.1111110002
29668  35.008  -22.342  59.024 0.1111110002
28009  31.872  -25.435  60.077 0.1111110002
27445  32.196  -26.178  59.965 0.1111110002
26899  31.819  -26.958  60.026 0.1111110002
26360  30.946  -28.595  59.364 0.1111110002
27457  32.973  -26.189  59.815 0.1111110002
26910  32.212  -27.527  59.576 0.1111110002
25785  31.391  -29.246  58.806 0.1111110002
25786  30.625  -29.605  59.147 0.1111110002
26359  31.780  -28.338  59.165 0.1111110002
30777  39.389  -20.490  55.978 0.1111110002
27448  29.748  -26.259  60.704 0.2222220004
26351  28.654  -28.249  60.068 0.1111110002
24639  18.788  -31.187  62.997 0.1111110002
27449  28.867  -26.481  60.704 0.2222220004
27450  28.189  -26.413  60.675 0.2222220004
26903  28.163  -27.250  60.328 0.2222220004
25197  19.461  -30.477  63.389 0.1111110002
27434  29.301  -25.854  60.968 0.2222220004
26889  27.581  -26.736  60.571 0.1111110002
28012  29.740  -25.592  60.962 0.2222220004
25196  20.384  -30.005  63.086 0.1111110002
27435  28.683  -25.805  61.019 0.2222220004
27436  27.711  -25.947  61.007 0.2222220004
25206  22.140  -29.819  61.749 0.1111110002
26905  26.148  -27.319  60.063 0.1111110002
26355  24.918  -28.481  60.079 0.1111110002
25771  24.439  -29.005  60.508 0.1111110002
25227  22.739  -30.616  60.462 0.1111110002
33044  44.052  -16.308  56.403 0.1111110002
33650  44.442  -15.371  55.881 0.1111110002
25758  20.556  -29.447  63.586 0.1111110002
25756  22.217  -28.916  62.758 0.1111110002
25195  21.086  -29.861  62.624 0.1111110002
28000  29.508  -25.024  61.112 0.2222220004
25207  21.323  -30.134  62.015 0.1111110002
25773  22.933  -29.486  61.395 0.1111110002
27999  30.007  -24.779  60.972 0.2222220004
28001  28.524  -24.926  61.099 0.2222220004
26890  26.786  -26.705  60.719 0.1111110002
26891  25.578  -26.954  60.996 0.2222220004
26345  24.679  -28.173  61.010 0.2222220004
25772  23.833  -29.139  61.088 0.1111110002
27437  26.637  -26.004  61.456 0.2222220004
26338  22.756  -28.430  62.611 0.1111110002
25766  22.612  -28.942  62.038 0.1111110002
26337  23.596  -28.195  62.204 0.1111110002
26346  24.036  -28.539  61.621 0.1111110002
27438  25.761  -26.380  61.729 0.2222220004
33656  44.957  -15.007  55.240 0.1111110002
26336  24.393  -27.972  61.762 0.1111110002
47549  47.441  4.326  50.837 0.1111110002
47539  46.449  4.215  51.200 0.1111110002
47548  47.983  4.069  50.671 0.1111110002
48266  46.571  4.988  50.328 0.1111110002
48264  48.300  4.800  50.315 0.1111110002
49020  46.868  5.494  50.492 0.1111110002
51282  51.945  8.277  48.804 0.1111110002
48265  47.403  4.813  50.504 0.1111110002
52903  53.255  11.007  42.685 0.1111110002
53691  52.821  11.582  43.285 0.1111110002
53688  52.112  11.668  44.219 0.1111110002
53700  53.396  11.806  40.921 0.1111110002
54446  52.427  12.515  41.557 0.1111110002
53692  52.487  12.093  43.805 0.1111110002
54443  52.676  12.506  42.738 0.1111110002
53712  53.949  12.281  39.694 0.1111110002
54449  52.720  12.458  40.620 0.1111110002
55237  54.436  13.602  39.664 0.1111110002
54463  53.821  12.920  39.701 0.1111110002
54450  52.025  12.797  40.854 0.1111110002
55238  53.493  13.669  39.757 0.1111110002
55230  52.629  13.675  40.446 0.1111110002
54447  51.879  12.929  41.258 0.1111110002
58117  57.670  17.845  36.789 0.1111110002
58106  57.159  17.905  37.829 0.1111110002
58884  61.100  18.261  28.147 0.2222220004
58825  57.292  18.079  37.250 0.1111110002
58847  58.356  18.722  35.451 0.1111110002
58837  57.971  18.163  36.167 0.1111110002
59599  61.024  19.092  27.606 0.2222220004
59587  60.846  18.899  29.259 0.2222220004
58888  60.911  18.269  26.245 0.2222220004
59606  60.928  19.163  25.787 0.2222220004
59567  59.168  19.024  34.272 0.1111110002
58852  58.804  18.648  34.894 0.1111110002
59576  59.440  19.781  32.890 0.1111110002
59571  59.366  19.186  33.704 0.1111110002
58848  57.845  18.785  36.010 0.1111110002
59596  60.876  19.255  28.636 0.2222220004
59588  60.644  19.418  29.666 0.2222220004
59568  58.810  19.287  34.616 0.1111110002
59563  58.238  19.573  35.217 0.1111110002
59601  61.007  19.105  26.706 0.2222220004
60358  60.825  19.793  27.838 0.1111110002
59597  60.602  19.861  29.008 0.1111110002
60342  60.009  20.169  31.377 0.1111110002
60337  59.750  19.893  32.218 0.1111110002
60330  58.991  20.220  33.256 0.1111110002
59572  58.788  20.040  34.007 0.1111110002
60364  60.886  19.959  26.301 0.2222220004
60362  60.677  20.435  27.437 0.1111110002
60350  60.407  20.455  29.347 0.1111110002
60345  60.306  20.348  30.363 0.1111110002
60343  59.607  20.497  31.875 0.1111110002
61142  60.326  21.148  27.785 0.1111110002
61122  59.840  21.004  30.975 0.1111110002
60338  59.234  20.487  32.468 0.1111110002
61138  60.206  21.212  28.757 0.1111110002
61129  60.056  21.501  29.885 0.1111110002
61118  59.689  20.717  31.503 0.1111110002
61937  57.939  21.082  21.671 0.1111110002
60339  58.744  20.847  32.870 0.1111110002
60324  58.088  20.293  34.654 0.1111110002
61113  58.867  21.018  32.428 0.1111110002
60331  58.260  20.883  33.550 0.1111110002
61152  60.217  21.202  25.635 0.1111110002
61914  60.056  21.952  27.256 0.1111110002
61902  59.965  21.944  28.970 0.1111110002
61123  59.223  21.788  30.708 0.1111110002
61119  59.215  21.143  31.772 0.1111110002
61156  60.062  21.277  24.665 0.1111110002
61917  59.885  21.804  26.244 0.1111110002
61911  60.042  21.881  28.178 0.1111110002
61120  58.532  21.666  31.388 0.1111110002
61919  59.673  21.785  25.260 0.1111110002
61912  59.526  22.377  28.463 0.1111110002
61895  59.114  22.215  30.083 0.1111110002
62670  58.789  22.041  24.161 0.1111110002
61938  57.506  21.584  21.070 0.1111110002
61106  57.901  21.286  33.189 0.1111110002
61915  59.696  22.333  27.777 0.1111110002
61903  59.356  22.268  29.433 0.1111110002
61124  58.603  21.947  30.851 0.1111110002
61114  58.148  21.396  32.503 0.1111110002
62657  59.478  22.412  26.782 0.1111110002
62632  58.796  22.597  29.380 0.1111110002
62661  59.237  22.312  25.840 0.1111110002
62658  58.746  22.892  26.399 0.1111110002
62651  59.036  22.839  27.589 0.1111110002
61925  58.294  21.736  23.236 0.1111110002
62665  59.102  22.290  24.878 0.1111110002
61931  58.223  21.461  22.718 0.1111110002
62671  58.253  22.212  23.683 0.1111110002
62683  57.721  21.681  22.370 0.1111110002
61881  57.857  21.789  31.575 0.1111110002
61896  58.485  22.298  30.338 0.1111110002
62666  58.533  22.739  24.447 0.1111110002
62675  57.913  21.972  23.020 0.1111110002
61897  57.799  22.367  30.551 0.1111110002
62626  57.937  22.637  30.208 0.1111110002
62633  58.164  22.880  29.545 0.1111110002
30229  35.681  -22.026  58.710 0.1111110002
29676  36.039  -22.695  58.208 0.1111110002
29669  34.205  -22.667  59.213 0.1111110002
29149  33.401  -23.814  59.004 0.1111110002
28019  32.522  -25.390  59.689 0.1111110002
29138  33.674  -23.125  59.227 0.1111110002
26900  30.992  -27.029  60.113 0.1111110002
25182  19.981  -29.916  63.711 0.1111110002
30760  36.281  -20.448  59.353 0.1111110002
58886  61.089  18.243  27.181 0.2222220004
53707  53.470  12.189  40.132 0.1111110002
50522  51.686  7.973  48.917 0.1111110002
26878  25.142  -26.808  61.671 0.2222220004
27446  31.490  -26.222  60.280 0.1111110002
30221  35.367  -21.587  59.308 0.1111110002
30222  34.696  -21.892  59.580 0.1111110002
29677  35.329  -22.854  58.525 0.1111110002
28021  34.068  -25.452  58.235 0.1111110002
28591  34.277  -24.940  57.805 0.1111110002
28017  33.818  -25.657  58.896 0.1111110002
26907  34.314  -26.796  58.485 0.1111110002
26908  34.056  -27.039  59.138 0.1111110002
27456  33.669  -26.266  59.376 0.1111110002
26914  34.003  -27.381  58.262 0.1111110002
28018  33.236  -25.386  59.202 0.1111110002
26909  33.110  -27.158  59.473 0.1111110002
26365  32.147  -28.911  58.504 0.1111110002
26901  30.118  -27.131  60.274 0.1111110002
26911  31.351  -27.682  59.620 0.1111110002
26898  32.502  -26.838  59.886 0.1111110002
25776  30.141  -28.895  59.700 0.1111110002
25229  31.117  -30.221  58.508 0.1111110002
25216  22.493  -30.264  61.158 0.1111110002
26904  27.140  -27.461  60.352 0.1111110002
26344  25.283  -27.701  60.282 0.1111110002
25783  23.872  -29.617  60.268 0.1111110002
25215  23.263  -29.985  60.808 0.1111110002
25767  21.761  -29.450  62.379 0.1111110002
25765  23.387  -28.845  61.655 0.1111110002
26892  24.814  -27.412  61.494 0.2222220004
48254  47.007  4.559  50.767 0.1111110002
48255  46.316  4.678  50.628 0.1111110002
54457  53.090  12.883  40.052 0.1111110002
58838  57.324  18.793  36.605 0.1111110002
60361  60.948  19.823  27.117 0.2222220004
60359  60.527  20.305  28.395 0.1111110002
60365  60.796  20.384  26.793 0.1111110002
61146  60.709  20.505  26.424 0.1111110002
61147  60.477  21.042  26.685 0.1111110002
61130  59.516  22.027  30.067 0.1111110002
61161  59.821  21.131  23.646 0.1111110002
61921  59.405  21.713  24.310 0.1111110002
62650  59.613  22.427  27.358 0.1111110002
61904  58.801  22.464  29.761 0.1111110002
61924  58.830  21.492  23.403 0.1111110002
61890  58.085  21.964  30.924 0.1111110002
62642  58.823  22.775  28.777 0.1111110002
62662  58.667  22.947  25.374 0.1111110002
33654  46.190  -15.490  54.360 0.1111110002
33659  46.641  -15.222  53.623 0.1111110002
33056  46.393  -16.289  53.829 0.1111110002
34222  46.208  -14.463  53.813 0.1111110002
33055  46.638  -16.504  52.883 0.1111110002
47582  58.551  3.667  41.278 0.1111110002
47581  58.853  3.889  40.895 0.1111110002
34227  46.777  -14.323  53.200 0.1111110002
34780  46.640  -13.512  53.358 0.1111110002
48308  59.013  4.472  40.940 0.1111110002
35345  47.195  -12.620  53.036 0.1111110002
48312  59.261  4.694  40.129 0.1111110002
34779  47.318  -13.476  52.930 0.1111110002
35353  47.881  -12.613  52.570 0.1111110002
52133  61.185  9.376  32.623 0.1111110002
52139  61.334  9.603  30.847 0.1111110002
52136  61.228  9.477  31.704 0.1111110002
50578  60.263  7.500  36.876 0.1111110002
50581  60.845  7.444  35.294 0.1111110002
51343  61.016  8.341  34.882 0.1111110002
53739  60.889  11.388  33.578 0.1111110002
52130  61.070  9.319  33.534 0.1111110002
52949  61.336  10.477  31.270 0.1111110002
52953  61.438  10.498  30.359 0.1111110002
51334  59.913  8.434  37.100 0.1111110002
51340  60.345  8.392  36.379 0.1111110002
50577  60.589  7.470  36.107 0.1111110002
51339  60.787  8.371  35.673 0.1111110002
52127  60.954  9.317  34.493 0.1111110002
53734  60.680  10.969  34.121 0.1111110002
53749  61.463  11.456  30.758 0.1111110002
53745  61.319  11.361  31.718 0.1111110002
54494  61.119  12.377  31.258 0.1111110002
55275  60.688  13.418  30.732 0.1111110002
55271  60.465  13.537  31.744 0.1111110002
57437  61.030  16.389  28.154 0.1111110002
58893  60.813  18.326  25.274 0.1111110002
58895  60.820  18.405  24.272 0.1111110002
59625  60.375  19.284  21.591 0.1111110002
59630  59.757  19.211  21.165 0.1111110002
60411  58.575  19.576  20.731 0.1111110002
58159  61.023  17.347  26.717 0.1111110002
59610  60.888  19.235  24.823 0.1111110002
59614  60.826  19.337  23.824 0.1111110002
60369  60.883  19.995  25.374 0.1111110002
59619  60.764  19.344  22.844 0.1111110002
60388  60.410  19.922  22.322 0.1111110002
60380  60.407  20.294  23.326 0.1111110002
60396  59.868  20.070  21.590 0.1111110002
60402  58.878  19.885  20.964 0.1111110002
60412  57.924  20.034  20.398 0.1111110002
61155  60.534  20.687  25.031 0.1111110002
46818  58.335  2.904  40.721 0.1111110002
46810  57.718  2.760  42.017 0.1111110002
54499  61.276  12.489  30.220 0.1111110002
54495  60.753  12.694  31.777 0.1111110002
52123  60.331  9.424  35.813 0.1111110002
55270  60.689  12.964  31.357 0.1111110002
52118  60.003  9.128  36.620 0.1111110002
54491  61.061  12.083  32.121 0.1111110002
54487  61.013  12.035  32.855 0.1111110002
52122  60.929  9.072  35.258 0.1111110002
52946  61.231  10.401  32.179 0.1111110002
52940  60.558  10.662  34.455 0.1111110002
52128  60.652  9.672  35.069 0.1111110002
47579  57.629  3.049  42.594 0.1111110002
24645  7.466  -31.300  63.782 0.1111110002
45267  45.623  0.132  55.028 0.1111110002
52943  61.050  10.350  33.074 0.1111110002
53743  61.189  11.284  32.609 0.1111110002
52939  60.787  10.288  33.962 0.1111110002
50572  59.779  7.555  37.532 0.1111110002
58164  60.725  17.375  25.771 0.1111110002
59624  60.662  19.296  22.083 0.1111110002
60395  60.411  19.681  21.845 0.1111110002
60374  60.734  20.090  24.420 0.1111110002
52936  60.647  10.075  34.619 0.1111110002
19568  6.277  -40.354  58.177 0.1111110002
20717  12.826  -37.611  63.673 0.1111110002
21302  12.590  -37.033  63.367 0.1111110002
21317  8.643  -37.189  61.832 0.2222220004
21892  12.866  -36.130  63.087 0.1111110002
21901  12.316  -35.843  62.694 0.1111110002
22450  13.739  -34.766  63.310 0.1111110002
22461  12.474  -35.699  62.807 0.1111110002
23035  13.668  -34.369  63.522 0.1111110002
24631  16.212  -30.609  64.390 0.4444440007
24632  15.714  -30.661  64.398 0.4444440007
24652  11.731  -30.880  61.638 0.5555559993
24664  11.928  -30.810  61.222 0.5555559993
24665  11.685  -31.048  61.142 0.5555559993
24666  11.419  -31.305  61.484 0.5555559993
25176  15.056  -29.987  64.797 0.5555559993
25198  13.405  -30.204  63.303 0.5555559993
25200  11.340  -30.230  62.556 0.5555559993
25210  12.093  -30.431  62.120 0.5555559993
25219  11.762  -30.767  61.477 0.5555559993
25220  11.382  -30.927  61.575 0.5555559993
25733  16.547  -30.023  64.402 0.5555559993
25751  11.062  -29.238  63.807 0.2222220004
25768  12.189  -30.040  62.526 0.5555559993
26304  17.996  -29.060  64.514 0.4444440007
26321  10.697  -28.904  65.081 0.2222220004
26332  11.965  -29.222  63.419 0.5555559993
26339  17.405  -28.017  62.719 0.4444440007
26855  11.952  -27.369  65.115 0.1111110002
26861  18.151  -28.051  63.839 0.4444440007
26872  17.639  -27.973  62.828 0.4444440007
26876  13.598  -27.269  63.531 0.5555559993
26893  20.793  -26.859  61.516 0.5555559993
27430  17.088  -26.935  61.943 0.5555559993
27439  21.442  -25.548  60.895 0.4444440007
27441  19.805  -26.431  60.860 0.4444440007
27451  21.115  -25.380  60.747 0.5555559993
27452  20.996  -25.965  60.645 0.4444440007
28013  20.805  -25.326  60.722 0.5555559993
28014  20.338  -25.600  60.617 0.4444440007
28015  19.913  -25.910  60.501 0.4444440007
28551  21.031  -23.770  61.679 0.6666669846
28556  17.447  -25.236  62.663 0.4444440007
28564  23.776  -24.256  59.929 0.5555559993
28565  20.926  -24.167  61.229 0.6666669846
28566  20.942  -23.932  61.544 0.5555559993
28567  19.903  -24.804  61.468 0.5555559993
28574  24.652  -24.053  59.289 0.6666669846
28575  23.672  -23.782  59.111 0.5555559993
28576  20.981  -24.154  61.019 0.5555559993
28583  24.196  -23.253  59.027 0.6666669846
29109  24.192  -24.108  61.215 0.5555559993
29111  20.923  -24.205  61.680 0.6666669846
29113  20.611  -24.406  61.430 0.6666669846
29123  20.772  -24.568  61.074 0.5555559993
29130  29.528  -22.816  59.863 0.5555559993
29133  25.045  -23.318  58.873 0.6666669846
29135  20.248  -24.885  60.981 0.5555559993
29142  25.549  -22.678  58.471 0.7777780294
29143  24.854  -22.816  58.790 0.6666669846
29144  24.474  -22.685  58.994 0.5555559993
29656  24.197  -21.948  59.738 0.5555559993
29666  24.575  -21.989  59.058 0.5555559993
29671  26.351  -21.874  58.101 0.7777780294
29673  24.905  -22.134  58.682 0.7777780294
29679  26.343  -21.627  57.739 0.7777780294
29680  26.135  -21.701  57.841 0.7777780294
30207  27.166  -20.400  59.965 0.6666669846
30215  27.547  -20.375  59.793 0.6666669846
30216  27.438  -20.765  59.514 0.6666669846
30217  25.664  -20.236  58.753 0.6666669846
30223  27.050  -20.805  57.925 0.6666669846
30224  25.973  -20.846  58.045 0.6666669846
30225  25.141  -21.254  58.508 0.7777780294
30230  26.522  -21.453  57.712 0.7777780294
30231  26.288  -21.421  57.827 0.7777780294
30726  31.634  -19.511  62.591 0.7777780294
30748  27.390  -20.107  59.720 0.6666669846
30749  26.804  -20.232  60.116 0.6666669846
30750  26.513  -20.028  59.964 0.6666669846
30755  27.531  -20.265  59.498 0.6666669846
30757  26.317  -19.842  59.441 0.6666669846
30762  27.014  -20.132  58.318 0.6666669846
30763  26.515  -20.000  58.367 0.6666669846
31855  22.259  -18.869  64.480 0.2222220004
31869  31.675  -18.906  62.714 0.7777780294
32463  41.365  -17.883  55.504 0.2222220004
33622  37.222  -15.533  60.511 0.7777780294
34759  39.153  -13.470  58.442 0.8888890147
35909  40.741  -11.617  58.799 0.8888890147
35919  40.626  -11.992  58.643 0.8888890147
36607  48.743  -9.864  50.809 0.5555559993
37326  49.362  -10.014  50.399 0.5555559993
38077  44.283  -8.764  54.310 0.8888890147
38921  45.819  -7.307  50.784 1.0000000000
38922  45.536  -7.350  50.152 1.0000000000
38928  45.818  -7.217  50.127 1.0000000000
38929  45.506  -7.285  49.891 1.0000000000
39751  46.468  -6.545  50.574 1.0000000000
39753  45.508  -7.347  50.087 1.0000000000
39761  46.038  -6.748  50.001 1.0000000000
39762  45.532  -7.022  49.899 1.0000000000
39763  45.556  -7.314  50.080 1.0000000000
40585  46.024  -5.987  50.148 1.0000000000
40586  45.543  -6.520  50.038 1.0000000000
42980  50.870  -2.053  49.638 1.0000000000
52881  55.375  9.126  45.136 0.8888890147
53713  53.568  12.528  39.840 0.1111110002
54458  52.396  12.966  40.447 0.1111110002
55231  52.084  13.188  40.615 0.1111110002
89087  10.180  -38.057  60.872 0.2222220004
89090  10.518  -37.612  61.167 0.2222220004
89095  10.820  -38.448  60.690 0.2222220004
89097  11.044  -38.179  60.584 0.2222220004
89098  11.064  -37.812  60.717 0.2222220004
89542  20.421  -25.056  60.890 0.5555559993
89543  20.886  -24.274  61.262 0.5555559993
89546  20.874  -24.142  61.437 0.6666669846
89547  20.928  -24.297  60.953 0.5555559993
