#!ascii label  , from subject TEMPLATE vox2ras=TkReg
659
71180  49.168  39.005  9.660 0.0000000000
78041  49.288  50.345  11.641 0.0000000000
73606  52.598  42.359  13.082 0.0000000000
72057  43.918  39.174  12.575 0.0000000000
70668  47.036  36.396  12.938 0.0000000000
75834  48.130  46.267  8.072 0.0000000000
79207  48.450  54.518  15.240 0.0000000000
79223  44.208  53.014  13.015 0.0000000000
74740  52.721  43.911  15.858 0.0000000000
70651  52.619  36.960  13.915 0.0000000000
75380  50.304  45.590  9.300 0.0000000000
73054  51.645  41.761  9.958 0.0000000000
76231  51.588  46.913  12.240 0.0000000000
76665  52.357  47.819  15.714 0.0000000000
80023  46.075  56.461  10.040 0.0000000000
78072  49.805  51.361  7.985 0.0000000000
70666  50.595  36.723  12.459 0.0000000000
71624  47.155  38.676  10.885 0.0000000000
71140  44.842  37.239  13.432 0.0000000000
71160  48.300  37.916  10.490 0.0000000000
73663  49.278  42.492  8.055 0.0000000000
71634  48.305  39.548  9.741 0.0000000000
80381  47.146  57.445  15.330 0.0000000000
74702  53.230  43.916  18.436 0.0000000000
72994  54.186  41.231  16.131 0.0000000000
72981  54.329  41.581  17.830 0.0000000000
79650  47.546  55.555  6.512 0.0000000000
77146  50.149  49.270  10.125 0.0000000000
75826  51.025  46.614  10.170 0.0000000000
77139  50.293  48.936  11.827 0.0000000000
78422  50.178  52.060  16.583 0.0000000000
77576  50.954  50.336  15.417 0.0000000000
77566  51.775  50.480  17.151 0.0000000000
76658  52.770  48.012  17.435 0.0000000000
79228  47.956  52.135  11.370 0.0000000000
79246  48.372  52.781  10.301 0.0000000000
78061  49.855  50.871  9.754 0.0000000000
76688  49.302  48.512  9.144 0.0000000000
73031  51.927  41.964  11.287 0.0000000000
71168  51.585  38.162  10.149 0.0000000000
71611  52.675  39.325  11.431 0.0000000000
70646  45.376  37.424  15.645 0.0000000000
70617  47.794  36.920  17.254 0.0000000000
77156  46.228  49.039  8.611 0.0000000000
74861  47.124  44.683  6.898 0.0000000000
78833  48.703  52.661  13.075 0.0000000000
78441  49.828  51.111  13.358 0.0000000000
81576  45.063  59.976  14.909 0.0000000000
80395  43.656  56.896  13.691 0.0000000000
79213  46.624  54.463  14.290 0.0000000000
74197  52.680  43.448  14.714 0.0000000000
72049  53.149  39.493  12.884 0.0000000000
72495  54.131  40.358  14.607 0.0000000000
71592  54.197  38.530  14.595 0.0000000000
73662  50.078  42.640  8.440 0.0000000000
72081  50.350  40.145  9.193 0.0000000000
73645  51.463  42.759  9.483 0.0000000000
74248  52.106  44.060  10.478 0.0000000000
74785  52.210  44.404  12.321 0.0000000000
77131  50.233  49.412  13.479 0.0000000000
76223  51.555  47.033  14.085 0.0000000000
75321  52.335  45.121  14.206 0.0000000000
75284  53.007  45.265  15.898 0.0000000000
75766  53.041  45.442  17.237 0.0000000000
81254  46.223  57.639  8.831 0.0000000000
90944  48.975  54.648  7.563 0.0000000000
90928  48.012  54.648  9.395 0.0000000000
90918  48.525  51.815  7.111 0.0000000000
76702  48.366  49.137  8.272 0.0000000000
75833  49.065  46.427  8.497 0.0000000000
70690  49.641  37.125  10.426 0.0000000000
70153  49.238  36.342  13.221 0.0000000000
70614  50.241  36.335  16.155 0.0000000000
70159  51.759  36.789  13.147 0.0000000000
71172  48.457  38.888  10.184 0.0000000000
71161  47.221  37.712  10.968 0.0000000000
71171  49.041  38.542  10.120 0.0000000000
72555  49.654  40.544  8.408 0.0000000000
72556  49.097  40.412  7.927 0.0000000000
71641  48.917  39.076  9.123 0.0000000000
71612  47.241  39.442  10.865 0.0000000000
74694  53.582  44.041  19.341 0.0000000000
73571  53.906  42.190  17.672 0.0000000000
73564  54.306  42.373  18.662 0.0000000000
69610  47.107  33.557  20.533 0.0000000000
77143  50.253  49.705  10.628 0.0000000000
77142  50.463  49.160  10.998 0.0000000000
77595  49.618  50.084  11.824 0.0000000000
78419  49.729  51.728  17.116 0.0000000000
78017  51.066  50.813  16.674 0.0000000000
78449  48.304  51.280  11.681 0.0000000000
78864  48.630  51.662  10.621 0.0000000000
78049  49.544  50.618  10.700 0.0000000000
77604  50.095  50.170  10.294 0.0000000000
73607  52.299  42.590  12.214 0.0000000000
72061  52.394  39.908  11.113 0.0000000000
72512  52.557  40.925  12.319 0.0000000000
72046  43.428  39.627  13.875 0.0000000000
71597  43.561  38.582  13.892 0.0000000000
70669  45.910  36.807  13.265 0.0000000000
70658  45.077  37.147  14.619 0.0000000000
70657  46.023  36.839  14.404 0.0000000000
70631  46.921  37.094  16.334 0.0000000000
70644  46.937  36.966  15.163 0.0000000000
76248  47.425  47.286  8.572 0.0000000000
76249  46.337  47.066  9.096 0.0000000000
75842  47.514  45.908  7.673 0.0000000000
72525  45.421  40.572  12.035 0.0000000000
72515  43.817  40.158  13.688 0.0000000000
78823  48.608  53.590  14.353 0.0000000000
78434  49.227  52.823  14.189 0.0000000000
79206  48.736  54.079  15.385 0.0000000000
80000  47.424  56.441  15.346 0.0000000000
80004  47.062  55.937  15.120 0.0000000000
79595  47.636  54.836  14.751 0.0000000000
79216  47.680  53.926  13.905 0.0000000000
74196  52.836  42.934  15.241 0.0000000000
73589  53.576  42.149  14.711 0.0000000000
72488  54.448  40.324  16.329 0.0000000000
72030  54.304  39.439  15.062 0.0000000000
71586  54.345  38.477  15.564 0.0000000000
74850  50.235  44.614  9.001 0.0000000000
73646  50.751  42.722  8.942 0.0000000000
74841  50.860  44.694  9.590 0.0000000000
75823  51.467  46.620  11.004 0.0000000000
74824  51.908  45.035  10.578 0.0000000000
75822  51.792  46.089  11.404 0.0000000000
74802  52.281  44.397  11.637 0.0000000000
75807  51.616  46.257  12.459 0.0000000000
78432  50.148  51.806  14.252 0.0000000000
77591  49.857  49.814  13.169 0.0000000000
77582  50.516  50.651  14.692 0.0000000000
76666  51.889  48.287  15.162 0.0000000000
76669  51.212  48.119  14.451 0.0000000000
76220  51.600  47.596  14.755 0.0000000000
75794  52.046  46.060  14.056 0.0000000000
75784  52.242  45.916  14.773 0.0000000000
75304  52.776  45.062  15.073 0.0000000000
76217  52.622  47.021  16.059 0.0000000000
76655  52.610  47.876  18.365 0.0000000000
76212  52.944  47.174  17.942 0.0000000000
80812  46.331  57.432  9.442 0.0000000000
80448  47.841  56.724  8.078 0.0000000000
90950  48.060  56.157  9.105 0.0000000000
80012  43.767  55.581  14.199 0.0000000000
80020  43.792  55.471  12.267 0.0000000000
79231  43.591  53.237  11.335 0.0000000000
78871  49.262  52.429  9.454 0.0000000000
90948  47.973  53.433  10.057 0.0000000000
78878  49.556  52.910  8.618 0.0000000000
90930  48.945  52.837  7.613 0.0000000000
78073  49.076  51.234  7.339 0.0000000000
77186  48.398  49.912  7.294 0.0000000000
77185  49.031  49.718  7.513 0.0000000000
76245  49.911  47.491  9.299 0.0000000000
76246  49.170  47.424  8.903 0.0000000000
75385  49.668  45.516  8.722 0.0000000000
74851  49.517  44.538  8.518 0.0000000000
72071  50.905  39.853  9.398 0.0000000000
71170  49.872  38.017  9.929 0.0000000000
71169  50.872  38.124  9.682 0.0000000000
70678  50.533  36.773  11.865 0.0000000000
70170  49.964  36.635  11.396 0.0000000000
70162  50.182  36.541  12.472 0.0000000000
70641  49.838  36.716  14.699 0.0000000000
70640  50.577  36.292  14.699 0.0000000000
71602  53.175  38.673  12.983 0.0000000000
71603  52.946  38.210  12.562 0.0000000000
71138  52.911  37.711  13.124 0.0000000000
72055  45.649  39.727  11.558 0.0000000000
71149  44.404  37.900  12.425 0.0000000000
71613  46.325  38.590  11.241 0.0000000000
71147  46.440  37.485  11.430 0.0000000000
70681  46.890  36.605  11.796 0.0000000000
74852  48.705  44.477  8.167 0.0000000000
72054  46.719  39.978  11.216 0.0000000000
74714  53.109  43.913  17.499 0.0000000000
73582  53.606  42.106  15.638 0.0000000000
73577  53.658  42.105  16.639 0.0000000000
72988  54.229  41.375  17.129 0.0000000000
76240  50.495  47.485  9.880 0.0000000000
75379  50.898  45.669  9.894 0.0000000000
76239  50.920  47.486  10.543 0.0000000000
76236  51.161  47.559  11.211 0.0000000000
76677  50.782  48.220  12.217 0.0000000000
78425  50.247  52.093  15.924 0.0000000000
77577  50.633  50.971  15.104 0.0000000000
78021  50.993  50.886  16.066 0.0000000000
77571  51.658  50.416  16.241 0.0000000000
77123  52.498  48.996  16.294 0.0000000000
76661  52.745  48.104  16.427 0.0000000000
77119  52.501  48.872  17.037 0.0000000000
77116  52.170  48.568  17.823 0.0000000000
77113  51.938  48.276  18.732 0.0000000000
80402  44.346  56.682  11.186 0.0000000000
78835  47.150  53.013  12.291 0.0000000000
78846  46.404  52.787  11.024 0.0000000000
79236  47.649  52.822  10.673 0.0000000000
78870  48.872  51.933  9.995 0.0000000000
78062  50.016  51.231  8.875 0.0000000000
77629  50.098  50.434  8.181 0.0000000000
77628  50.074  50.071  8.824 0.0000000000
76687  49.975  48.411  9.664 0.0000000000
73044  51.830  41.677  10.780 0.0000000000
72070  51.568  39.882  10.078 0.0000000000
72069  52.071  39.563  10.576 0.0000000000
71167  51.984  38.383  10.667 0.0000000000
70676  51.783  37.487  11.765 0.0000000000
70143  52.871  35.911  14.295 0.0000000000
70149  52.134  36.310  13.777 0.0000000000
70634  44.800  37.975  16.896 0.0000000000
71133  44.298  37.981  14.616 0.0000000000
70647  44.829  37.849  15.795 0.0000000000
70620  45.138  37.139  17.588 0.0000000000
70619  45.867  36.912  17.436 0.0000000000
70618  46.796  36.795  17.844 0.0000000000
70601  47.874  36.512  18.586 0.0000000000
77157  45.340  49.127  8.694 0.0000000000
75837  44.583  46.250  9.052 0.0000000000
78038  49.058  50.763  12.457 0.0000000000
78037  49.434  50.412  12.423 0.0000000000
78439  49.281  52.462  13.686 0.0000000000
78433  49.590  52.506  14.445 0.0000000000
78429  49.612  52.681  15.020 0.0000000000
78816  49.796  52.600  15.754 0.0000000000
78812  49.736  52.579  16.208 0.0000000000
81201  44.746  58.656  14.401 0.0000000000
80388  44.211  56.904  14.624 0.0000000000
79598  44.504  55.035  14.571 0.0000000000
79218  45.994  53.742  13.929 0.0000000000
78828  47.500  53.501  13.171 0.0000000000
78834  48.049  53.058  12.480 0.0000000000
73597  52.722  42.797  13.648 0.0000000000
73018  52.779  41.150  12.759 0.0000000000
73596  53.238  42.223  13.806 0.0000000000
72502  53.783  40.291  13.786 0.0000000000
71596  53.897  38.624  13.688 0.0000000000
73001  54.088  41.295  15.094 0.0000000000
72037  54.108  39.451  14.136 0.0000000000
71130  53.895  37.797  14.180 0.0000000000
73070  49.880  41.601  8.399 0.0000000000
72082  49.873  39.742  8.974 0.0000000000
73069  50.426  41.743  8.904 0.0000000000
73055  51.023  41.789  9.394 0.0000000000
74840  51.489  44.846  10.108 0.0000000000
74266  51.590  43.830  9.771 0.0000000000
73632  52.034  42.775  10.384 0.0000000000
73620  51.947  42.290  10.959 0.0000000000
74234  52.351  43.561  11.870 0.0000000000
74221  52.319  43.439  12.673 0.0000000000
77594  49.839  49.735  12.161 0.0000000000
77136  50.312  48.904  12.849 0.0000000000
76674  50.843  48.034  12.847 0.0000000000
77586  50.623  49.503  14.381 0.0000000000
76673  50.904  47.856  13.590 0.0000000000
76226  51.246  47.133  12.834 0.0000000000
75795  51.650  46.179  13.347 0.0000000000
75340  52.142  44.867  13.554 0.0000000000
74768  52.330  44.196  13.845 0.0000000000
74754  52.552  44.218  14.532 0.0000000000
74753  52.726  44.078  15.178 0.0000000000
75303  52.921  44.631  15.631 0.0000000000
76215  52.842  47.110  16.975 0.0000000000
75775  52.985  45.970  16.546 0.0000000000
75264  53.130  44.779  16.914 0.0000000000
75249  52.919  44.702  17.775 0.0000000000
80449  47.032  56.968  7.903 0.0000000000
79649  48.276  55.195  6.665 0.0000000000
79267  48.426  54.140  6.785 0.0000000000
90945  46.727  53.814  10.158 0.0000000000
90946  47.748  55.538  9.447 0.0000000000
90923  48.414  55.188  9.178 0.0000000000
90939  48.794  53.698  7.437 0.0000000000
77647  47.207  50.955  6.848 0.0000000000
77188  46.917  49.894  7.254 0.0000000000
77171  47.442  49.498  8.002 0.0000000000
76247  48.376  47.367  8.534 0.0000000000
76701  48.873  49.161  8.668 0.0000000000
75386  48.963  45.431  8.199 0.0000000000
74281  49.354  43.544  8.309 0.0000000000
71179  49.494  38.730  9.705 0.0000000000
70692  47.817  36.886  10.756 0.0000000000
70173  47.725  36.097  11.924 0.0000000000
70700  50.678  37.384  9.994 0.0000000000
70180  49.040  36.258  11.082 0.0000000000
70155  47.914  36.242  13.173 0.0000000000
70642  48.892  36.886  14.725 0.0000000000
70599  49.222  36.558  17.429 0.0000000000
72050  52.952  39.590  12.377 0.0000000000
70675  52.205  37.566  12.128 0.0000000000
70664  51.503  36.989  12.550 0.0000000000
70150  51.815  36.060  13.716 0.0000000000
69645  50.919  35.930  14.065 0.0000000000
73563  54.889  41.879  18.975 0.0000000000
72475  54.898  40.308  17.517 0.0000000000
72083  49.295  39.523  8.475 0.0000000000
71633  48.687  39.047  9.696 0.0000000000
74160  53.912  43.285  18.938 0.0000000000
77599  50.020  50.017  11.207 0.0000000000
78042  48.824  50.603  11.923 0.0000000000
78456  48.793  50.869  11.152 0.0000000000
73019  52.428  41.670  12.433 0.0000000000
72513  52.380  41.236  12.151 0.0000000000
72045  43.947  39.711  13.020 0.0000000000
71605  43.402  39.040  13.729 0.0000000000
71604  43.486  38.880  13.088 0.0000000000
70656  46.926  36.561  14.093 0.0000000000
75841  48.014  45.728  7.684 0.0000000000
72056  44.581  39.759  12.323 0.0000000000
72514  44.511  40.418  13.193 0.0000000000
79211  48.086  54.228  14.589 0.0000000000
79210  48.638  53.956  14.855 0.0000000000
79592  47.906  55.296  15.284 0.0000000000
79593  47.372  55.754  15.167 0.0000000000
74185  52.898  42.869  16.210 0.0000000000
72023  54.430  39.447  16.068 0.0000000000
75817  51.479  47.089  11.479 0.0000000000
75816  51.675  46.584  11.769 0.0000000000
75357  51.996  45.440  11.817 0.0000000000
78025  50.501  51.408  14.768 0.0000000000
78028  50.248  51.044  14.125 0.0000000000
76219  51.953  46.983  15.171 0.0000000000
76222  51.921  46.474  14.506 0.0000000000
76652  52.492  47.743  19.307 0.0000000000
80412  44.875  56.822  10.490 0.0000000000
80411  46.064  57.007  9.978 0.0000000000
80424  47.141  56.880  9.419 0.0000000000
90947  47.414  56.066  9.549 0.0000000000
79220  44.073  53.586  13.624 0.0000000000
79224  43.561  53.493  12.569 0.0000000000
78838  43.914  52.614  12.301 0.0000000000
78475  49.761  52.029  8.731 0.0000000000
79254  48.787  53.225  9.493 0.0000000000
78482  49.417  52.090  7.805 0.0000000000
77645  48.934  50.453  7.232 0.0000000000
77630  49.570  50.747  7.539 0.0000000000
75832  49.850  46.518  8.926 0.0000000000
72541  51.248  40.831  9.726 0.0000000000
70152  50.243  36.388  13.542 0.0000000000
71137  53.507  37.977  13.495 0.0000000000
71614  45.007  38.630  11.783 0.0000000000
70693  47.283  36.781  11.064 0.0000000000
74282  48.276  43.447  7.930 0.0000000000
73071  49.270  41.410  7.917 0.0000000000
71642  48.349  39.281  9.220 0.0000000000
72084  48.523  39.388  8.525 0.0000000000
74178  53.246  42.983  17.146 0.0000000000
72987  54.576  40.752  17.198 0.0000000000
79639  47.119  55.986  6.958 0.0000000000
79651  46.504  55.691  6.528 0.0000000000
76684  50.433  48.282  10.270 0.0000000000
76683  50.707  48.267  10.837 0.0000000000
76680  50.791  48.277  11.496 0.0000000000
78018  50.653  51.457  16.311 0.0000000000
77120  52.295  49.741  16.653 0.0000000000
77117  52.025  49.541  17.521 0.0000000000
77114  51.411  48.956  18.063 0.0000000000
77109  51.180  48.643  19.140 0.0000000000
78845  46.893  52.673  11.570 0.0000000000
79229  47.885  52.334  11.253 0.0000000000
78466  49.202  51.320  10.311 0.0000000000
79234  48.352  51.938  10.763 0.0000000000
78474  49.598  51.734  9.616 0.0000000000
77616  50.113  50.569  9.004 0.0000000000
77615  50.092  50.082  9.486 0.0000000000
72062  51.918  40.181  10.629 0.0000000000
72531  51.991  40.771  11.017 0.0000000000
71622  52.404  38.894  11.023 0.0000000000
70687  51.722  37.758  11.142 0.0000000000
71156  52.084  38.108  11.297 0.0000000000
71120  44.185  38.386  17.217 0.0000000000
71126  44.306  38.427  16.062 0.0000000000
71141  43.833  37.969  13.283 0.0000000000
70659  44.835  37.567  15.160 0.0000000000
70633  45.367  37.484  16.598 0.0000000000
70632  46.088  37.223  16.501 0.0000000000
70602  47.230  36.318  19.033 0.0000000000
77189  46.369  49.992  7.490 0.0000000000
76692  45.762  48.177  9.146 0.0000000000
75843  46.568  46.273  7.404 0.0000000000
75836  45.874  46.134  8.696 0.0000000000
75392  46.828  45.533  6.652 0.0000000000
78443  49.069  51.643  12.970 0.0000000000
78817  49.414  53.095  15.521 0.0000000000
81587  44.653  59.330  14.572 0.0000000000
80789  45.055  58.172  14.467 0.0000000000
80785  44.989  57.562  14.624 0.0000000000
80385  44.504  56.345  14.897 0.0000000000
79596  47.039  55.280  14.768 0.0000000000
79597  45.682  54.818  14.588 0.0000000000
78829  46.597  53.303  13.062 0.0000000000
79217  46.981  53.940  13.765 0.0000000000
78827  48.279  53.473  13.625 0.0000000000
78450  48.619  51.150  12.225 0.0000000000
74209  52.657  43.270  14.092 0.0000000000
73009  53.853  41.270  14.165 0.0000000000
72043  53.598  39.442  13.409 0.0000000000
72489  54.303  40.360  15.530 0.0000000000
70639  53.249  36.582  14.506 0.0000000000
71125  53.624  37.159  14.626 0.0000000000
72554  50.128  40.777  8.891 0.0000000000
74267  50.914  43.728  9.169 0.0000000000
75373  51.449  45.742  10.471 0.0000000000
73631  52.193  43.327  10.826 0.0000000000
78032  49.573  50.837  13.091 0.0000000000
78036  49.576  50.304  12.872 0.0000000000
77135  50.624  48.399  13.290 0.0000000000
77581  50.627  49.934  14.710 0.0000000000
77127  51.186  49.248  14.786 0.0000000000
75322  52.007  45.486  13.629 0.0000000000
75778  52.599  46.017  15.598 0.0000000000
75767  52.909  46.275  17.529 0.0000000000
75774  53.154  45.361  16.766 0.0000000000
80823  46.088  57.691  9.224 0.0000000000
81222  45.376  57.856  9.568 0.0000000000
81234  45.812  57.891  9.208 0.0000000000
80050  48.747  55.867  8.154 0.0000000000
80061  48.691  55.902  6.994 0.0000000000
79638  48.814  55.200  7.157 0.0000000000
78855  47.047  52.844  10.902 0.0000000000
90932  45.882  52.906  10.623 0.0000000000
90943  48.037  54.129  9.389 0.0000000000
90926  47.557  54.289  9.606 0.0000000000
90927  47.827  54.461  9.474 0.0000000000
90938  49.231  54.172  8.514 0.0000000000
90924  48.543  52.425  7.174 0.0000000000
90931  48.100  52.583  6.773 0.0000000000
77631  48.087  51.129  6.888 0.0000000000
77170  48.056  49.522  7.741 0.0000000000
76703  47.918  49.219  8.198 0.0000000000
76690  47.754  48.512  8.531 0.0000000000
77154  49.227  49.322  8.929 0.0000000000
77169  49.489  49.612  8.239 0.0000000000
74280  50.210  43.654  8.636 0.0000000000
71632  49.923  38.918  9.355 0.0000000000
71158  49.561  37.609  10.273 0.0000000000
71159  49.183  37.667  10.360 0.0000000000
70691  48.737  36.763  10.698 0.0000000000
70679  48.130  36.298  10.848 0.0000000000
70699  51.224  37.671  9.989 0.0000000000
70163  49.338  36.261  12.436 0.0000000000
70171  49.412  36.326  11.603 0.0000000000
70164  48.485  36.041  12.470 0.0000000000
70154  48.387  36.246  13.186 0.0000000000
70655  47.961  36.466  13.752 0.0000000000
70654  49.046  36.556  13.895 0.0000000000
70628  49.736  36.790  15.604 0.0000000000
70615  49.778  36.564  16.798 0.0000000000
70114  49.690  35.973  18.113 0.0000000000
73028  53.065  40.581  12.959 0.0000000000
73029  52.884  40.532  12.711 0.0000000000
72519  52.991  40.095  12.756 0.0000000000
70663  52.206  37.150  12.804 0.0000000000
71145  52.599  37.855  12.257 0.0000000000
70160  51.415  36.548  13.316 0.0000000000
69643  52.031  35.551  14.256 0.0000000000
71623  47.805  39.022  10.408 0.0000000000
72064  47.853  40.030  10.592 0.0000000000
74170  53.558  43.092  18.087 0.0000000000
72974  54.293  41.906  18.153 0.0000000000
77145  50.438  48.762  10.548 0.0000000000
77598  50.173  49.508  11.513 0.0000000000
78014  50.551  51.294  16.965 0.0000000000
78008  50.859  50.528  17.581 0.0000000000
78843  48.190  51.978  11.939 0.0000000000
78854  48.044  51.908  11.372 0.0000000000
78853  48.242  51.653  11.219 0.0000000000
73030  52.133  41.749  11.831 0.0000000000
73043  52.003  41.367  11.356 0.0000000000
72521  52.353  40.753  11.750 0.0000000000
72051  52.744  39.790  11.801 0.0000000000
71139  45.432  37.099  12.917 0.0000000000
70670  45.412  36.920  13.905 0.0000000000
70645  46.065  37.119  15.413 0.0000000000
70630  47.831  37.116  16.035 0.0000000000
76691  46.774  48.183  8.800 0.0000000000
75835  47.016  46.426  8.292 0.0000000000
75391  47.305  45.418  7.199 0.0000000000
73036  45.509  40.921  12.527 0.0000000000
72516  43.496  40.131  14.089 0.0000000000
78826  48.891  53.057  13.933 0.0000000000
78822  49.058  53.320  14.674 0.0000000000
80001  46.884  56.877  15.092 0.0000000000
79212  47.366  54.449  14.362 0.0000000000
74208  53.019  42.778  14.504 0.0000000000
71124  54.061  37.447  15.157 0.0000000000
75372  51.979  45.682  10.998 0.0000000000
74823  52.222  44.754  11.078 0.0000000000
78437  50.017  51.377  13.646 0.0000000000
78031  49.899  50.694  13.469 0.0000000000
77587  50.281  50.013  14.001 0.0000000000
77124  52.050  49.490  15.638 0.0000000000
80813  45.667  57.595  9.719 0.0000000000
80822  46.504  57.490  8.968 0.0000000000
80439  47.191  57.137  8.575 0.0000000000
80438  47.863  56.651  8.730 0.0000000000
80011  43.668  56.226  13.926 0.0000000000
80016  43.793  55.464  13.256 0.0000000000
79607  43.661  54.659  12.416 0.0000000000
78084  48.483  51.143  7.040 0.0000000000
77646  48.179  50.616  6.994 0.0000000000
78083  48.643  50.870  7.111 0.0000000000
76714  48.549  49.539  7.742 0.0000000000
72542  50.643  40.867  9.299 0.0000000000
72072  50.318  39.488  9.230 0.0000000000
71631  50.533  38.846  9.403 0.0000000000
70688  51.365  37.441  10.733 0.0000000000
70689  50.453  36.907  10.805 0.0000000000
70653  49.947  36.566  13.979 0.0000000000
70627  50.466  36.255  15.538 0.0000000000
71609  53.066  39.116  12.547 0.0000000000
71615  44.160  38.748  12.254 0.0000000000
71148  45.609  37.301  12.163 0.0000000000
70682  46.349  36.763  12.519 0.0000000000
75387  48.318  45.302  7.846 0.0000000000
74859  48.040  44.549  7.779 0.0000000000
73664  48.493  42.253  7.494 0.0000000000
72053  47.684  40.340  11.131 0.0000000000
80380  47.814  57.418  16.035 0.0000000000
74726  52.935  43.903  16.646 0.0000000000
72993  54.435  40.801  16.727 0.0000000000
72022  54.628  39.797  16.665 0.0000000000
75827  50.456  46.566  9.537 0.0000000000
76232  51.292  47.460  11.955 0.0000000000
78022  50.598  51.362  15.539 0.0000000000
76662  52.432  48.579  15.790 0.0000000000
78836  46.152  52.427  12.150 0.0000000000
78444  45.199  52.217  11.741 0.0000000000
79235  48.116  52.204  10.888 0.0000000000
79245  48.518  52.175  10.424 0.0000000000
79253  48.778  52.513  9.967 0.0000000000
77153  49.723  49.443  9.132 0.0000000000
72532  51.639  40.844  10.386 0.0000000000
71629  51.889  38.962  10.277 0.0000000000
71157  51.757  37.950  10.778 0.0000000000
70677  51.113  37.020  11.681 0.0000000000
70665  50.938  36.871  12.507 0.0000000000
71113  44.028  38.171  17.711 0.0000000000
71150  43.762  38.361  12.583 0.0000000000
71132  44.596  37.332  14.211 0.0000000000
70128  46.194  36.609  18.260 0.0000000000
70117  46.472  35.937  19.492 0.0000000000
76250  45.143  47.099  9.324 0.0000000000
74294  47.712  44.036  7.650 0.0000000000
74860  47.522  44.608  7.405 0.0000000000
78033  49.331  50.974  12.922 0.0000000000
78442  49.654  51.344  13.274 0.0000000000
78438  49.785  51.935  13.636 0.0000000000
78428  50.019  52.191  15.143 0.0000000000
80799  44.471  58.027  14.375 0.0000000000
81586  45.256  59.438  14.598 0.0000000000
80790  44.291  57.580  14.396 0.0000000000
80389  43.955  56.186  14.596 0.0000000000
79599  43.948  55.210  14.459 0.0000000000
79603  44.656  54.170  14.191 0.0000000000
80005  46.356  56.188  15.103 0.0000000000
80006  45.061  55.834  14.979 0.0000000000
79602  45.295  53.955  14.196 0.0000000000
79219  44.936  53.272  13.688 0.0000000000
78830  45.677  53.143  13.028 0.0000000000
73605  53.025  41.703  13.255 0.0000000000
73017  53.371  41.064  13.369 0.0000000000
72511  53.309  40.147  13.202 0.0000000000
71131  53.240  37.423  14.033 0.0000000000
71640  49.469  38.901  9.105 0.0000000000
73619  52.163  42.745  11.317 0.0000000000
74247  52.299  43.795  11.175 0.0000000000
76227  51.083  47.720  12.439 0.0000000000
77130  50.597  48.903  13.891 0.0000000000
75341  51.920  45.259  12.894 0.0000000000
74784  52.198  44.268  13.123 0.0000000000
74220  52.432  43.394  13.433 0.0000000000
75265  53.126  45.216  16.458 0.0000000000
75283  53.028  44.658  16.219 0.0000000000
80051  47.848  56.333  7.219 0.0000000000
78887  47.617  53.274  6.356 0.0000000000
90925  47.157  52.556  6.527 0.0000000000
80024  45.206  56.209  10.537 0.0000000000
79613  46.353  55.829  9.965 0.0000000000
90934  44.977  52.419  11.244 0.0000000000
90935  44.795  52.960  10.683 0.0000000000
80032  46.839  56.164  9.778 0.0000000000
90949  48.507  55.795  8.826 0.0000000000
90915  46.245  51.220  7.543 0.0000000000
90914  46.237  50.573  7.496 0.0000000000
77172  46.629  49.600  8.012 0.0000000000
77187  47.672  49.963  7.193 0.0000000000
77155  46.996  49.031  8.516 0.0000000000
77644  49.577  50.118  7.537 0.0000000000
76713  48.887  49.392  8.033 0.0000000000
76689  48.606  48.348  8.756 0.0000000000
70680  47.619  36.252  11.190 0.0000000000
70166  47.204  36.265  12.365 0.0000000000
71630  51.269  38.962  9.732 0.0000000000
70701  50.140  37.264  10.168 0.0000000000
70179  49.441  36.563  10.959 0.0000000000
70172  48.555  36.049  11.460 0.0000000000
70165  47.700  36.159  12.654 0.0000000000
70667  47.639  36.265  13.128 0.0000000000
70643  47.887  36.888  14.902 0.0000000000
70629  48.845  37.200  15.810 0.0000000000
70616  48.698  36.919  16.882 0.0000000000
70600  48.707  36.590  17.920 0.0000000000
73010  52.658  41.080  12.504 0.0000000000
72520  52.737  40.386  12.358 0.0000000000
71610  52.911  38.755  11.954 0.0000000000
71155  52.490  38.144  11.725 0.0000000000
70161  50.817  36.592  13.003 0.0000000000
69150  52.226  34.769  14.742 0.0000000000
69649  51.572  35.937  13.731 0.0000000000
69650  51.188  36.187  13.527 0.0000000000
70151  50.788  36.316  13.522 0.0000000000
70145  50.917  35.807  14.543 0.0000000000
72973  54.731  41.499  18.417 0.0000000000
72468  55.147  40.463  18.375 0.0000000000
72980  54.655  40.999  17.738 0.0000000000
70127  50.255  35.904  17.404 0.0000000000
70174  47.354  36.224  12.158 0.0000000000
70178  49.880  36.727  10.836 0.0000000000
70652  50.463  36.290  14.158 0.0000000000
71146  52.214  37.822  11.816 0.0000000000
71616  43.753  38.774  12.546 0.0000000000
71621  52.504  38.429  11.462 0.0000000000
72044  44.329  39.936  12.819 0.0000000000
72091  48.764  39.733  7.942 0.0000000000
72503  52.536  41.143  12.322 0.0000000000
72504  52.470  41.382  12.322 0.0000000000
72506  43.664  40.488  14.246 0.0000000000
72526  45.080  40.634  12.602 0.0000000000
73011  52.586  41.313  12.479 0.0000000000
75390  47.816  45.278  7.567 0.0000000000
75828  45.301  46.386  9.146 0.0000000000
75829  45.075  46.548  9.272 0.0000000000
76241  45.628  46.604  9.215 0.0000000000
76242  45.299  46.624  9.292 0.0000000000
77168  49.980  49.830  8.511 0.0000000000
78445  44.434  52.391  11.605 0.0000000000
78446  43.741  52.557  11.657 0.0000000000
78447  43.514  52.727  11.610 0.0000000000
78451  43.626  52.685  11.441 0.0000000000
78457  48.561  50.833  11.785 0.0000000000
78837  44.895  52.443  12.641 0.0000000000
78839  43.458  52.852  11.889 0.0000000000
78842  48.143  51.641  11.625 0.0000000000
78844  47.507  52.515  11.593 0.0000000000
78847  43.796  53.081  11.020 0.0000000000
78848  43.500  52.898  11.400 0.0000000000
79225  43.452  53.249  11.686 0.0000000000
79230  43.820  53.793  11.327 0.0000000000
79604  43.809  54.618  13.771 0.0000000000
80007  44.198  55.702  14.766 0.0000000000
80062  48.186  55.838  6.724 0.0000000000
80423  47.767  56.647  9.100 0.0000000000
81233  46.143  57.856  8.910 0.0000000000
81255  46.020  57.768  8.827 0.0000000000
90929  47.619  54.766  9.531 0.0000000000
90933  45.579  52.526  11.191 0.0000000000
90937  43.920  52.659  11.217 0.0000000000
90942  46.985  55.358  9.795 0.0000000000
