#!ascii label  , from subject TEMPLATE vox2ras=TkReg
638
50337  20.015  6.609  -21.599 0.2500000000
50353  20.652  6.553  -22.338 0.2500000000
49609  20.624  5.776  -22.085 0.7500000000
52650  18.788  9.621  -21.598 0.2500000000
52649  18.873  9.014  -21.525 0.1250000000
52662  19.217  9.508  -22.171 0.3750000000
51848  19.325  8.479  -21.772 0.2500000000
51094  19.858  7.672  -21.979 0.2500000000
51092  20.960  7.063  -22.871 0.7500000000
50354  20.250  7.117  -22.136 0.3750000000
49608  21.273  5.628  -22.506 0.8750000000
49607  21.844  5.527  -22.881 0.8750000000
51847  19.812  8.503  -22.439 0.3750000000
51108  20.763  8.018  -23.236 0.8750000000
51093  20.501  7.632  -22.698 0.7500000000
51106  22.141  7.052  -23.746 1.0000000000
51107  21.376  7.539  -23.500 1.0000000000
49620  22.340  5.683  -23.276 1.0000000000
50352  21.344  6.557  -22.915 0.8750000000
49619  23.157  5.589  -23.710 1.0000000000
53469  18.915  10.499  -22.056 0.2500000000
52661  19.805  9.198  -22.835 0.7500000000
51870  20.606  8.912  -23.730 0.8750000000
51857  20.851  8.328  -23.556 0.8750000000
51858  20.341  8.587  -23.151 0.7500000000
51119  22.476  7.652  -24.133 1.0000000000
51120  21.766  8.106  -24.062 1.0000000000
50377  23.818  6.580  -24.348 1.0000000000
50366  22.804  6.525  -23.865 1.0000000000
50365  23.390  6.074  -24.016 1.0000000000
53456  18.636  10.344  -21.510 0.1250000000
52671  19.680  9.873  -22.846 0.6250000000
52682  20.739  9.583  -24.113 1.0000000000
52670  20.161  9.589  -23.433 0.8750000000
51869  21.228  8.636  -24.061 1.0000000000
51118  23.522  7.676  -24.522 1.0000000000
51868  22.072  8.691  -24.381 1.0000000000
50378  23.162  7.102  -24.216 1.0000000000
50376  24.924  6.510  -24.644 1.0000000000
56457  19.079  14.084  -22.519 0.2500000000
54249  19.387  11.339  -22.992 0.3750000000
53468  19.354  10.520  -22.598 0.5000000000
53478  20.316  10.501  -23.917 1.0000000000
54248  19.846  11.427  -23.667 0.6250000000
52680  22.455  9.601  -24.897 1.0000000000
52681  21.505  9.549  -24.543 1.0000000000
51866  24.032  8.576  -25.080 1.0000000000
51867  23.019  8.613  -24.624 1.0000000000
51865  25.168  8.555  -25.303 1.0000000000
51116  25.540  7.413  -24.916 1.0000000000
56472  19.585  14.350  -23.389 0.5000000000
55764  18.998  13.365  -23.025 0.3750000000
55026  19.259  12.354  -23.231 0.5000000000
55763  19.754  13.434  -23.676 0.5000000000
55037  20.857  12.455  -24.582 0.8750000000
54260  20.525  11.447  -24.315 1.0000000000
53486  22.502  10.604  -25.181 1.0000000000
54259  21.320  11.454  -24.869 1.0000000000
52689  23.714  9.995  -25.525 1.0000000000
52690  23.056  10.062  -25.254 1.0000000000
52687  25.524  9.617  -25.616 1.0000000000
51876  24.971  9.258  -25.524 1.0000000000
51864  26.179  8.259  -25.094 0.8750000000
56471  20.163  14.541  -24.113 0.6250000000
55774  20.534  13.513  -24.324 0.6250000000
55025  20.095  12.436  -23.999 0.7500000000
55036  21.569  12.479  -24.986 1.0000000000
54269  24.391  11.586  -26.252 1.0000000000
54270  23.466  11.790  -25.942 1.0000000000
53499  23.225  10.786  -25.538 1.0000000000
54271  22.562  11.590  -25.391 1.0000000000
53497  24.966  10.655  -26.104 1.0000000000
53498  24.023  10.722  -25.962 1.0000000000
53496  25.876  10.663  -25.858 0.8750000000
52676  26.529  9.274  -25.232 0.8750000000
55783  22.789  13.852  -25.680 1.0000000000
55784  21.980  13.394  -25.287 1.0000000000
54278  24.602  12.352  -26.402 1.0000000000
55045  23.507  13.045  -26.120 1.0000000000
55047  22.140  12.377  -25.275 1.0000000000
55787  24.960  13.858  -26.609 1.0000000000
54268  25.336  11.873  -26.246 1.0000000000
55052  24.698  13.047  -26.525 1.0000000000
57167  19.850  15.253  -23.873 0.5000000000
56480  20.930  14.729  -24.987 1.0000000000
57187  22.450  16.064  -26.067 1.0000000000
56489  21.881  14.831  -25.629 1.0000000000
57194  24.838  15.755  -26.739 1.0000000000
56487  23.759  14.943  -26.406 1.0000000000
56493  25.270  14.774  -26.585 1.0000000000
56494  24.529  14.836  -26.623 1.0000000000
55788  24.151  13.808  -26.419 1.0000000000
55781  26.134  13.367  -26.043 1.0000000000
55044  25.947  12.763  -26.116 0.8750000000
90447  20.914  19.659  -24.242 1.0000000000
90441  20.580  19.492  -23.846 0.3750000000
90439  21.699  19.414  -24.988 0.8750000000
57893  22.223  17.374  -25.770 1.0000000000
57902  24.538  16.339  -26.593 1.0000000000
57186  23.401  16.044  -26.281 1.0000000000
61631  21.067  21.426  -24.816 0.8750000000
61630  21.497  20.560  -24.957 1.0000000000
57891  24.099  17.332  -26.183 1.0000000000
57890  24.651  17.213  -26.156 1.0000000000
62384  20.725  21.728  -24.149 0.7500000000
90429  22.734  19.443  -25.531 1.0000000000
57878  23.737  18.805  -25.892 1.0000000000
57879  23.154  18.256  -25.753 1.0000000000
62382  21.824  21.740  -25.204 1.0000000000
62381  23.054  20.260  -25.651 1.0000000000
65239  22.362  26.792  -22.328 0.1250000000
65839  23.163  27.449  -21.829 0.1250000000
65243  22.269  27.000  -23.179 0.2500000000
65842  22.762  27.762  -22.725 0.2500000000
65252  22.399  27.012  -23.983 0.5000000000
65846  22.564  28.029  -23.488 0.2500000000
65853  23.285  27.992  -24.211 0.3750000000
66417  23.085  28.703  -23.008 0.2500000000
66994  23.400  29.709  -23.079 0.2500000000
66421  23.009  29.017  -23.593 0.2500000000
66428  23.453  29.395  -23.997 0.2500000000
66427  24.130  28.738  -24.460 0.3750000000
50319  19.633  6.617  -20.805 0.1250000000
51836  19.023  8.497  -21.336 0.1250000000
49630  24.433  5.717  -24.338 1.0000000000
55782  23.439  14.123  -26.103 1.0000000000
49592  19.769  5.625  -20.950 0.1250000000
49590  20.755  5.198  -21.996 0.6250000000
48836  21.198  4.619  -22.152 0.7500000000
52632  18.594  9.322  -21.092 0.1250000000
48090  22.657  3.831  -22.959 1.0000000000
51079  19.402  7.717  -21.300 0.1250000000
48849  22.854  4.831  -23.303 1.0000000000
48855  24.127  5.251  -24.125 1.0000000000
49629  25.369  5.549  -24.328 1.0000000000
54235  18.619  11.331  -21.891 0.3750000000
55750  18.633  13.416  -22.512 0.2500000000
55765  18.552  12.982  -22.655 0.2500000000
51115  26.508  7.318  -24.573 0.8750000000
52686  26.131  9.967  -25.528 0.8750000000
52677  25.876  8.902  -25.374 0.8750000000
54267  26.398  11.712  -25.497 0.8750000000
90448  20.646  19.247  -23.693 0.1250000000
58575  20.353  18.525  -23.832 0.1250000000
57177  19.759  16.066  -23.983 0.3750000000
57176  20.231  15.853  -24.611 0.6250000000
55786  25.753  13.826  -26.386 1.0000000000
90438  20.863  20.727  -24.309 0.8750000000
58584  20.732  18.307  -24.589 0.8750000000
57907  24.713  16.188  -26.723 1.0000000000
58601  25.319  16.929  -25.868 1.0000000000
58602  24.918  17.204  -26.041 1.0000000000
62383  21.170  22.263  -24.796 0.8750000000
63107  22.630  22.633  -25.457 1.0000000000
65835  23.269  27.029  -21.000 0.1250000000
65240  21.908  25.993  -21.996 0.1250000000
64550  21.939  26.125  -24.549 0.6250000000
65262  22.810  26.608  -24.719 0.5000000000
65864  23.419  27.245  -24.677 0.5000000000
66414  23.463  28.459  -22.367 0.2500000000
66990  23.558  29.225  -22.635 0.2500000000
65852  23.809  28.177  -24.494 0.5000000000
67000  23.126  30.046  -23.621 0.2500000000
67011  23.954  30.055  -24.289 0.2500000000
67010  24.899  29.439  -24.483 0.2500000000
50336  20.344  6.091  -21.914 0.3750000000
49591  20.280  5.492  -21.557 0.5000000000
49621  21.754  5.983  -22.995 0.8750000000
48835  22.007  4.848  -22.738 1.0000000000
50367  21.956  6.547  -23.393 1.0000000000
49631  23.766  5.647  -24.093 1.0000000000
53479  19.789  10.541  -23.251 0.8750000000
51117  24.505  7.524  -24.871 1.0000000000
55010  18.625  12.227  -22.498 0.3750000000
55009  19.045  11.820  -22.793 0.5000000000
53488  20.961  10.472  -24.543 1.0000000000
53487  21.756  10.454  -24.921 1.0000000000
52679  23.394  9.362  -25.125 1.0000000000
51877  24.574  9.106  -25.394 1.0000000000
54258  21.993  11.170  -25.110 1.0000000000
54272  21.901  11.803  -25.134 1.0000000000
52688  24.553  9.791  -25.696 1.0000000000
55773  21.242  13.450  -24.854 1.0000000000
54279  24.005  12.305  -26.306 1.0000000000
56488  22.932  14.975  -26.052 1.0000000000
56479  21.504  14.109  -25.176 1.0000000000
55053  24.184  12.892  -26.393 1.0000000000
55046  22.732  12.664  -25.615 1.0000000000
55051  25.305  12.961  -26.479 1.0000000000
56490  21.234  15.426  -25.571 1.0000000000
57188  21.569  16.132  -25.842 1.0000000000
57195  24.232  15.903  -26.594 1.0000000000
57894  21.300  17.035  -25.655 1.0000000000
58594  21.731  18.315  -25.287 1.0000000000
57892  23.045  17.019  -26.056 1.0000000000
90446  22.261  19.305  -25.309 1.0000000000
90428  22.585  18.806  -25.508 1.0000000000
65234  22.499  26.337  -21.391 0.1250000000
65235  22.058  25.867  -21.586 0.1250000000
65244  21.736  26.137  -22.801 0.3750000000
49576  19.715  5.592  -20.300 0.1250000000
57189  20.863  16.054  -25.433 0.8750000000
57881  19.992  17.111  -24.377 0.7500000000
57880  20.672  17.149  -25.118 0.8750000000
58585  20.100  17.926  -24.227 0.7500000000
63108  21.744  23.150  -25.104 1.0000000000
62380  24.314  21.641  -25.476 1.0000000000
64536  21.283  25.333  -22.322 0.3750000000
64540  21.747  26.208  -23.694 0.5000000000
66440  24.838  28.628  -24.739 0.3750000000
45871  22.554  0.074  -22.052 0.7500000000
45141  23.633  0.010  -22.284 0.7500000000
45872  21.702  0.467  -21.538 0.7500000000
46608  21.466  1.709  -21.727 0.7500000000
45885  23.762  0.737  -22.512 0.7500000000
45886  22.797  0.913  -22.350 0.7500000000
45887  22.120  1.442  -22.184 0.7500000000
45884  24.433  0.806  -22.324 0.7500000000
46622  22.802  1.975  -22.634 0.7500000000
48091  21.695  3.811  -22.343 0.7500000000
47353  22.722  2.866  -22.760 0.8750000000
47354  22.088  3.106  -22.474 0.8750000000
46620  24.551  1.547  -22.608 0.7500000000
46621  23.650  1.700  -22.807 0.7500000000
47352  23.587  2.794  -23.047 0.7500000000
48089  23.155  3.298  -23.040 0.8750000000
47351  24.479  2.518  -23.052 0.7500000000
47362  23.987  3.308  -23.300 0.8750000000
48102  23.220  4.295  -23.352 0.8750000000
48099  25.127  3.725  -23.505 0.7500000000
48100  24.436  3.667  -23.483 0.8750000000
48847  24.282  4.291  -23.742 0.8750000000
48845  25.679  4.389  -23.619 0.8750000000
49618  25.519  4.877  -24.016 0.8750000000
49628  26.025  5.926  -24.264 0.8750000000
50363  27.576  6.303  -23.308 0.3750000000
50364  27.054  6.328  -23.804 0.6250000000
50374  26.474  6.385  -24.214 0.7500000000
50375  25.824  6.490  -24.556 0.7500000000
51091  28.112  6.903  -23.083 0.5000000000
51104  27.689  7.198  -23.747 0.5000000000
51114  27.212  7.528  -24.228 0.7500000000
51846  28.705  7.879  -22.963 0.1250000000
51855  28.318  8.338  -23.746 0.3750000000
51856  27.652  7.821  -24.133 0.6250000000
51863  27.226  8.296  -24.573 0.6250000000
51845  29.327  8.399  -22.344 0.1250000000
51854  28.891  8.980  -23.180 0.1250000000
52669  28.616  9.527  -23.668 0.1250000000
53484  27.569  9.890  -24.646 0.6250000000
54265  27.295  10.661  -24.677 0.6250000000
53495  26.596  10.370  -25.300 0.7500000000
52668  29.196  9.676  -22.862 0.1250000000
53477  28.848  10.564  -23.410 0.1250000000
54246  28.201  11.570  -23.966 0.1250000000
54255  27.552  10.966  -24.485 0.5000000000
54266  26.974  10.973  -24.857 0.6250000000
54257  26.712  12.300  -25.131 0.7500000000
54247  27.732  12.199  -24.249 0.5000000000
55034  27.361  12.895  -24.322 0.5000000000
55035  26.890  12.656  -24.892 0.6250000000
55043  26.480  12.977  -25.511 0.7500000000
63109  20.955  23.108  -24.295 0.5000000000
55772  26.884  13.900  -24.521 0.6250000000
56486  26.454  14.652  -25.632 0.6250000000
56491  26.148  14.727  -26.084 0.8750000000
56478  27.344  14.783  -24.423 0.5000000000
56485  26.781  14.669  -25.040 0.6250000000
57183  26.643  15.122  -25.420 0.6250000000
57184  26.318  15.551  -25.871 0.7500000000
57193  25.656  15.635  -26.486 0.8750000000
58592  24.683  17.745  -25.753 0.8750000000
58593  24.628  19.244  -25.442 0.8750000000
57889  26.020  16.298  -25.982 0.7500000000
59310  25.255  17.448  -25.352 0.8750000000
59303  25.197  18.197  -25.305 0.8750000000
57174  27.081  15.582  -25.095 0.5000000000
58583  26.300  16.732  -25.062 0.6250000000
57173  27.998  15.572  -24.372 0.2500000000
57877  26.839  16.436  -25.130 0.5000000000
63834  21.552  24.439  -24.881 0.6250000000
63833  21.976  24.021  -25.283 0.7500000000
63121  22.326  23.689  -25.444 0.8750000000
61629  24.393  20.899  -25.557 0.7500000000
90426  24.447  20.484  -25.548 0.8750000000
59309  25.491  17.218  -25.101 0.6250000000
59302  25.635  17.901  -24.908 0.7500000000
57876  27.609  16.581  -24.528 0.3750000000
58582  26.733  17.273  -24.631 0.5000000000
60031  26.072  19.287  -24.587 0.7500000000
63822  20.936  24.366  -23.849 0.6250000000
63106  23.793  23.001  -25.637 0.8750000000
63119  23.512  24.034  -25.692 0.7500000000
62379  25.125  21.049  -24.746 0.7500000000
59292  27.143  18.752  -24.060 0.2500000000
59297  26.733  18.223  -24.372 0.5000000000
57865  28.126  17.126  -24.218 0.2500000000
64551  21.357  25.396  -24.270 0.5000000000
64560  21.690  25.409  -24.930 0.6250000000
63843  22.310  24.696  -25.573 0.7500000000
63842  23.267  24.754  -25.695 0.7500000000
63841  23.970  24.472  -25.553 0.7500000000
63832  24.684  24.137  -25.199 0.7500000000
63105  24.884  22.852  -24.980 0.7500000000
61620  26.245  20.873  -23.915 0.5000000000
62371  25.971  21.500  -24.052 0.3750000000
60030  27.248  19.535  -23.555 0.2500000000
60832  26.845  20.262  -23.643 0.3750000000
64559  22.187  25.691  -25.218 0.6250000000
64557  23.835  25.542  -25.338 0.7500000000
64549  24.562  25.219  -25.134 0.7500000000
63831  25.535  24.139  -24.650 0.6250000000
62370  26.601  21.978  -23.576 0.3750000000
63104  26.002  23.040  -24.200 0.3750000000
61619  27.140  21.194  -23.218 0.1250000000
64558  22.965  25.724  -25.441 0.6250000000
64548  25.240  25.066  -24.886 0.7500000000
63091  27.140  23.221  -23.565 0.2500000000
63092  26.414  22.595  -23.811 0.3750000000
61618  28.290  21.317  -22.775 0.1250000000
62369  27.716  22.266  -23.167 0.1250000000
60830  28.155  20.523  -22.552 0.1250000000
65261  23.606  26.556  -24.969 0.6250000000
65251  25.017  25.664  -24.931 0.3750000000
63830  26.500  24.380  -24.283 0.2500000000
63090  28.372  23.284  -23.395 0.1250000000
63103  26.756  23.819  -23.921 0.3750000000
61617  29.454  21.733  -22.840 0.1250000000
65863  24.115  27.769  -24.713 0.3750000000
65259  25.765  26.857  -24.904 0.3750000000
65260  24.696  26.404  -24.912 0.3750000000
64547  26.112  25.235  -24.681 0.3750000000
65250  25.583  25.947  -24.890 0.3750000000
64546  27.123  25.435  -24.445 0.3750000000
63102  28.929  23.811  -23.670 0.1250000000
63821  28.059  23.970  -23.513 0.1250000000
63829  27.512  24.480  -23.939 0.2500000000
63089  29.309  23.261  -23.491 0.1250000000
65861  26.151  27.617  -24.878 0.2500000000
65258  26.327  27.066  -24.848 0.2500000000
65248  27.669  26.378  -24.626 0.1250000000
65249  26.591  26.419  -24.735 0.3750000000
64544  29.142  25.312  -24.712 0.1250000000
65862  25.226  27.639  -24.892 0.3750000000
65850  27.861  26.975  -24.783 0.1250000000
66424  27.787  27.418  -24.812 0.1250000000
65257  28.189  26.701  -24.857 0.1250000000
65859  28.258  27.262  -25.198 0.1250000000
65256  28.804  26.446  -25.244 0.1250000000
66437  28.001  28.106  -24.996 0.1250000000
65858  28.776  27.234  -25.813 0.1250000000
66436  28.511  27.931  -25.897 0.1250000000
64564  30.187  25.808  -26.070 0.1250000000
63840  30.205  25.258  -25.433 0.1250000000
49617  26.381  5.368  -23.753 0.6250000000
55042  26.821  13.252  -24.902 0.6250000000
58591  25.681  16.568  -25.936 0.8750000000
90431  26.203  17.984  -24.622 0.5000000000
63120  22.975  23.823  -25.649 0.8750000000
90432  25.275  19.873  -24.953 0.7500000000
63828  28.783  24.554  -23.976 0.1250000000
65851  27.340  27.038  -24.699 0.2500000000
65255  29.456  26.346  -25.814 0.1250000000
52674  28.017  9.328  -24.302 0.5000000000
52675  27.382  9.208  -24.726 0.6250000000
56477  28.117  14.889  -23.825 0.2500000000
64545  28.320  25.660  -24.432 0.1250000000
57172  29.103  15.480  -23.981 0.1250000000
44356  22.692  -1.139  -21.591 0.7500000000
45129  22.242  -0.531  -21.607 0.7500000000
45873  20.963  1.199  -21.103 0.7500000000
44355  23.462  -1.160  -21.581 0.7500000000
45128  23.077  -0.527  -22.087 0.7500000000
45127  24.061  -0.433  -21.897 0.7500000000
47338  21.373  2.815  -21.867 0.6250000000
46623  22.061  2.296  -22.326 0.7500000000
46619  25.226  1.721  -22.299 0.7500000000
47350  25.337  2.414  -22.687 0.6250000000
48098  25.684  3.770  -23.269 0.6250000000
48834  26.385  4.329  -23.108 0.5000000000
49605  27.248  5.376  -22.992 0.3750000000
49606  26.737  4.946  -23.214 0.5000000000
50351  28.065  6.272  -22.545 0.1250000000
51090  28.684  7.312  -22.425 0.1250000000
51089  29.121  7.700  -22.164 0.1250000000
51833  29.670  7.990  -21.562 0.1250000000
52660  29.854  9.957  -21.927 0.1250000000
53476  29.355  10.657  -22.496 0.1250000000
54245  29.022  11.542  -22.919 0.1250000000
55033  27.994  12.831  -23.740 0.1250000000
55771  27.540  13.966  -24.183 0.2500000000
57875  28.566  16.212  -24.065 0.2500000000
58573  28.578  18.036  -23.446 0.1250000000
60029  28.001  19.715  -22.661 0.1250000000
64541  21.095  25.401  -23.298 0.3750000000
61607  29.064  20.961  -22.442 0.1250000000
62367  29.824  22.633  -23.166 0.1250000000
63101  29.638  24.025  -23.875 0.1250000000
63100  30.598  24.143  -24.009 0.1250000000
65838  23.772  27.559  -21.212 0.1250000000
66439  25.860  28.470  -24.805 0.2500000000
66438  26.928  28.262  -24.668 0.1250000000
67022  27.779  29.149  -24.994 0.1250000000
65267  29.284  26.847  -26.135 0.1250000000
65266  30.041  26.308  -26.482 0.1250000000
55780  26.252  13.955  -25.932 0.7500000000
48854  24.576  4.940  -24.139 0.8750000000
48848  23.706  4.806  -23.757 0.8750000000
53485  27.055  9.796  -24.978 0.6250000000
57900  25.644  16.374  -26.270 0.8750000000
66441  24.354  28.365  -24.639 0.3750000000
67024  25.493  29.109  -24.592 0.1250000000
45142  23.144  0.206  -22.336 0.7500000000
45870  24.147  0.268  -22.252 0.7500000000
48074  20.960  3.743  -21.705 0.6250000000
48101  23.640  3.771  -23.346 0.8750000000
48088  24.708  3.209  -23.316 0.7500000000
48087  25.239  3.127  -23.174 0.7500000000
48846  24.976  4.339  -23.914 0.8750000000
49589  27.805  5.382  -22.038 0.2500000000
49616  27.094  5.826  -23.498 0.5000000000
51105  27.008  6.940  -24.149 0.7500000000
51103  28.340  7.513  -23.227 0.2500000000
50350  28.530  6.624  -22.015 0.1250000000
51862  27.768  8.775  -24.388 0.6250000000
53483  28.125  10.324  -24.235 0.5000000000
53493  27.549  10.426  -24.590 0.5000000000
54256  27.190  11.898  -24.633 0.6250000000
55024  28.009  12.445  -23.946 0.1250000000
55779  26.564  13.896  -25.257 0.6250000000
57175  26.675  15.974  -25.457 0.6250000000
63844  21.849  25.108  -25.279 0.6250000000
90436  24.682  20.838  -25.376 0.7500000000
58574  27.559  17.811  -24.058 0.3750000000
59291  27.755  18.746  -23.302 0.1250000000
62378  25.993  22.051  -24.049 0.6250000000
60831  27.526  20.415  -22.946 0.1250000000
62368  28.847  22.392  -23.223 0.1250000000
63820  28.547  23.928  -23.581 0.1250000000
63827  30.003  24.864  -24.701 0.1250000000
65860  26.776  27.348  -24.711 0.2500000000
65247  28.268  26.329  -24.719 0.1250000000
64556  29.015  25.821  -24.909 0.1250000000
64555  29.671  25.728  -25.473 0.1250000000
66425  27.375  27.647  -24.699 0.1250000000
44347  21.932  -1.424  -21.047 0.7500000000
45120  21.631  -0.515  -21.130 0.7500000000
47339  20.689  3.007  -21.225 0.5000000000
47349  26.037  2.713  -22.372 0.6250000000
48814  26.492  3.856  -22.634 0.5000000000
55023  28.369  12.471  -23.300 0.1250000000
54244  29.417  12.238  -22.457 0.1250000000
45121  21.076  -0.877  -20.519 0.7500000000
43566  23.326  -2.512  -20.614 0.6250000000
44345  23.768  -1.671  -20.985 0.6250000000
44344  24.678  -1.335  -20.561 0.3750000000
44354  24.242  -1.046  -21.250 0.6250000000
45119  25.254  -0.606  -20.628 0.2500000000
45126  24.820  -0.457  -21.180 0.3750000000
48833  26.869  4.754  -22.924 0.3750000000
44346  22.908  -1.790  -21.219 0.6250000000
45868  25.462  0.493  -21.263 0.5000000000
47337  25.722  2.136  -22.173 0.3750000000
44338  24.950  -1.806  -19.939 0.5000000000
43565  24.019  -2.051  -20.546 0.6250000000
48086  25.998  3.333  -22.838 0.5000000000
42794  23.124  -3.216  -20.292 0.6250000000
46599  20.505  1.499  -20.506 0.3750000000
45863  20.689  0.288  -20.379 0.3750000000
43567  22.349  -2.351  -20.792 0.6250000000
43551  25.024  -2.868  -19.185 0.3750000000
43559  24.297  -2.598  -19.931 0.5000000000
43560  23.560  -3.003  -20.183 0.6250000000
43558  25.265  -2.057  -19.467 0.3750000000
45125  25.501  -0.061  -20.815 0.2500000000
44343  25.359  -0.862  -20.311 0.2500000000
48815  20.583  4.562  -21.543 0.3750000000
46605  26.284  1.733  -21.299 0.3750000000
47336  26.394  2.474  -21.713 0.2500000000
48073  26.525  3.376  -22.238 0.2500000000
48813  27.045  4.395  -22.337 0.2500000000
55735  18.000  13.002  -21.421 0.1250000000
57168  19.759  15.353  -23.214 0.2500000000
58576  19.899  17.560  -23.901 0.3750000000
57868  19.804  16.637  -23.610 0.2500000000
54994  18.217  12.187  -21.718 0.2500000000
46607  24.927  1.159  -22.206 0.5000000000
45862  21.273  -0.160  -20.880 0.5000000000
44353  24.571  -0.957  -21.005 0.5000000000
45869  24.774  0.448  -21.857 0.5000000000
46609  20.787  2.133  -21.164 0.3750000000
48075  20.382  3.731  -20.983 0.2500000000
44337  25.585  -1.205  -19.794 0.2500000000
45118  25.964  -0.292  -20.278 0.2500000000
46606  25.586  1.414  -21.739 0.3750000000
43552  24.460  -3.124  -19.338 0.3750000000
46598  26.056  1.102  -21.211 0.2500000000
54974  18.227  12.184  -21.076 0.1250000000
42788  21.797  -3.598  -20.176 0.5000000000
42785  24.077  -3.355  -19.396 0.2500000000
41986  22.902  -4.057  -19.716 0.3750000000
42787  22.696  -3.694  -20.118 0.5000000000
42789  20.774  -3.587  -19.574 0.3750000000
43562  20.684  -2.493  -19.704 0.5000000000
42796  21.893  -2.852  -20.483 0.5000000000
43561  21.299  -2.840  -20.125 0.5000000000
44339  20.751  -1.658  -19.957 0.3750000000
44348  21.271  -1.691  -20.474 0.5000000000
41977  19.983  -4.360  -18.359 0.1250000000
42779  20.189  -3.645  -19.013 0.3750000000
45112  20.293  -0.899  -19.549 0.2500000000
41161  20.474  -5.922  -17.884 0.1250000000
41976  20.359  -4.380  -18.881 0.2500000000
41975  21.039  -4.893  -19.199 0.3750000000
41972  23.805  -4.118  -18.758 0.2500000000
41974  21.936  -4.933  -19.325 0.3750000000
41987  22.312  -4.258  -19.758 0.5000000000
41953  19.831  -4.483  -17.850 0.1250000000
43554  19.691  -2.701  -18.320 0.1250000000
45103  19.837  -1.179  -18.765 0.1250000000
42786  23.450  -3.566  -19.756 0.3750000000
42795  22.524  -3.084  -20.494 0.5000000000
45851  20.042  -0.081  -19.207 0.2500000000
42777  24.417  -3.609  -18.789 0.2500000000
41988  21.418  -4.312  -19.648 0.5000000000
42778  23.750  -3.824  -19.134 0.3750000000
41973  23.106  -4.542  -19.048 0.3750000000
41989  20.858  -4.322  -19.381 0.3750000000
43553  20.108  -2.857  -19.022 0.2500000000
44328  20.198  -1.774  -19.269 0.1250000000
43569  21.106  -2.195  -20.178 0.5000000000
41184  20.119  -4.850  -18.251 0.1250000000
42756  19.645  -3.885  -17.477 0.1250000000
42780  19.830  -3.668  -18.334 0.2500000000
43532  19.572  -2.937  -17.463 0.1250000000
45102  20.076  -1.276  -19.192 0.1250000000
41162  20.080  -5.458  -17.533 0.1250000000
41952  23.390  -4.981  -18.374 0.2500000000
44329  19.820  -2.087  -18.684 0.1250000000
40363  21.158  -5.830  -18.433 0.2500000000
41181  22.312  -5.471  -18.676 0.2500000000
41183  20.648  -5.438  -18.435 0.1250000000
41182  21.431  -5.485  -18.815 0.2500000000
40362  21.660  -5.969  -18.362 0.1250000000
47330  19.758  3.347  -20.082 0.1250000000
63110  20.565  22.337  -23.625 0.1250000000
63094  20.679  22.035  -22.916 0.1250000000
63081  21.003  23.085  -22.342 0.1250000000
63816  20.828  24.341  -22.772 0.1250000000
63093  20.671  23.243  -23.295 0.1250000000
62372  20.505  21.422  -23.426 0.1250000000
63812  21.298  24.316  -21.728 0.1250000000
63808  21.834  24.236  -20.985 0.1250000000
90457  20.516  20.629  -23.614 0.1250000000
57854  19.928  16.162  -22.780 0.1250000000
46587  20.137  1.216  -19.560 0.1250000000
47313  20.024  2.307  -19.295 0.1250000000
58563  20.017  17.365  -23.366 0.1250000000
90456  20.555  20.737  -23.214 0.1250000000
63077  21.840  21.744  -22.016 0.1250000000
63072  22.227  23.648  -20.747 0.1250000000
63807  22.326  24.364  -20.296 0.1250000000
64529  21.708  24.856  -21.262 0.1250000000
90437  20.655  19.907  -23.879 0.1250000000
48816  20.060  4.649  -20.829 0.1250000000
47329  20.119  2.669  -20.338 0.1250000000
48067  19.509  3.820  -19.965 0.1250000000
47314  19.714  3.147  -19.668 0.1250000000
63082  21.305  21.755  -22.252 0.1250000000
63076  21.956  22.743  -21.459 0.1250000000
62353  22.175  21.669  -21.913 0.1250000000
43550  25.928  -2.170  -18.695 0.1250000000
43557  25.788  -1.629  -19.222 0.1250000000
45861  26.085  0.546  -20.772 0.1250000000
46597  26.689  1.468  -20.777 0.1250000000
46596  27.524  1.582  -20.195 0.1250000000
47327  27.391  2.455  -20.702 0.1250000000
47328  26.746  2.189  -21.121 0.1250000000
48064  28.041  3.430  -20.563 0.1250000000
48072  27.144  3.511  -21.523 0.1250000000
48071  27.733  3.748  -21.031 0.1250000000
48812  27.904  4.527  -21.289 0.1250000000
41180  23.007  -5.275  -18.448 0.1250000000
41951  24.052  -4.583  -18.169 0.1250000000
42755  24.914  -3.917  -18.074 0.1250000000
42775  26.360  -3.024  -18.101 0.1250000000
42776  25.422  -3.269  -18.475 0.1250000000
44336  26.483  -1.136  -19.042 0.1250000000
45850  27.140  0.393  -19.719 0.1250000000
45860  26.786  0.649  -20.210 0.1250000000
46586  27.898  1.291  -19.756 0.1250000000
47326  28.203  2.543  -20.096 0.1250000000
48811  28.522  5.020  -20.932 0.1250000000
48800  28.609  4.440  -20.490 0.1250000000
45111  26.331  -0.564  -19.637 0.1250000000
47335  27.034  2.766  -21.206 0.1250000000
41159  23.447  -5.533  -17.864 0.1250000000
45117  26.652  -0.010  -19.832 0.1250000000
48065  27.479  3.185  -21.002 0.1250000000
48801  28.079  4.045  -20.833 0.1250000000
48063  28.857  3.488  -19.980 0.1250000000
41158  24.504  -5.630  -17.303 0.1250000000
44327  26.660  -1.604  -18.531 0.1250000000
49575  29.194  4.910  -20.155 0.1250000000
43568  21.629  -2.237  -20.531 0.5000000000
47361  24.247  3.082  -23.258 0.7500000000
48853  25.122  4.894  -24.169 0.8750000000
52631  18.764  8.795  -21.233 0.1250000000
52663  18.837  9.982  -21.822 0.2500000000
52678  24.062  9.358  -25.373 1.0000000000
53494  27.165  10.336  -24.845 0.6250000000
54234  19.009  11.313  -22.434 0.3750000000
54277  24.992  12.537  -26.458 1.0000000000
55027  18.781  12.746  -22.887 0.2500000000
55751  18.263  13.038  -22.158 0.1250000000
55785  26.005  14.305  -26.231 0.7500000000
56458  18.571  13.539  -22.236 0.2500000000
56492  25.809  14.740  -26.360 0.8750000000
57185  25.993  15.998  -26.286 0.7500000000
57192  26.004  15.168  -26.256 0.8750000000
57196  24.794  15.998  -26.829 1.0000000000
57197  24.588  16.052  -26.729 1.0000000000
57888  26.343  16.296  -25.541 0.6250000000
57901  24.955  16.596  -26.470 1.0000000000
57908  24.513  16.228  -26.819 1.0000000000
58590  25.747  16.704  -25.438 0.8750000000
58600  25.375  17.030  -25.428 0.8750000000
59301  25.937  17.232  -24.798 0.6250000000
59311  25.018  17.485  -25.662 0.8750000000
61608  28.539  20.780  -22.519 0.1250000000
66426  24.601  28.938  -24.626 0.2500000000
67025  25.066  29.067  -24.686 0.1250000000
90440  22.490  19.230  -25.429 1.0000000000
90445  20.733  20.154  -24.101 0.1250000000
90452  20.610  20.504  -23.258 0.1250000000
90453  20.664  20.711  -22.888 0.1250000000
90454  20.545  20.396  -23.469 0.1250000000
90455  20.531  20.112  -23.812 0.1250000000
