#!ascii label  , from subject TEMPLATE vox2ras=TkReg
434
45873  20.963  1.199  -21.103 0.0000000000
51862  27.768  8.775  -24.388 0.0000000000
57878  23.737  18.805  -25.892 0.0000000000
57167  19.850  15.253  -23.873 0.0000000000
42787  22.696  -3.694  -20.118 0.0000000000
45119  25.254  -0.606  -20.628 0.0000000000
48847  24.282  4.291  -23.742 0.0000000000
52680  22.455  9.601  -24.897 0.0000000000
55786  25.753  13.826  -26.386 0.0000000000
59291  27.755  18.746  -23.302 0.0000000000
63842  23.267  24.754  -25.695 0.0000000000
44347  21.932  -1.424  -21.047 0.0000000000
43565  24.019  -2.051  -20.546 0.0000000000
45142  23.144  0.206  -22.336 0.0000000000
51108  20.763  8.018  -23.236 0.0000000000
53468  19.354  10.520  -22.598 0.0000000000
57893  22.223  17.374  -25.770 0.0000000000
56488  22.932  14.975  -26.052 0.0000000000
57890  24.651  17.213  -26.156 0.0000000000
57877  26.839  16.436  -25.130 0.0000000000
60031  26.072  19.287  -24.587 0.0000000000
65244  21.736  26.137  -22.801 0.0000000000
63822  20.936  24.366  -23.849 0.0000000000
65262  22.810  26.608  -24.719 0.0000000000
50375  25.824  6.490  -24.556 0.0000000000
48814  26.492  3.856  -22.634 0.0000000000
50351  28.065  6.272  -22.545 0.0000000000
90439  21.699  19.414  -24.988 0.0000000000
53477  28.848  10.564  -23.410 0.0000000000
48075  20.382  3.731  -20.983 0.0000000000
47353  22.722  2.866  -22.760 0.0000000000
49607  21.844  5.527  -22.881 0.0000000000
50378  23.162  7.102  -24.216 0.0000000000
51876  24.971  9.258  -25.524 0.0000000000
55037  20.857  12.455  -24.582 0.0000000000
54270  23.466  11.790  -25.942 0.0000000000
54267  26.398  11.712  -25.497 0.0000000000
55772  26.884  13.900  -24.521 0.0000000000
62383  21.170  22.263  -24.796 0.0000000000
63106  23.793  23.001  -25.637 0.0000000000
65259  25.765  26.857  -24.904 0.0000000000
64548  25.240  25.066  -24.886 0.0000000000
62378  25.993  22.051  -24.049 0.0000000000
62369  27.716  22.266  -23.167 0.0000000000
46619  25.226  1.721  -22.299 0.0000000000
47329  20.119  2.669  -20.338 0.0000000000
46599  20.505  1.499  -20.506 0.0000000000
45872  21.702  0.467  -21.538 0.0000000000
45129  22.242  -0.531  -21.607 0.0000000000
45887  22.120  1.442  -22.184 0.0000000000
57879  23.154  18.256  -25.753 0.0000000000
57892  23.045  17.019  -26.056 0.0000000000
59303  25.197  18.197  -25.305 0.0000000000
58593  24.628  19.244  -25.442 0.0000000000
65846  22.564  28.029  -23.488 0.0000000000
65252  22.399  27.012  -23.983 0.0000000000
65853  23.285  27.992  -24.211 0.0000000000
51115  26.508  7.318  -24.573 0.0000000000
50364  27.054  6.328  -23.804 0.0000000000
51104  27.689  7.198  -23.747 0.0000000000
58584  20.732  18.307  -24.589 0.0000000000
90447  20.914  19.659  -24.242 0.0000000000
43561  21.299  -2.840  -20.125 0.0000000000
41988  21.418  -4.312  -19.648 0.0000000000
41973  23.106  -4.542  -19.048 0.0000000000
42778  23.750  -3.824  -19.134 0.0000000000
44344  24.678  -1.335  -20.561 0.0000000000
43558  25.265  -2.057  -19.467 0.0000000000
48836  21.198  4.619  -22.152 0.0000000000
49609  20.624  5.776  -22.085 0.0000000000
51869  21.228  8.636  -24.061 0.0000000000
51107  21.376  7.539  -23.500 0.0000000000
51867  23.019  8.613  -24.624 0.0000000000
51866  24.032  8.576  -25.080 0.0000000000
52679  23.394  9.362  -25.125 0.0000000000
55763  19.754  13.434  -23.676 0.0000000000
55774  20.534  13.513  -24.324 0.0000000000
55788  24.151  13.808  -26.419 0.0000000000
55045  23.507  13.045  -26.120 0.0000000000
55052  24.698  13.047  -26.525 0.0000000000
54268  25.336  11.873  -26.246 0.0000000000
55044  25.947  12.763  -26.116 0.0000000000
55035  26.890  12.656  -24.892 0.0000000000
55779  26.564  13.896  -25.257 0.0000000000
58574  27.559  17.811  -24.058 0.0000000000
57876  27.609  16.581  -24.528 0.0000000000
63844  21.849  25.108  -25.279 0.0000000000
63109  20.955  23.108  -24.295 0.0000000000
63121  22.326  23.689  -25.444 0.0000000000
63107  22.630  22.633  -25.457 0.0000000000
63119  23.512  24.034  -25.692 0.0000000000
63831  25.535  24.139  -24.650 0.0000000000
63103  26.756  23.819  -23.921 0.0000000000
62370  26.601  21.978  -23.576 0.0000000000
48101  23.640  3.771  -23.346 0.0000000000
47352  23.587  2.794  -23.047 0.0000000000
48088  24.708  3.209  -23.316 0.0000000000
48072  27.144  3.511  -21.523 0.0000000000
47336  26.394  2.474  -21.713 0.0000000000
44339  20.751  -1.658  -19.957 0.0000000000
43567  22.349  -2.351  -20.792 0.0000000000
43560  23.560  -3.003  -20.183 0.0000000000
44346  22.908  -1.790  -21.219 0.0000000000
44355  23.462  -1.160  -21.581 0.0000000000
45127  24.061  -0.433  -21.897 0.0000000000
51848  19.325  8.479  -21.772 0.0000000000
52661  19.805  9.198  -22.835 0.0000000000
53478  20.316  10.501  -23.917 0.0000000000
57189  20.863  16.054  -25.433 0.0000000000
56489  21.881  14.831  -25.629 0.0000000000
57187  22.450  16.064  -26.067 0.0000000000
57195  24.232  15.903  -26.594 0.0000000000
57194  24.838  15.755  -26.739 0.0000000000
57184  26.318  15.551  -25.871 0.0000000000
58591  25.681  16.568  -25.936 0.0000000000
90431  26.203  17.984  -24.622 0.0000000000
59292  27.143  18.752  -24.060 0.0000000000
64536  21.283  25.333  -22.322 0.0000000000
64541  21.095  25.401  -23.298 0.0000000000
64550  21.939  26.125  -24.549 0.0000000000
64558  22.965  25.724  -25.441 0.0000000000
49629  25.369  5.549  -24.328 0.0000000000
48845  25.679  4.389  -23.619 0.0000000000
49617  26.381  5.368  -23.753 0.0000000000
49605  27.248  5.376  -22.992 0.0000000000
57177  19.759  16.066  -23.983 0.0000000000
57880  20.672  17.149  -25.118 0.0000000000
58594  21.731  18.315  -25.287 0.0000000000
90429  22.734  19.443  -25.531 0.0000000000
43552  24.460  -3.124  -19.338 0.0000000000
53483  28.125  10.324  -24.235 0.0000000000
51855  28.318  8.338  -23.746 0.0000000000
47339  20.689  3.007  -21.225 0.0000000000
46623  22.061  2.296  -22.326 0.0000000000
48091  21.695  3.811  -22.343 0.0000000000
48090  22.657  3.831  -22.959 0.0000000000
48849  22.854  4.831  -23.303 0.0000000000
50352  21.344  6.557  -22.915 0.0000000000
50366  22.804  6.525  -23.865 0.0000000000
49631  23.766  5.647  -24.093 0.0000000000
50376  24.924  6.510  -24.644 0.0000000000
51116  25.540  7.413  -24.916 0.0000000000
52677  25.876  8.902  -25.374 0.0000000000
54248  19.846  11.427  -23.667 0.0000000000
54259  21.320  11.454  -24.869 0.0000000000
55784  21.980  13.394  -25.287 0.0000000000
55047  22.140  12.377  -25.275 0.0000000000
53499  23.225  10.786  -25.538 0.0000000000
53498  24.023  10.722  -25.962 0.0000000000
52686  26.131  9.967  -25.528 0.0000000000
53485  27.055  9.796  -24.978 0.0000000000
54255  27.552  10.966  -24.485 0.0000000000
55024  28.009  12.445  -23.946 0.0000000000
57174  27.081  15.582  -25.095 0.0000000000
61631  21.067  21.426  -24.816 0.0000000000
62382  21.824  21.740  -25.204 0.0000000000
62380  24.314  21.641  -25.476 0.0000000000
65261  23.606  26.556  -24.969 0.0000000000
64557  23.835  25.542  -25.338 0.0000000000
65250  25.583  25.947  -24.890 0.0000000000
64549  24.562  25.219  -25.134 0.0000000000
63832  24.684  24.137  -25.199 0.0000000000
63105  24.884  22.852  -24.980 0.0000000000
90436  24.682  20.838  -25.376 0.0000000000
62379  25.125  21.049  -24.746 0.0000000000
61620  26.245  20.873  -23.915 0.0000000000
60831  27.526  20.415  -22.946 0.0000000000
46622  22.802  1.975  -22.634 0.0000000000
45884  24.433  0.806  -22.324 0.0000000000
45868  25.462  0.493  -21.263 0.0000000000
47349  26.037  2.713  -22.372 0.0000000000
46605  26.284  1.733  -21.299 0.0000000000
46609  20.787  2.133  -21.164 0.0000000000
45863  20.689  0.288  -20.379 0.0000000000
46608  21.466  1.709  -21.727 0.0000000000
51863  27.226  8.296  -24.573 0.0000000000
51114  27.212  7.528  -24.228 0.0000000000
51856  27.652  7.821  -24.133 0.0000000000
42788  21.797  -3.598  -20.176 0.0000000000
41987  22.312  -4.258  -19.758 0.0000000000
41986  22.902  -4.057  -19.716 0.0000000000
44337  25.585  -1.205  -19.794 0.0000000000
44343  25.359  -0.862  -20.311 0.0000000000
45118  25.964  -0.292  -20.278 0.0000000000
49591  20.280  5.492  -21.557 0.0000000000
50336  20.344  6.091  -21.914 0.0000000000
52681  21.505  9.549  -24.543 0.0000000000
51868  22.072  8.691  -24.381 0.0000000000
56471  20.163  14.541  -24.113 0.0000000000
55787  24.960  13.858  -26.609 0.0000000000
55051  25.305  12.961  -26.479 0.0000000000
55781  26.134  13.367  -26.043 0.0000000000
55780  26.252  13.955  -25.932 0.0000000000
63843  22.310  24.696  -25.573 0.0000000000
63120  22.975  23.823  -25.649 0.0000000000
63830  26.500  24.380  -24.283 0.0000000000
63091  27.140  23.221  -23.565 0.0000000000
47362  23.987  3.308  -23.300 0.0000000000
48100  24.436  3.667  -23.483 0.0000000000
48071  27.733  3.748  -21.031 0.0000000000
48065  27.479  3.185  -21.002 0.0000000000
45121  21.076  -0.877  -20.519 0.0000000000
44348  21.271  -1.691  -20.474 0.0000000000
45128  23.077  -0.527  -22.087 0.0000000000
45141  23.633  0.010  -22.284 0.0000000000
53469  18.915  10.499  -22.056 0.0000000000
52662  19.217  9.508  -22.171 0.0000000000
52671  19.680  9.873  -22.846 0.0000000000
52670  20.161  9.589  -23.433 0.0000000000
53479  19.789  10.541  -23.251 0.0000000000
57894  21.300  17.035  -25.655 0.0000000000
57188  21.569  16.132  -25.842 0.0000000000
57891  24.099  17.332  -26.183 0.0000000000
57186  23.401  16.044  -26.281 0.0000000000
57902  24.538  16.339  -26.593 0.0000000000
57907  24.713  16.188  -26.723 0.0000000000
57900  25.644  16.374  -26.270 0.0000000000
58601  25.319  16.929  -25.868 0.0000000000
59302  25.635  17.901  -24.908 0.0000000000
59297  26.733  18.223  -24.372 0.0000000000
65239  22.362  26.792  -22.328 0.0000000000
65240  21.908  25.993  -21.996 0.0000000000
64559  22.187  25.691  -25.218 0.0000000000
49628  26.025  5.926  -24.264 0.0000000000
49618  25.519  4.877  -24.016 0.0000000000
50363  27.576  6.303  -23.308 0.0000000000
49616  27.094  5.826  -23.498 0.0000000000
49589  27.805  5.382  -22.038 0.0000000000
57868  19.804  16.637  -23.610 0.0000000000
57881  19.992  17.111  -24.377 0.0000000000
58585  20.100  17.926  -24.227 0.0000000000
90446  22.261  19.305  -25.309 0.0000000000
43566  23.326  -2.512  -20.614 0.0000000000
43559  24.297  -2.598  -19.931 0.0000000000
43551  25.024  -2.868  -19.185 0.0000000000
47338  21.373  2.815  -21.867 0.0000000000
48074  20.960  3.743  -21.705 0.0000000000
49608  21.273  5.628  -22.506 0.0000000000
48835  22.007  4.848  -22.738 0.0000000000
49620  22.340  5.683  -23.276 0.0000000000
51093  20.501  7.632  -22.698 0.0000000000
51092  20.960  7.063  -22.871 0.0000000000
51119  22.476  7.652  -24.133 0.0000000000
51106  22.141  7.052  -23.746 0.0000000000
50365  23.390  6.074  -24.016 0.0000000000
50377  23.818  6.580  -24.348 0.0000000000
51865  25.168  8.555  -25.303 0.0000000000
51117  24.505  7.524  -24.871 0.0000000000
51864  26.179  8.259  -25.094 0.0000000000
55025  20.095  12.436  -23.999 0.0000000000
54260  20.525  11.447  -24.315 0.0000000000
56479  21.504  14.109  -25.176 0.0000000000
55783  22.789  13.852  -25.680 0.0000000000
54279  24.005  12.305  -26.306 0.0000000000
55046  22.732  12.664  -25.615 0.0000000000
54271  22.562  11.590  -25.391 0.0000000000
53496  25.876  10.663  -25.858 0.0000000000
53495  26.596  10.370  -25.300 0.0000000000
54265  27.295  10.661  -24.677 0.0000000000
54266  26.974  10.973  -24.857 0.0000000000
55042  26.821  13.252  -24.902 0.0000000000
55034  27.361  12.895  -24.322 0.0000000000
55033  27.994  12.831  -23.740 0.0000000000
55771  27.540  13.966  -24.183 0.0000000000
57175  26.675  15.974  -25.457 0.0000000000
57183  26.643  15.122  -25.420 0.0000000000
62384  20.725  21.728  -24.149 0.0000000000
62381  23.054  20.260  -25.651 0.0000000000
65863  24.115  27.769  -24.713 0.0000000000
65260  24.696  26.404  -24.912 0.0000000000
64547  26.112  25.235  -24.681 0.0000000000
65251  25.017  25.664  -24.931 0.0000000000
63104  26.002  23.040  -24.200 0.0000000000
61619  27.140  21.194  -23.218 0.0000000000
60832  26.845  20.262  -23.643 0.0000000000
47351  24.479  2.518  -23.052 0.0000000000
46621  23.650  1.700  -22.807 0.0000000000
46620  24.551  1.547  -22.608 0.0000000000
46607  24.927  1.159  -22.206 0.0000000000
48834  26.385  4.329  -23.108 0.0000000000
48098  25.684  3.770  -23.269 0.0000000000
48086  25.998  3.333  -22.838 0.0000000000
47328  26.746  2.189  -21.121 0.0000000000
46598  26.056  1.102  -21.211 0.0000000000
45862  21.273  -0.160  -20.880 0.0000000000
45120  21.631  -0.515  -21.130 0.0000000000
45871  22.554  0.074  -22.052 0.0000000000
58602  24.918  17.204  -26.041 0.0000000000
58592  24.683  17.745  -25.753 0.0000000000
90432  25.275  19.873  -24.953 0.0000000000
65243  22.269  27.000  -23.179 0.0000000000
50374  26.474  6.385  -24.214 0.0000000000
51105  27.008  6.940  -24.149 0.0000000000
51091  28.112  6.903  -23.083 0.0000000000
43562  20.684  -2.493  -19.704 0.0000000000
43553  20.108  -2.857  -19.022 0.0000000000
42789  20.774  -3.587  -19.574 0.0000000000
41952  23.390  -4.981  -18.374 0.0000000000
41972  23.805  -4.118  -18.758 0.0000000000
44338  24.950  -1.806  -19.939 0.0000000000
48815  20.583  4.562  -21.543 0.0000000000
49590  20.755  5.198  -21.996 0.0000000000
51857  20.851  8.328  -23.556 0.0000000000
51120  21.766  8.106  -24.062 0.0000000000
51118  23.522  7.676  -24.522 0.0000000000
51877  24.574  9.106  -25.394 0.0000000000
55782  23.439  14.123  -26.103 0.0000000000
55053  24.184  12.892  -26.393 0.0000000000
54278  24.602  12.352  -26.402 0.0000000000
54269  24.391  11.586  -26.252 0.0000000000
54257  26.712  12.300  -25.131 0.0000000000
55043  26.480  12.977  -25.511 0.0000000000
58582  26.733  17.273  -24.631 0.0000000000
57865  28.126  17.126  -24.218 0.0000000000
64560  21.690  25.409  -24.930 0.0000000000
63834  21.552  24.439  -24.881 0.0000000000
63833  21.976  24.021  -25.283 0.0000000000
63108  21.744  23.150  -25.104 0.0000000000
63092  26.414  22.595  -23.811 0.0000000000
48089  23.155  3.298  -23.040 0.0000000000
48813  27.045  4.395  -22.337 0.0000000000
48073  26.525  3.376  -22.238 0.0000000000
47335  27.034  2.766  -21.206 0.0000000000
43569  21.106  -2.195  -20.178 0.0000000000
42796  21.893  -2.852  -20.483 0.0000000000
42795  22.524  -3.084  -20.494 0.0000000000
42794  23.124  -3.216  -20.292 0.0000000000
44345  23.768  -1.671  -20.985 0.0000000000
44356  22.692  -1.139  -21.591 0.0000000000
44354  24.242  -1.046  -21.250 0.0000000000
44353  24.571  -0.957  -21.005 0.0000000000
45126  24.820  -0.457  -21.180 0.0000000000
51847  19.812  8.503  -22.439 0.0000000000
51858  20.341  8.587  -23.151 0.0000000000
51870  20.606  8.912  -23.730 0.0000000000
52682  20.739  9.583  -24.113 0.0000000000
57176  20.231  15.853  -24.611 0.0000000000
56480  20.930  14.729  -24.987 0.0000000000
56490  21.234  15.426  -25.571 0.0000000000
56487  23.759  14.943  -26.406 0.0000000000
56494  24.529  14.836  -26.623 0.0000000000
56493  25.270  14.774  -26.585 0.0000000000
56491  26.148  14.727  -26.084 0.0000000000
57193  25.656  15.635  -26.486 0.0000000000
57889  26.020  16.298  -25.982 0.0000000000
58583  26.300  16.732  -25.062 0.0000000000
59310  25.255  17.448  -25.352 0.0000000000
59309  25.491  17.218  -25.101 0.0000000000
60030  27.248  19.535  -23.555 0.0000000000
64551  21.357  25.396  -24.270 0.0000000000
64540  21.747  26.208  -23.694 0.0000000000
48854  24.576  4.940  -24.139 0.0000000000
48846  24.976  4.339  -23.914 0.0000000000
49606  26.737  4.946  -23.214 0.0000000000
48833  26.869  4.754  -22.924 0.0000000000
90428  22.585  18.806  -25.508 0.0000000000
42786  23.450  -3.566  -19.756 0.0000000000
42785  24.077  -3.355  -19.396 0.0000000000
52674  28.017  9.328  -24.302 0.0000000000
52669  28.616  9.527  -23.668 0.0000000000
47354  22.088  3.106  -22.474 0.0000000000
48102  23.220  4.295  -23.352 0.0000000000
48848  23.706  4.806  -23.757 0.0000000000
50353  20.652  6.553  -22.338 0.0000000000
49621  21.754  5.983  -22.995 0.0000000000
50367  21.956  6.547  -23.393 0.0000000000
49619  23.157  5.589  -23.710 0.0000000000
48855  24.127  5.251  -24.125 0.0000000000
49630  24.433  5.717  -24.338 0.0000000000
54249  19.387  11.339  -22.992 0.0000000000
53488  20.961  10.472  -24.543 0.0000000000
53487  21.756  10.454  -24.921 0.0000000000
55773  21.242  13.450  -24.854 0.0000000000
55036  21.569  12.479  -24.986 0.0000000000
54272  21.901  11.803  -25.134 0.0000000000
54258  21.993  11.170  -25.110 0.0000000000
53486  22.502  10.604  -25.181 0.0000000000
52690  23.056  10.062  -25.254 0.0000000000
52689  23.714  9.995  -25.525 0.0000000000
52688  24.553  9.791  -25.696 0.0000000000
53497  24.966  10.655  -26.104 0.0000000000
52687  25.524  9.617  -25.616 0.0000000000
52676  26.529  9.274  -25.232 0.0000000000
52675  27.382  9.208  -24.726 0.0000000000
53484  27.569  9.890  -24.646 0.0000000000
53493  27.549  10.426  -24.590 0.0000000000
54246  28.201  11.570  -23.966 0.0000000000
54256  27.190  11.898  -24.633 0.0000000000
54247  27.732  12.199  -24.249 0.0000000000
56486  26.454  14.652  -25.632 0.0000000000
56485  26.781  14.669  -25.040 0.0000000000
56478  27.344  14.783  -24.423 0.0000000000
90438  20.863  20.727  -24.309 0.0000000000
61630  21.497  20.560  -24.957 0.0000000000
65864  23.419  27.245  -24.677 0.0000000000
63841  23.970  24.472  -25.553 0.0000000000
61629  24.393  20.899  -25.557 0.0000000000
90426  24.447  20.484  -25.548 0.0000000000
62371  25.971  21.500  -24.052 0.0000000000
61618  28.290  21.317  -22.775 0.0000000000
60830  28.155  20.523  -22.552 0.0000000000
60029  28.001  19.715  -22.661 0.0000000000
45886  22.797  0.913  -22.350 0.0000000000
45885  23.762  0.737  -22.512 0.0000000000
45870  24.147  0.268  -22.252 0.0000000000
45869  24.774  0.448  -21.857 0.0000000000
48099  25.127  3.725  -23.505 0.0000000000
48087  25.239  3.127  -23.174 0.0000000000
47350  25.337  2.414  -22.687 0.0000000000
47337  25.722  2.136  -22.173 0.0000000000
46606  25.586  1.414  -21.739 0.0000000000
45125  25.501  -0.061  -20.815 0.0000000000
51103  28.340  7.513  -23.227 0.0000000000
43568  21.629  -2.237  -20.531 0.0000000000
47361  24.247  3.082  -23.258 0.0000000000
48853  25.122  4.894  -24.169 0.0000000000
52678  24.062  9.358  -25.373 0.0000000000
53494  27.165  10.336  -24.845 0.0000000000
54234  19.009  11.313  -22.434 0.0000000000
54277  24.992  12.537  -26.458 0.0000000000
55785  26.005  14.305  -26.231 0.0000000000
56492  25.809  14.740  -26.360 0.0000000000
57185  25.993  15.998  -26.286 0.0000000000
57192  26.004  15.168  -26.256 0.0000000000
57196  24.794  15.998  -26.829 0.0000000000
57197  24.588  16.052  -26.729 0.0000000000
57888  26.343  16.296  -25.541 0.0000000000
57901  24.955  16.596  -26.470 0.0000000000
57908  24.513  16.228  -26.819 0.0000000000
58590  25.747  16.704  -25.438 0.0000000000
58600  25.375  17.030  -25.428 0.0000000000
59301  25.937  17.232  -24.798 0.0000000000
59311  25.018  17.485  -25.662 0.0000000000
90440  22.490  19.230  -25.429 0.0000000000
