#!ascii label  , from subject TEMPLATE vox2ras=TkReg
156
12142  49.086  -53.070  -16.908 0.0000000000
11657  46.711  -54.701  -25.434 0.0000000000
9654  46.616  -57.627  -19.153 0.0000000000
12164  48.250  -53.092  -21.188 0.0000000000
9670  45.321  -58.301  -23.225 0.0000000000
10101  46.444  -57.613  -21.192 0.0000000000
8651  45.073  -59.892  -21.545 0.0000000000
12187  47.438  -53.223  -23.562 0.0000000000
13229  48.932  -50.805  -22.012 0.0000000000
10546  47.636  -55.772  -17.880 0.0000000000
10559  46.858  -56.351  -20.449 0.0000000000
10566  46.839  -56.251  -22.361 0.0000000000
10582  46.173  -56.300  -24.457 0.0000000000
9677  44.298  -58.425  -25.336 0.0000000000
12137  49.866  -52.643  -15.659 0.0000000000
11071  48.543  -55.507  -16.284 0.0000000000
9645  46.726  -57.947  -16.602 0.0000000000
13211  49.570  -51.064  -20.198 0.0000000000
8648  45.135  -59.984  -20.603 0.0000000000
12196  47.266  -53.427  -24.625 0.0000000000
12714  47.688  -52.279  -23.418 0.0000000000
10551  47.222  -56.127  -18.602 0.0000000000
10096  46.786  -56.950  -19.975 0.0000000000
9666  45.522  -58.701  -22.272 0.0000000000
10105  46.701  -56.911  -21.604 0.0000000000
10106  46.318  -57.404  -22.368 0.0000000000
10567  46.462  -56.645  -23.081 0.0000000000
10109  46.019  -57.236  -23.603 0.0000000000
9679  44.649  -57.794  -25.663 0.0000000000
10086  47.877  -56.906  -15.705 0.0000000000
10543  47.813  -56.244  -16.675 0.0000000000
10087  47.265  -57.254  -16.234 0.0000000000
12157  48.482  -53.157  -20.246 0.0000000000
12683  48.981  -52.056  -20.608 0.0000000000
14342  49.400  -49.107  -22.627 0.0000000000
14330  49.902  -49.245  -21.397 0.0000000000
9155  46.071  -59.119  -19.420 0.0000000000
10097  46.535  -57.596  -20.239 0.0000000000
9164  46.042  -58.928  -20.709 0.0000000000
9165  45.573  -59.304  -21.193 0.0000000000
9169  44.885  -59.536  -22.382 0.0000000000
11629  47.746  -53.404  -22.219 0.0000000000
12693  48.472  -52.118  -21.614 0.0000000000
12703  48.007  -52.122  -22.758 0.0000000000
13790  48.726  -50.317  -23.260 0.0000000000
12206  46.606  -54.461  -26.015 0.0000000000
11604  48.607  -54.455  -17.597 0.0000000000
11613  47.554  -54.723  -19.543 0.0000000000
11617  47.470  -54.638  -20.127 0.0000000000
10100  46.714  -56.946  -20.791 0.0000000000
10563  46.886  -56.206  -21.262 0.0000000000
11087  47.131  -55.283  -21.804 0.0000000000
11092  47.005  -55.151  -22.938 0.0000000000
11100  46.735  -55.128  -23.921 0.0000000000
11108  46.519  -55.385  -24.835 0.0000000000
9673  44.903  -58.113  -24.193 0.0000000000
10114  45.143  -57.625  -24.660 0.0000000000
10589  46.051  -56.381  -25.272 0.0000000000
11658  46.528  -55.003  -25.779 0.0000000000
12654  50.543  -51.803  -15.785 0.0000000000
12138  48.962  -52.875  -16.052 0.0000000000
11601  48.886  -53.882  -16.158 0.0000000000
11070  48.805  -54.717  -16.718 0.0000000000
11074  48.302  -55.072  -17.420 0.0000000000
10547  47.263  -56.512  -17.536 0.0000000000
9648  46.648  -57.825  -17.599 0.0000000000
9649  46.286  -58.541  -17.048 0.0000000000
9151  45.995  -59.064  -18.573 0.0000000000
13218  49.104  -50.874  -21.218 0.0000000000
12146  49.322  -52.327  -17.273 0.0000000000
12659  49.729  -51.576  -16.984 0.0000000000
10093  46.924  -57.067  -19.106 0.0000000000
9665  45.869  -58.169  -22.501 0.0000000000
9669  45.930  -57.809  -22.945 0.0000000000
9680  44.149  -58.099  -26.201 0.0000000000
11616  48.063  -53.971  -20.674 0.0000000000
12684  48.613  -52.650  -20.939 0.0000000000
14341  49.709  -48.887  -22.030 0.0000000000
9159  46.184  -58.857  -20.033 0.0000000000
9160  45.677  -59.422  -20.087 0.0000000000
8652  44.821  -60.648  -21.132 0.0000000000
9168  45.241  -59.309  -21.970 0.0000000000
8654  44.965  -59.765  -22.050 0.0000000000
11630  47.522  -54.087  -22.499 0.0000000000
12176  47.635  -52.902  -22.747 0.0000000000
12713  47.910  -51.852  -23.319 0.0000000000
13237  48.136  -51.254  -23.526 0.0000000000
11609  48.506  -54.163  -18.279 0.0000000000
11077  47.784  -55.065  -18.610 0.0000000000
11084  47.091  -55.477  -20.553 0.0000000000
9657  46.309  -58.304  -20.530 0.0000000000
10574  46.326  -56.364  -23.692 0.0000000000
10573  46.666  -55.902  -23.345 0.0000000000
10581  46.460  -55.805  -24.042 0.0000000000
8666  43.241  -60.516  -25.585 0.0000000000
9183  44.021  -59.144  -24.903 0.0000000000
9674  44.387  -58.581  -24.521 0.0000000000
9676  44.723  -57.965  -24.951 0.0000000000
10121  45.563  -56.718  -26.164 0.0000000000
10117  45.554  -56.829  -25.669 0.0000000000
10596  45.991  -56.346  -26.033 0.0000000000
11118  46.341  -55.638  -25.640 0.0000000000
12655  49.917  -51.927  -16.240 0.0000000000
11068  48.810  -55.681  -15.759 0.0000000000
11067  49.064  -55.097  -15.633 0.0000000000
10544  47.271  -56.773  -16.879 0.0000000000
10089  46.980  -57.215  -17.151 0.0000000000
10091  46.984  -57.096  -18.099 0.0000000000
9148  45.393  -59.661  -16.983 0.0000000000
9147  45.905  -59.130  -17.520 0.0000000000
9652  46.312  -58.428  -18.115 0.0000000000
13219  48.756  -51.318  -21.716 0.0000000000
12692  48.828  -51.601  -21.289 0.0000000000
13763  49.908  -49.801  -20.906 0.0000000000
11640  47.231  -54.271  -23.727 0.0000000000
10550  47.494  -55.614  -18.453 0.0000000000
10555  47.003  -56.206  -19.673 0.0000000000
9661  46.032  -58.465  -21.591 0.0000000000
10122  44.991  -57.151  -26.436 0.0000000000
10541  48.503  -56.216  -15.523 0.0000000000
13775  49.352  -50.151  -22.110 0.0000000000
14331  49.656  -49.505  -21.937 0.0000000000
14924  50.003  -48.478  -21.667 0.0000000000
9655  46.383  -58.257  -19.361 0.0000000000
9662  45.593  -58.948  -21.759 0.0000000000
11621  47.925  -53.704  -21.658 0.0000000000
12175  47.915  -52.873  -21.991 0.0000000000
13230  48.568  -51.209  -22.489 0.0000000000
12704  47.769  -52.439  -22.973 0.0000000000
13776  49.003  -50.517  -22.559 0.0000000000
13789  49.200  -49.935  -22.820 0.0000000000
12205  46.924  -53.689  -25.780 0.0000000000
11603  48.902  -53.963  -17.384 0.0000000000
12147  49.139  -52.902  -17.950 0.0000000000
11608  48.924  -53.645  -18.048 0.0000000000
11622  47.522  -54.529  -21.219 0.0000000000
11649  47.030  -54.479  -24.747 0.0000000000
9174  44.567  -59.312  -23.060 0.0000000000
9184  43.642  -59.759  -25.227 0.0000000000
9671  44.590  -58.685  -23.777 0.0000000000
10110  45.393  -57.655  -24.078 0.0000000000
10113  45.624  -57.048  -24.726 0.0000000000
10118  45.125  -57.404  -25.359 0.0000000000
11109  46.286  -55.932  -25.052 0.0000000000
11117  46.531  -55.179  -25.422 0.0000000000
13185  50.858  -50.857  -16.167 0.0000000000
12658  50.286  -51.394  -16.422 0.0000000000
12141  49.419  -52.377  -16.505 0.0000000000
11598  49.243  -54.135  -15.082 0.0000000000
11600  49.137  -53.279  -15.363 0.0000000000
11073  48.658  -54.560  -17.281 0.0000000000
9651  46.623  -57.711  -18.574 0.0000000000
13755  49.614  -50.356  -20.772 0.0000000000
13764  49.637  -50.018  -21.407 0.0000000000
11078  47.421  -55.514  -18.749 0.0000000000
11127  46.227  -55.792  -26.322 0.0000000000
