#!ascii label  , from subject TEMPLATE vox2ras=TkReg
1090
9714  43.008  -58.637  -30.937 0.2000000030
9713  43.360  -58.285  -30.293 0.2000000030
9723  43.056  -57.948  -31.023 0.2000000030
9232  42.539  -59.349  -30.932 0.2000000030
10644  42.634  -56.907  -32.280 0.1000000015
10155  43.443  -57.153  -30.494 0.2000000030
10159  42.934  -57.326  -31.627 0.1000000015
9724  42.530  -58.326  -31.694 0.2000000030
10635  43.238  -56.368  -31.063 0.1000000015
10643  42.740  -56.524  -31.809 0.1000000015
11191  42.549  -55.815  -31.574 0.1000000015
10655  42.428  -56.252  -31.911 0.1000000015
12274  42.789  -54.135  -31.670 0.1000000015
11736  42.466  -55.385  -31.657 0.1000000015
12789  43.465  -52.710  -31.808 0.2000000030
12265  42.987  -53.450  -31.758 0.1000000015
11164  44.028  -55.223  -30.397 0.1000000015
11704  43.905  -54.629  -30.556 0.1000000015
11175  43.198  -55.746  -31.038 0.1000000015
11710  43.344  -54.732  -30.950 0.1000000015
12264  43.317  -53.719  -31.254 0.1000000015
13862  44.306  -51.040  -32.200 0.2000000030
13322  44.169  -51.700  -31.745 0.2000000030
13323  43.641  -51.995  -32.216 0.2000000030
14417  44.851  -49.984  -33.012 0.2000000030
14423  44.573  -49.385  -33.222 0.1000000015
15008  44.940  -48.285  -32.922 0.1000000015
12253  43.756  -54.018  -30.755 0.1000000015
13866  44.870  -50.187  -32.636 0.2000000030
14416  45.198  -49.446  -32.563 0.2000000030
15001  45.498  -47.970  -32.529 0.2000000030
14422  45.065  -48.950  -32.904 0.2000000030
12263  43.912  -53.334  -30.797 0.1000000015
12788  43.893  -52.652  -31.186 0.1000000015
13861  44.950  -50.514  -31.827 0.2000000030
15597  46.088  -47.315  -32.454 0.3000000119
15598  45.338  -47.286  -32.673 0.2000000030
16219  45.065  -46.399  -32.679 0.2000000030
15605  43.695  -47.435  -33.312 0.2000000030
16217  46.719  -46.387  -32.243 0.3000000119
16867  46.372  -45.486  -31.999 0.3000000119
16218  45.922  -46.356  -32.590 0.3000000119
16868  45.641  -45.449  -32.332 0.2000000030
16225  44.207  -46.451  -32.983 0.2000000030
16216  47.348  -46.406  -31.633 0.4000000060
15596  46.829  -47.395  -31.930 0.3000000119
14411  45.634  -49.379  -31.709 0.2000000030
15000  45.890  -48.353  -32.081 0.2000000030
16869  44.781  -45.460  -32.646 0.2000000030
17563  46.723  -45.120  -30.532 0.3000000119
16866  46.920  -45.581  -31.496 0.3000000119
17572  46.092  -44.629  -31.405 0.2000000030
17573  45.439  -44.531  -32.203 0.2000000030
18217  45.988  -43.653  -31.512 0.2000000030
18218  45.354  -43.589  -32.308 0.1000000015
17574  44.512  -44.399  -32.755 0.2000000030
17558  46.694  -44.403  -29.942 0.3000000119
17564  46.369  -44.495  -30.448 0.3000000119
17571  46.359  -45.170  -31.105 0.3000000119
18208  46.587  -43.243  -29.518 0.2000000030
18209  46.321  -43.572  -30.346 0.3000000119
18854  45.767  -42.921  -31.750 0.1000000015
18844  46.086  -42.675  -30.831 0.1000000015
18203  47.050  -43.581  -29.448 0.3000000119
18204  46.424  -43.921  -29.755 0.2000000030
18835  46.837  -42.853  -29.081 0.2000000030
18842  47.164  -41.491  -28.833 0.2000000030
19524  47.583  -40.634  -29.457 0.1000000015
18843  46.647  -42.273  -29.562 0.1000000015
19509  46.969  -40.784  -29.543 0.1000000015
18845  45.654  -42.201  -31.503 0.1000000015
18834  47.694  -42.329  -28.908 0.2000000030
20127  47.521  -40.441  -29.945 0.1000000015
19510  46.131  -41.441  -30.687 0.1000000015
20116  46.556  -40.297  -30.561 0.1000000015
20115  47.269  -39.957  -30.353 0.1000000015
20117  45.735  -40.491  -31.164 0.1000000015
20114  47.655  -39.879  -30.640 0.1000000015
11718  42.810  -54.910  -31.438 0.1000000015
11168  43.554  -55.452  -30.756 0.1000000015
13867  44.150  -50.570  -32.830 0.1000000015
11609  48.506  -54.163  -18.279 0.5000000000
11074  48.302  -55.072  -17.420 0.5000000000
11604  48.607  -54.455  -17.597 0.5000000000
11608  48.924  -53.645  -18.048 0.5000000000
12148  48.801  -53.356  -18.452 0.5000000000
10541  48.503  -56.216  -15.523 0.2000000030
10543  47.813  -56.244  -16.675 0.2000000030
11071  48.543  -55.507  -16.284 0.3000000119
11070  48.805  -54.717  -16.718 0.5000000000
11073  48.658  -54.560  -17.281 0.5000000000
11603  48.902  -53.963  -17.384 0.5000000000
12142  49.086  -53.070  -16.908 0.5000000000
12147  49.139  -52.902  -17.950 0.5000000000
12667  49.439  -52.225  -18.642 0.5000000000
12152  48.524  -53.340  -19.146 0.5000000000
11616  48.063  -53.971  -20.674 0.5000000000
11068  48.810  -55.681  -15.759 0.3000000119
12146  49.322  -52.327  -17.273 0.5000000000
12151  48.986  -52.719  -18.881 0.5000000000
12156  48.901  -52.677  -19.682 0.5000000000
10566  46.839  -56.251  -22.361 0.4000000060
11087  47.131  -55.283  -21.804 0.5000000000
12157  48.482  -53.157  -20.246 0.5000000000
11092  47.005  -55.151  -22.938 0.4000000060
11067  49.064  -55.097  -15.633 0.4000000060
11601  48.886  -53.882  -16.158 0.4000000060
12138  48.962  -52.875  -16.052 0.5000000000
12141  49.419  -52.377  -16.505 0.5000000000
12659  49.729  -51.576  -16.984 0.5000000000
12666  49.672  -51.814  -17.978 0.5000000000
11622  47.522  -54.529  -21.219 0.5000000000
10574  46.326  -56.364  -23.692 0.4000000060
10567  46.462  -56.645  -23.081 0.4000000060
9627  47.751  -57.860  -12.426 0.1000000015
10530  48.475  -56.696  -12.721 0.1000000015
10529  49.128  -56.146  -12.483 0.1000000015
10533  48.531  -56.552  -13.376 0.1000000015
11057  49.834  -55.470  -12.755 0.1000000015
10532  49.040  -55.904  -13.814 0.1000000015
11060  49.524  -55.465  -13.365 0.1000000015
11059  50.220  -54.836  -13.407 0.1000000015
10536  49.086  -55.842  -14.911 0.2000000030
10540  48.928  -55.752  -15.484 0.3000000119
11598  49.243  -54.135  -15.082 0.4000000060
12137  49.866  -52.643  -15.659 0.4000000060
12655  49.917  -51.927  -16.240 0.5000000000
12658  50.286  -51.394  -16.422 0.5000000000
13188  50.533  -50.902  -17.013 0.5000000000
12676  49.464  -52.020  -19.508 0.5000000000
12164  48.250  -53.092  -21.188 0.5000000000
11621  47.925  -53.704  -21.658 0.5000000000
10573  46.666  -55.902  -23.345 0.4000000060
10113  45.624  -57.048  -24.726 0.5000000000
9613  48.301  -58.429  -10.429 0.1000000015
9619  48.354  -57.958  -11.306 0.1000000015
10071  48.394  -57.078  -12.089 0.1000000015
10528  49.784  -55.618  -12.268 0.1000000015
10065  48.633  -57.267  -11.320 0.1000000015
12642  51.258  -52.274  -13.530 0.2000000030
10537  48.548  -56.432  -14.386 0.1000000015
11064  49.534  -55.028  -14.379 0.1000000015
12128  50.930  -52.944  -13.978 0.2000000030
11063  49.972  -54.488  -14.084 0.1000000015
11595  49.812  -54.215  -14.524 0.2000000030
12129  50.472  -53.171  -14.577 0.2000000030
12646  51.575  -51.652  -13.620 0.2000000030
11597  49.958  -53.521  -14.978 0.3000000119
12136  50.582  -52.444  -15.337 0.3000000119
12654  50.543  -51.803  -15.785 0.4000000060
12683  48.981  -52.056  -20.608 0.5000000000
12692  48.828  -51.601  -21.289 0.5000000000
13211  49.570  -51.064  -20.198 0.5000000000
12693  48.472  -52.118  -21.614 0.5000000000
12684  48.613  -52.650  -20.939 0.5000000000
13198  50.374  -51.079  -18.367 0.5000000000
13189  50.201  -51.239  -17.631 0.5000000000
11629  47.746  -53.404  -22.219 0.5000000000
12175  47.915  -52.873  -21.991 0.5000000000
11630  47.522  -54.087  -22.499 0.5000000000
10582  46.173  -56.300  -24.457 0.4000000060
9608  48.145  -58.350  -9.584 0.1000000015
9111  48.168  -58.979  -11.019 0.1000000015
9618  48.693  -57.522  -10.912 0.1000000015
10064  48.957  -57.039  -10.780 0.1000000015
10519  49.221  -56.438  -10.223 0.1000000015
10070  48.839  -56.749  -11.565 0.1000000015
10524  49.778  -55.733  -11.636 0.1000000015
11056  50.487  -55.217  -12.185 0.1000000015
11590  51.104  -53.817  -12.791 0.1000000015
11591  50.681  -54.129  -13.296 0.1000000015
12126  51.360  -52.955  -13.035 0.2000000030
11593  50.886  -53.554  -13.437 0.2000000030
12132  50.844  -52.638  -14.786 0.3000000119
13179  51.467  -51.480  -14.881 0.3000000119
13178  51.966  -51.179  -14.266 0.2000000030
12651  51.061  -51.998  -15.151 0.3000000119
13181  51.950  -50.995  -15.225 0.3000000119
13185  50.858  -50.857  -16.167 0.4000000060
13184  51.533  -50.686  -15.776 0.4000000060
13755  49.614  -50.356  -20.772 0.5000000000
13754  50.103  -50.145  -20.258 0.5000000000
14318  50.824  -48.885  -20.266 0.5000000000
14308  51.113  -49.245  -19.446 0.5000000000
13210  50.076  -50.736  -19.694 0.6000000238
13197  50.680  -50.787  -17.749 0.5000000000
13749  50.591  -50.200  -19.484 0.6000000238
13205  49.888  -51.306  -19.485 0.5000000000
13204  50.280  -50.944  -19.127 0.5000000000
12675  49.943  -51.640  -18.871 0.5000000000
10118  45.125  -57.404  -25.359 0.4000000060
10109  46.019  -57.236  -23.603 0.4000000060
11039  50.288  -54.618  -8.816 0.1000000015
11048  50.316  -55.402  -10.039 0.1000000015
11047  50.710  -54.814  -9.585 0.1000000015
10525  49.234  -56.293  -11.202 0.1000000015
11053  50.348  -55.325  -11.056 0.1000000015
11052  50.811  -54.842  -10.494 0.1000000015
10518  49.802  -55.905  -10.585 0.1000000015
11585  51.081  -54.162  -10.924 0.1000000015
11587  51.330  -54.367  -11.955 0.1000000015
12123  51.663  -53.393  -12.213 0.1000000015
12635  52.110  -51.996  -11.939 0.2000000030
13171  52.097  -51.144  -12.245 0.2000000030
12641  51.689  -51.947  -12.818 0.2000000030
13175  52.221  -51.147  -13.221 0.2000000030
18094  54.689  -43.294  -16.268 0.2000000030
17437  53.839  -44.266  -16.577 0.2000000030
16738  53.669  -44.900  -16.435 0.2000000030
16739  53.404  -45.433  -16.577 0.2000000030
16085  53.387  -46.344  -15.997 0.2000000030
13727  52.303  -50.265  -14.713 0.2000000030
17452  53.109  -44.584  -17.337 0.2000000030
16745  52.910  -45.552  -17.258 0.2000000030
16090  52.957  -46.452  -17.011 0.2000000030
15463  52.499  -47.487  -16.865 0.2000000030
15462  52.917  -47.052  -16.287 0.3000000119
14885  52.329  -48.468  -16.462 0.4000000060
16752  52.197  -45.584  -18.324 0.2000000030
16746  52.510  -45.619  -17.686 0.3000000119
16098  52.324  -46.423  -17.845 0.3000000119
15466  52.256  -47.461  -17.732 0.4000000060
14887  52.184  -48.353  -17.311 0.4000000060
14297  52.063  -49.306  -16.970 0.5000000000
14295  52.194  -49.357  -16.050 0.4000000060
13733  51.590  -50.129  -16.482 0.5000000000
15483  51.157  -46.977  -19.573 0.5000000000
15482  51.461  -46.643  -19.238 0.4000000060
15474  51.783  -47.136  -18.760 0.4000000060
14895  51.920  -48.307  -18.152 0.4000000060
14306  51.491  -49.422  -18.316 0.5000000000
14305  51.944  -49.026  -17.674 0.5000000000
14298  51.692  -49.571  -17.497 0.5000000000
13734  51.012  -50.486  -16.752 0.5000000000
14896  51.543  -48.324  -19.007 0.5000000000
13748  51.043  -50.013  -18.900 0.5000000000
13746  50.700  -50.570  -18.847 0.5000000000
11577  50.436  -54.012  -8.245 0.1000000015
11580  50.720  -54.067  -9.157 0.1000000015
12626  51.197  -52.781  -9.361 0.1000000015
11583  51.205  -54.284  -9.969 0.1000000015
12105  51.055  -53.480  -9.584 0.1000000015
12110  51.381  -53.608  -10.373 0.1000000015
12628  51.421  -53.059  -10.005 0.1000000015
12116  51.611  -53.469  -11.224 0.1000000015
12115  51.925  -52.789  -10.890 0.1000000015
13168  51.963  -51.286  -11.344 0.2000000030
13724  52.430  -50.265  -13.729 0.2000000030
18090  55.036  -43.721  -15.682 0.1000000015
16733  53.941  -45.104  -15.931 0.2000000030
16734  53.673  -45.690  -15.992 0.2000000030
18089  55.469  -43.252  -15.421 0.1000000015
17434  54.680  -44.330  -15.564 0.1000000015
16084  53.715  -45.778  -15.402 0.1000000015
15460  52.595  -47.733  -15.993 0.2000000030
13730  52.039  -50.164  -15.585 0.3000000119
15459  52.833  -47.063  -15.521 0.1000000015
13737  51.656  -49.817  -17.094 0.5000000000
13738  51.212  -50.200  -17.401 0.5000000000
13745  50.983  -50.400  -18.279 0.5000000000
12101  50.955  -53.742  -7.465 0.1000000015
12623  51.380  -52.205  -8.058 0.1000000015
12624  51.121  -52.574  -8.664 0.1000000015
12625  51.436  -52.045  -9.068 0.1000000015
13164  52.116  -51.528  -8.499 0.1000000015
13716  52.043  -50.926  -10.125 0.1000000015
13166  51.969  -51.350  -9.592 0.1000000015
13167  51.889  -51.426  -10.504 0.1000000015
13718  52.058  -50.660  -10.673 0.2000000030
13720  52.166  -50.407  -11.561 0.2000000030
13722  52.411  -50.060  -12.563 0.2000000030
18085  55.652  -43.611  -14.787 0.1000000015
17433  55.176  -43.923  -15.368 0.1000000015
16731  54.367  -45.216  -14.910 0.1000000015
16079  53.173  -46.404  -15.037 0.1000000015
14880  52.540  -48.406  -14.629 0.1000000015
14290  52.499  -49.391  -14.216 0.2000000030
15456  52.560  -47.782  -15.250 0.1000000015
14883  52.417  -48.525  -15.584 0.2000000030
14293  52.334  -49.364  -15.132 0.2000000030
13162  52.175  -51.870  -7.332 0.1000000015
13159  52.862  -51.199  -6.825 0.1000000015
13713  53.308  -50.247  -7.479 0.1000000015
13714  52.984  -50.506  -8.580 0.1000000015
13165  52.448  -50.971  -8.993 0.1000000015
13717  52.651  -49.946  -10.826 0.1000000015
13719  52.560  -49.615  -11.675 0.1000000015
14287  52.569  -49.060  -12.562 0.2000000030
14288  52.520  -49.340  -13.314 0.2000000030
14878  52.622  -48.609  -13.740 0.1000000015
18709  56.638  -42.529  -14.119 0.1000000015
17426  55.956  -43.916  -13.953 0.1000000015
17430  55.311  -44.250  -14.683 0.1000000015
16725  54.160  -45.590  -14.239 0.1000000015
16724  54.772  -45.232  -13.945 0.1000000015
16078  53.744  -45.924  -14.566 0.1000000015
15455  52.732  -47.255  -14.560 0.1000000015
13712  53.671  -49.824  -6.759 0.1000000015
14279  53.504  -49.779  -8.180 0.1000000015
14281  53.397  -49.729  -9.141 0.1000000015
14283  53.411  -49.505  -10.168 0.1000000015
14285  53.226  -49.116  -11.125 0.1000000015
14873  53.290  -48.463  -11.619 0.1000000015
14286  52.785  -48.924  -11.893 0.1000000015
14875  53.179  -48.253  -12.442 0.2000000030
17420  56.001  -44.139  -12.897 0.1000000015
17421  55.567  -44.610  -12.883 0.1000000015
16719  55.171  -45.114  -12.797 0.1000000015
16071  54.566  -45.761  -13.048 0.1000000015
15452  53.922  -47.058  -13.130 0.1000000015
15451  53.561  -47.662  -13.014 0.1000000015
17427  55.483  -44.564  -13.528 0.1000000015
16072  53.955  -46.194  -13.658 0.1000000015
15453  53.285  -47.215  -13.659 0.1000000015
16073  53.302  -46.547  -14.254 0.1000000015
14879  52.825  -47.908  -13.970 0.1000000015
14276  53.936  -49.391  -7.542 0.1000000015
14278  53.989  -49.133  -8.585 0.1000000015
14870  54.545  -48.348  -9.047 0.1000000015
14280  53.901  -49.018  -9.519 0.1000000015
14284  53.689  -48.841  -10.482 0.1000000015
14872  53.835  -48.245  -10.996 0.1000000015
17410  56.215  -44.249  -11.150 0.1000000015
17418  55.786  -44.550  -11.478 0.1000000015
16066  55.024  -46.081  -11.295 0.1000000015
16067  54.480  -46.679  -11.832 0.1000000015
15449  54.196  -47.433  -11.412 0.1000000015
18072  56.526  -43.812  -11.528 0.1000000015
16716  55.350  -45.085  -11.668 0.1000000015
15450  53.924  -47.378  -12.330 0.1000000015
18076  56.480  -43.560  -12.280 0.1000000015
16718  55.580  -44.585  -12.322 0.1000000015
16715  55.641  -44.570  -11.827 0.1000000015
16068  54.724  -45.821  -12.191 0.1000000015
15443  54.609  -47.716  -9.643 0.1000000015
15447  54.703  -47.008  -9.680 0.1000000015
15448  54.439  -47.424  -10.450 0.1000000015
16064  54.830  -46.314  -10.276 0.1000000015
18068  56.608  -43.652  -10.780 0.1000000015
17411  55.735  -44.676  -10.886 0.1000000015
16709  55.299  -45.364  -10.627 0.1000000015
18071  57.093  -43.217  -11.533 0.1000000015
11600  49.137  -53.279  -15.363 0.4000000060
10075  47.982  -57.111  -12.967 0.1000000015
11594  50.337  -53.854  -14.026 0.2000000030
12647  51.231  -51.997  -14.314 0.3000000119
12133  50.408  -52.946  -15.124 0.3000000119
13182  51.188  -51.261  -15.449 0.3000000119
9612  48.595  -57.680  -10.213 0.1000000015
10059  48.980  -57.047  -9.987 0.1000000015
11055  50.828  -54.794  -11.334 0.1000000015
11588  50.800  -54.495  -12.767 0.1000000015
12125  51.929  -52.659  -12.393 0.2000000030
14319  50.293  -49.231  -20.712 0.5000000000
14309  50.614  -49.559  -20.042 0.5000000000
15475  51.440  -47.638  -19.325 0.5000000000
12122  52.119  -52.810  -11.628 0.1000000015
17438  53.501  -44.794  -16.716 0.2000000030
17453  52.714  -45.174  -17.516 0.2000000030
16097  52.677  -46.016  -17.439 0.2000000030
16091  52.528  -46.967  -17.367 0.3000000119
16104  51.852  -46.134  -18.607 0.5000000000
17468  52.478  -44.996  -17.943 0.2000000030
16762  51.573  -45.878  -19.428 0.5000000000
16111  51.577  -46.219  -19.101 0.5000000000
12103  50.845  -53.255  -8.560 0.1000000015
12109  51.634  -53.068  -10.518 0.1000000015
12627  51.555  -52.290  -10.177 0.1000000015
12631  52.197  -52.108  -11.020 0.2000000030
17431  54.847  -44.703  -14.966 0.1000000015
12100  51.151  -52.950  -7.689 0.1000000015
12622  51.636  -52.583  -7.260 0.1000000015
13163  52.571  -51.027  -8.495 0.1000000015
13721  52.531  -49.407  -12.168 0.2000000030
18084  56.039  -43.166  -14.539 0.1000000015
17429  55.732  -43.733  -14.481 0.1000000015
13161  52.719  -51.099  -7.883 0.1000000015
13160  52.379  -51.818  -6.261 0.1000000015
14277  53.562  -49.788  -7.735 0.1000000015
13715  52.661  -50.489  -9.786 0.1000000015
14876  52.720  -48.633  -13.068 0.2000000030
14877  53.075  -48.077  -13.331 0.1000000015
16730  54.848  -44.870  -14.629 0.1000000015
14282  53.831  -48.963  -10.073 0.1000000015
14874  53.639  -47.919  -11.740 0.1000000015
16069  54.295  -46.501  -12.704 0.1000000015
14867  54.577  -48.489  -8.027 0.1000000015
14871  54.176  -48.395  -10.054 0.1000000015
17396  56.010  -44.045  -10.407 0.1000000015
16065  54.624  -46.803  -11.055 0.1000000015
17417  56.043  -44.220  -11.919 0.1000000015
16696  55.138  -45.353  -9.628 0.1000000015
17397  55.487  -44.565  -10.064 0.1000000015
9649  46.286  -58.541  -17.048 0.1000000015
9648  46.648  -57.825  -17.599 0.1000000015
10089  46.980  -57.215  -17.151 0.1000000015
10544  47.271  -56.773  -16.879 0.1000000015
9645  46.726  -57.947  -16.602 0.1000000015
10087  47.265  -57.254  -16.234 0.1000000015
10086  47.877  -56.906  -15.705 0.1000000015
9652  46.312  -58.428  -18.115 0.2000000030
9651  46.623  -57.711  -18.574 0.2000000030
10091  46.984  -57.096  -18.099 0.1000000015
9151  45.995  -59.064  -18.573 0.2000000030
10547  47.263  -56.512  -17.536 0.2000000030
10546  47.636  -55.772  -17.880 0.3000000119
10093  46.924  -57.067  -19.106 0.2000000030
10551  47.222  -56.127  -18.602 0.2000000030
9655  46.383  -58.257  -19.361 0.2000000030
10550  47.494  -55.614  -18.453 0.2000000030
8652  44.821  -60.648  -21.132 0.1000000015
9155  46.071  -59.119  -19.420 0.2000000030
9654  46.616  -57.627  -19.153 0.2000000030
8648  45.135  -59.984  -20.603 0.1000000015
9159  46.184  -58.857  -20.033 0.1000000015
11077  47.784  -55.065  -18.610 0.4000000060
9164  46.042  -58.928  -20.709 0.2000000030
8651  45.073  -59.892  -21.545 0.1000000015
9168  45.241  -59.309  -21.970 0.2000000030
9165  45.573  -59.304  -21.193 0.1000000015
10097  46.535  -57.596  -20.239 0.2000000030
10096  46.786  -56.950  -19.975 0.2000000030
10555  47.003  -56.206  -19.673 0.2000000030
11078  47.421  -55.514  -18.749 0.4000000060
11082  47.308  -55.289  -19.367 0.4000000060
9657  46.309  -58.304  -20.530 0.3000000119
10101  46.444  -57.613  -21.192 0.4000000060
18722  55.658  -42.319  -16.156 0.1000000015
11081  47.614  -54.806  -19.236 0.4000000060
10559  46.858  -56.351  -20.449 0.4000000060
11613  47.554  -54.723  -19.543 0.5000000000
10100  46.714  -56.946  -20.791 0.4000000060
11084  47.091  -55.477  -20.553 0.4000000060
18723  55.039  -42.511  -16.437 0.1000000015
19396  55.692  -41.667  -16.735 0.1000000015
11612  47.961  -54.213  -19.472 0.4000000060
11617  47.470  -54.638  -20.127 0.5000000000
18742  54.612  -42.268  -17.143 0.1000000015
17451  53.544  -43.997  -17.205 0.1000000015
18110  53.869  -43.307  -17.462 0.1000000015
18111  53.427  -43.895  -17.519 0.1000000015
9147  45.905  -59.130  -17.520 0.1000000015
10094  46.630  -57.497  -19.568 0.2000000030
18741  55.218  -41.984  -16.726 0.1000000015
9642  46.885  -58.240  -15.530 0.1000000015
5403  38.815  -67.036  -20.848 0.1000000015
5404  38.319  -67.543  -21.353 0.1000000015
5875  39.333  -66.410  -22.318 0.1000000015
5868  40.051  -66.086  -21.786 0.1000000015
5401  38.094  -67.311  -20.386 0.1000000015
4941  37.711  -67.941  -20.836 0.1000000015
4942  37.436  -68.557  -20.234 0.1000000015
3164  33.748  -71.509  -9.433 0.1000000015
4052  36.158  -70.306  -16.657 0.1000000015
4056  36.111  -70.190  -17.497 0.1000000015
5869  39.423  -66.584  -21.320 0.1000000015
4055  36.490  -69.511  -17.989 0.1000000015
4504  37.227  -69.202  -19.631 0.1000000015
5874  39.884  -65.793  -22.821 0.1000000015
3161  33.636  -71.392  -8.359 0.1000000015
3167  34.358  -71.069  -9.940 0.1000000015
3156  34.374  -71.071  -6.991 0.1000000015
3157  33.969  -71.653  -7.374 0.1000000015
3163  34.153  -70.871  -8.913 0.1000000015
3601  35.334  -71.106  -11.348 0.1000000015
3617  35.640  -71.315  -14.095 0.1000000015
3625  35.949  -70.750  -16.125 0.1000000015
5865  39.266  -66.497  -20.348 0.1000000015
5400  38.570  -66.771  -19.942 0.1000000015
4939  37.611  -67.833  -19.801 0.1000000015
5864  39.981  -66.149  -20.742 0.1000000015
6354  40.577  -65.398  -22.244 0.1000000015
3160  34.119  -70.877  -7.894 0.1000000015
3595  35.084  -70.736  -10.376 0.1000000015
3600  35.901  -70.704  -11.772 0.1000000015
3605  36.061  -70.800  -12.663 0.1000000015
3611  35.648  -71.191  -13.193 0.1000000015
3610  36.191  -70.833  -13.562 0.1000000015
3615  36.812  -70.446  -14.495 0.1000000015
3620  36.259  -70.700  -15.404 0.1000000015
4048  36.546  -70.289  -15.952 0.1000000015
4051  36.627  -69.652  -16.760 0.1000000015
4938  37.315  -68.365  -18.184 0.1000000015
4937  37.623  -67.795  -18.744 0.1000000015
4940  37.413  -68.485  -19.190 0.1000000015
6347  40.591  -65.579  -21.157 0.1000000015
3594  35.736  -70.441  -10.865 0.1000000015
3578  34.496  -70.424  -6.506 0.1000000015
3581  34.584  -70.334  -7.538 0.1000000015
3585  34.549  -70.398  -8.427 0.1000000015
3590  34.815  -70.426  -9.336 0.1000000015
3589  35.600  -69.935  -9.811 0.1000000015
3599  36.431  -70.324  -12.130 0.1000000015
3604  36.621  -70.357  -12.999 0.1000000015
4039  37.298  -70.096  -14.445 0.1000000015
3584  35.281  -69.809  -8.404 0.1000000015
3609  36.800  -70.447  -13.892 0.1000000015
4040  36.798  -70.395  -15.089 0.1000000015
4496  37.294  -69.183  -16.478 0.1000000015
4935  37.393  -68.362  -17.608 0.1000000015
4500  37.063  -68.791  -17.398 0.1000000015
5397  38.163  -67.243  -18.362 0.1000000015
5861  39.088  -66.467  -19.548 0.1000000015
5399  37.967  -67.157  -19.375 0.1000000015
6828  41.679  -64.365  -22.149 0.1000000015
6346  41.150  -64.928  -21.604 0.1000000015
3588  36.208  -69.965  -10.552 0.1000000015
3593  36.349  -70.262  -11.293 0.1000000015
3580  35.091  -69.773  -7.033 0.1000000015
4013  36.089  -69.642  -9.010 0.1000000015
4033  37.311  -69.830  -13.342 0.1000000015
4038  37.654  -69.585  -13.915 0.1000000015
4046  37.665  -69.496  -14.723 0.1000000015
4047  37.324  -69.739  -15.638 0.1000000015
4491  37.983  -68.934  -15.378 0.1000000015
4492  37.644  -69.147  -16.036 0.1000000015
4934  37.800  -67.972  -17.616 0.1000000015
4932  38.304  -67.841  -16.802 0.1000000015
5860  39.743  -65.999  -19.663 0.1000000015
5856  40.008  -65.797  -18.515 0.1000000015
5857  39.268  -66.319  -18.777 0.1000000015
5398  38.583  -66.703  -19.009 0.1000000015
5394  38.462  -67.306  -17.429 0.1000000015
6340  40.431  -65.390  -19.409 0.1000000015
6343  40.355  -65.607  -20.258 0.1000000015
3995  36.018  -68.610  -5.310 0.1000000015
3996  35.220  -69.209  -4.992 0.1000000015
3577  34.740  -69.749  -5.867 0.1000000015
4004  35.828  -69.325  -7.473 0.1000000015
4008  36.040  -69.335  -8.349 0.1000000015
4017  36.836  -69.851  -10.862 0.1000000015
4000  35.614  -69.007  -6.295 0.1000000015
4012  36.495  -69.409  -9.843 0.1000000015
4022  36.798  -70.007  -11.653 0.1000000015
4470  37.224  -69.434  -11.624 0.1000000015
4482  37.439  -69.484  -13.095 0.1000000015
4481  37.695  -69.183  -13.269 0.1000000015
4486  38.041  -69.058  -14.243 0.1000000015
4930  38.512  -67.896  -15.756 0.1000000015
5396  38.849  -66.801  -18.106 0.1000000015
6342  41.070  -64.951  -20.298 0.1000000015
6821  41.690  -64.316  -21.106 0.1000000015
4464  37.413  -68.869  -9.282 0.1000000015
4466  37.964  -68.635  -10.129 0.1000000015
3999  36.131  -68.648  -6.030 0.1000000015
4455  36.388  -68.971  -6.848 0.1000000015
4454  36.952  -68.479  -7.157 0.1000000015
4467  37.178  -69.075  -10.488 0.1000000015
4469  37.718  -68.715  -11.145 0.1000000015
4007  36.633  -69.187  -8.757 0.1000000015
4914  38.125  -68.321  -12.762 0.1000000015
4920  38.162  -68.466  -13.666 0.1000000015
4475  37.739  -68.919  -12.193 0.1000000015
4926  38.343  -68.221  -14.559 0.1000000015
5387  38.862  -67.199  -15.861 0.1000000015
5391  38.717  -67.269  -16.545 0.1000000015
5849  39.684  -66.419  -17.034 0.1000000015
5852  40.141  -65.986  -17.463 0.1000000015
5853  39.494  -66.344  -17.845 0.1000000015
6337  40.584  -65.275  -18.610 0.1000000015
4453  37.541  -67.964  -7.485 0.1000000015
4449  36.759  -68.520  -6.041 0.1000000015
4458  37.810  -68.207  -8.488 0.1000000015
4444  36.844  -68.481  -4.728 0.1000000015
4459  37.035  -68.489  -8.237 0.1000000015
4907  38.310  -68.210  -10.743 0.1000000015
4910  38.208  -68.278  -11.712 0.1000000015
4919  38.462  -67.453  -13.517 0.1000000015
4925  38.679  -67.387  -14.804 0.1000000015
4929  38.776  -67.330  -15.431 0.1000000015
6333  40.572  -65.449  -17.869 0.1000000015
6812  41.400  -64.387  -18.533 0.1000000015
6815  41.433  -64.329  -19.505 0.1000000015
4448  37.688  -68.335  -6.446 0.1000000015
4463  38.352  -68.375  -9.219 0.1000000015
4909  38.608  -67.692  -11.208 0.1000000015
4913  38.526  -67.606  -12.206 0.1000000015
5383  38.996  -66.611  -14.261 0.1000000015
5389  39.775  -66.509  -15.621 0.1000000015
5386  39.137  -66.869  -15.303 0.1000000015
5848  40.279  -66.113  -16.370 0.1000000015
5390  39.361  -66.746  -16.277 0.1000000015
6329  40.698  -65.642  -17.112 0.1000000015
6332  41.115  -65.168  -17.384 0.1000000015
6336  41.007  -64.946  -18.178 0.1000000015
6811  41.856  -63.818  -18.943 0.1000000015
7273  42.835  -62.783  -19.997 0.1000000015
4447  38.311  -67.951  -6.844 0.1000000015
4452  38.258  -67.763  -7.880 0.1000000015
4462  38.761  -68.130  -8.868 0.1000000015
4906  38.872  -67.829  -10.372 0.1000000015
5357  38.995  -67.292  -10.766 0.1000000015
4903  38.569  -68.232  -9.962 0.1000000015
5362  38.959  -67.042  -11.530 0.1000000015
5377  38.918  -66.576  -13.348 0.1000000015
5385  39.702  -66.456  -14.848 0.1000000015
6328  41.233  -65.314  -16.430 0.1000000015
6809  41.456  -64.575  -17.608 0.1000000015
6808  41.904  -63.963  -17.910 0.1000000015
7270  42.747  -62.767  -19.010 0.1000000015
7734  43.803  -61.795  -19.924 0.1000000015
4893  38.863  -67.712  -7.354 0.1000000015
4897  38.882  -67.826  -8.363 0.1000000015
4902  39.098  -67.827  -9.348 0.1000000015
5352  39.213  -67.326  -10.142 0.1000000015
5370  38.866  -66.809  -12.524 0.1000000015
5382  39.695  -66.302  -14.152 0.1000000015
5843  40.866  -65.864  -14.885 0.1000000015
5844  40.306  -66.185  -15.311 0.1000000015
7722  43.845  -62.182  -16.674 0.1000000015
7259  43.495  -62.710  -16.508 0.1000000015
7723  43.458  -62.684  -16.792 0.1000000015
6804  42.459  -63.666  -16.483 0.1000000015
6805  41.967  -64.237  -16.662 0.1000000015
5847  40.826  -65.807  -15.675 0.1000000015
7727  43.388  -62.585  -17.348 0.1000000015
7260  43.027  -63.206  -16.635 0.1000000015
8174  44.213  -61.157  -17.284 0.1000000015
7726  43.829  -61.950  -17.854 0.1000000015
7264  42.875  -62.987  -17.747 0.1000000015
7265  42.388  -63.505  -17.339 0.1000000015
6806  41.473  -64.847  -17.028 0.1000000015
8173  44.516  -60.694  -17.168 0.1000000015
8639  44.495  -60.676  -17.454 0.1000000015
7731  43.233  -62.461  -18.391 0.1000000015
7268  42.369  -63.273  -18.390 0.1000000015
8646  44.493  -60.582  -19.022 0.1000000015
7730  43.710  -61.798  -18.929 0.1000000015
8178  44.153  -61.214  -19.500 0.1000000015
5343  39.863  -66.975  -7.475 0.1000000015
4892  39.293  -67.387  -7.867 0.1000000015
5347  39.597  -66.902  -8.517 0.1000000015
4901  39.291  -67.261  -9.008 0.1000000015
4896  39.216  -67.460  -8.622 0.1000000015
5351  39.515  -66.908  -9.555 0.1000000015
5356  39.564  -66.665  -10.714 0.1000000015
5361  39.613  -66.513  -11.901 0.1000000015
5369  39.536  -66.378  -12.890 0.1000000015
5835  40.185  -66.222  -13.537 0.1000000015
5841  40.288  -66.188  -14.458 0.1000000015
6323  41.838  -64.972  -14.918 0.1000000015
7255  43.569  -62.713  -15.932 0.1000000015
6801  42.537  -63.743  -15.912 0.1000000015
6327  41.722  -64.867  -15.761 0.1000000015
8638  44.872  -60.284  -17.369 0.1000000015
5350  40.060  -66.065  -9.153 0.1000000015
5355  40.053  -66.388  -10.045 0.1000000015
5812  40.193  -66.254  -10.577 0.1000000015
5819  40.441  -66.175  -11.315 0.1000000015
5840  40.900  -65.925  -14.019 0.1000000015
6320  41.368  -65.439  -14.467 0.1000000015
7256  43.103  -63.285  -15.430 0.1000000015
6802  42.165  -64.360  -15.427 0.1000000015
8166  44.541  -61.543  -15.617 0.1000000015
7720  44.224  -62.075  -15.485 0.1000000015
8170  44.367  -61.441  -16.173 0.1000000015
5346  40.105  -66.263  -7.996 0.1000000015
5811  40.744  -65.865  -10.234 0.1000000015
5827  40.368  -66.239  -12.481 0.1000000015
5826  41.249  -65.847  -12.110 0.1000000015
5834  41.025  -65.994  -13.115 0.1000000015
6319  41.926  -65.078  -14.026 0.1000000015
6316  41.437  -65.493  -13.610 0.1000000015
6798  42.266  -64.478  -14.428 0.1000000015
6797  42.648  -63.867  -14.891 0.1000000015
8635  45.212  -60.207  -16.257 0.1000000015
9148  45.393  -59.661  -16.983 0.1000000015
5806  41.513  -65.361  -9.721 0.1000000015
5810  41.577  -65.454  -10.619 0.1000000015
5818  41.233  -65.734  -11.165 0.1000000015
7251  43.603  -62.739  -14.872 0.1000000015
9145  45.486  -59.739  -16.434 0.1000000015
5817  41.639  -65.473  -11.140 0.1000000015
5825  41.647  -65.480  -11.575 0.1000000015
6310  42.039  -65.153  -12.256 0.1000000015
6311  41.537  -65.515  -12.857 0.1000000015
6315  41.960  -65.140  -13.190 0.1000000015
6793  42.325  -64.618  -13.486 0.1000000015
8631  45.757  -60.073  -15.561 0.1000000015
8165  45.014  -61.090  -15.497 0.1000000015
8634  45.554  -59.817  -16.141 0.1000000015
6306  42.086  -65.241  -11.198 0.1000000015
6788  42.803  -64.242  -12.574 0.1000000015
6309  42.490  -64.738  -11.643 0.1000000015
7243  43.222  -63.682  -12.731 0.1000000015
7247  43.223  -63.599  -13.315 0.1000000015
6789  42.288  -64.790  -12.876 0.1000000015
8164  45.506  -60.631  -15.327 0.1000000015
7719  44.613  -61.614  -15.354 0.1000000015
7252  43.171  -63.413  -14.352 0.1000000015
9144  45.889  -59.351  -16.388 0.1000000015
7716  44.699  -61.772  -14.849 0.1000000015
7714  44.351  -62.599  -13.288 0.1000000015
7246  43.761  -63.042  -13.809 0.1000000015
7713  44.828  -61.970  -13.902 0.1000000015
7717  44.219  -62.335  -14.352 0.1000000015
5407  38.875  -67.060  -21.849 0.1000000015
4502  37.062  -69.033  -18.574 0.1000000015
3616  36.317  -70.783  -14.549 0.1000000015
3606  35.456  -71.224  -12.364 0.1000000015
4499  37.512  -68.421  -17.296 0.1000000015
4495  37.819  -68.575  -16.614 0.1000000015
4027  36.964  -69.913  -12.398 0.1000000015
4032  37.548  -69.540  -13.512 0.1000000015
4003  36.412  -68.870  -7.846 0.1000000015
4476  37.370  -69.451  -12.658 0.1000000015
5393  39.095  -66.821  -17.205 0.1000000015
6339  41.000  -64.893  -19.089 0.1000000015
6818  41.583  -64.252  -20.276 0.1000000015
4457  38.435  -68.079  -8.572 0.1000000015
7271  42.312  -63.282  -19.453 0.1000000015
5376  39.424  -66.326  -13.633 0.1000000015
7735  43.268  -62.277  -19.466 0.1000000015
7261  42.429  -63.619  -16.768 0.1000000015
6324  41.317  -65.386  -15.357 0.1000000015
8169  44.617  -60.753  -16.593 0.1000000015
7267  42.802  -62.866  -18.383 0.1000000015
8176  44.123  -61.210  -18.435 0.1000000015
8632  45.351  -60.486  -15.642 0.1000000015
6792  42.755  -64.045  -13.841 0.1000000015
10105  46.701  -56.911  -21.604 0.3000000119
10563  46.886  -56.206  -21.262 0.3000000119
8674  43.123  -60.478  -27.665 0.1000000015
9193  43.647  -59.721  -27.153 0.1000000015
9192  43.871  -58.959  -26.643 0.2000000030
9679  44.649  -57.794  -25.663 0.3000000119
10581  46.460  -55.805  -24.042 0.4000000060
10117  45.554  -56.829  -25.669 0.3000000119
11100  46.735  -55.128  -23.921 0.4000000060
8675  42.751  -60.945  -27.861 0.1000000015
9680  44.149  -58.099  -26.201 0.3000000119
11640  47.231  -54.271  -23.727 0.4000000060
12187  47.438  -53.223  -23.562 0.4000000060
8683  43.095  -60.152  -28.271 0.1000000015
9684  43.775  -58.107  -27.026 0.2000000030
10122  44.991  -57.151  -26.436 0.3000000119
10589  46.051  -56.381  -25.272 0.3000000119
13219  48.756  -51.318  -21.716 0.4000000060
13218  49.104  -50.874  -21.218 0.4000000060
11109  46.286  -55.932  -25.052 0.4000000060
11108  46.519  -55.385  -24.835 0.4000000060
12176  47.635  -52.902  -22.747 0.5000000000
9205  43.419  -59.397  -28.203 0.2000000030
9204  43.712  -58.874  -27.414 0.2000000030
10123  44.215  -57.608  -26.729 0.2000000030
10596  45.991  -56.346  -26.033 0.3000000119
11118  46.341  -55.638  -25.640 0.3000000119
8697  43.080  -60.011  -28.788 0.1000000015
11649  47.030  -54.479  -24.747 0.4000000060
10121  45.563  -56.718  -26.164 0.3000000119
11117  46.531  -55.179  -25.422 0.4000000060
12196  47.266  -53.427  -24.625 0.4000000060
12703  48.007  -52.122  -22.758 0.5000000000
13230  48.568  -51.209  -22.489 0.5000000000
12704  47.769  -52.439  -22.973 0.5000000000
13229  48.932  -50.805  -22.012 0.4000000060
10128  44.210  -57.337  -27.311 0.2000000030
10597  45.678  -56.568  -26.480 0.3000000119
10605  45.674  -56.385  -27.123 0.4000000060
12714  47.688  -52.279  -23.418 0.5000000000
13776  49.003  -50.517  -22.559 0.5000000000
13775  49.352  -50.151  -22.110 0.4000000060
13764  49.637  -50.018  -21.407 0.4000000060
10604  46.020  -56.182  -26.590 0.4000000060
11657  46.711  -54.701  -25.434 0.4000000060
12713  47.910  -51.852  -23.319 0.5000000000
9692  43.779  -58.117  -27.990 0.2000000030
9693  43.608  -58.536  -28.812 0.2000000030
14330  49.902  -49.245  -21.397 0.4000000060
10127  44.872  -56.704  -27.492 0.2000000030
11658  46.528  -55.003  -25.779 0.3000000119
13763  49.908  -49.801  -20.906 0.4000000060
11670  46.369  -55.035  -26.376 0.3000000119
12721  47.414  -52.370  -24.383 0.5000000000
13790  48.726  -50.317  -23.260 0.5000000000
14903  51.221  -48.060  -19.959 0.4000000060
9219  43.326  -59.249  -29.495 0.2000000030
12205  46.924  -53.689  -25.780 0.4000000060
13789  49.200  -49.935  -22.820 0.5000000000
14331  49.656  -49.505  -21.937 0.4000000060
9703  43.815  -57.743  -28.818 0.2000000030
10139  44.783  -56.412  -27.969 0.2000000030
10616  45.264  -56.121  -27.825 0.2000000030
13245  47.710  -51.609  -24.090 0.5000000000
13237  48.136  -51.254  -23.526 0.5000000000
9220  42.841  -59.711  -30.192 0.2000000030
11137  46.140  -55.655  -26.912 0.4000000060
12206  46.606  -54.461  -26.015 0.3000000119
13238  47.839  -51.743  -23.581 0.5000000000
9231  43.126  -59.104  -30.431 0.2000000030
16777  51.618  -45.786  -19.809 0.4000000060
16761  51.951  -45.451  -19.295 0.2000000030
15491  50.703  -47.040  -20.505 0.4000000060
14914  50.130  -48.770  -21.155 0.4000000060
11138  45.777  -55.554  -27.597 0.4000000060
14342  49.400  -49.107  -22.627 0.4000000060
14924  50.003  -48.478  -21.667 0.4000000060
9704  43.622  -58.105  -29.493 0.2000000030
10140  44.224  -56.880  -28.278 0.2000000030
10617  44.883  -56.131  -28.379 0.2000000030
14923  50.243  -47.751  -21.976 0.4000000060
12728  47.133  -52.473  -25.464 0.3000000119
13805  48.326  -50.251  -24.152 0.5000000000
14341  49.709  -48.887  -22.030 0.4000000060
11683  46.020  -54.775  -27.203 0.4000000060
13244  47.924  -50.850  -24.514 0.5000000000
15501  50.622  -47.056  -21.572 0.4000000060
14357  48.940  -49.363  -23.243 0.5000000000
14358  48.490  -49.489  -23.794 0.5000000000
13253  47.845  -50.663  -25.070 0.5000000000
13254  47.550  -51.267  -25.199 0.5000000000
14913  50.445  -48.149  -20.937 0.4000000060
9669  45.930  -57.809  -22.945 0.3000000119
10106  46.318  -57.404  -22.368 0.3000000119
9174  44.567  -59.312  -23.060 0.2000000030
9670  45.321  -58.301  -23.225 0.3000000119
9673  44.903  -58.113  -24.193 0.2000000030
10110  45.393  -57.655  -24.078 0.2000000030
9242  41.784  -59.277  -31.495 0.1000000015
12242  44.871  -53.721  -29.608 0.1000000015
9662  45.593  -58.948  -21.759 0.1000000015
9661  46.032  -58.465  -21.591 0.2000000030
9665  45.869  -58.169  -22.501 0.2000000030
8654  44.965  -59.765  -22.050 0.1000000015
9173  45.081  -59.014  -22.570 0.2000000030
9169  44.885  -59.536  -22.382 0.1000000015
8707  42.255  -60.158  -30.408 0.1000000015
10629  44.234  -56.110  -29.735 0.1000000015
11160  44.840  -55.429  -29.406 0.1000000015
11698  45.183  -54.572  -29.205 0.1000000015
10154  43.847  -56.578  -30.039 0.1000000015
12235  45.382  -53.742  -28.642 0.1000000015
11699  44.739  -54.649  -29.756 0.1000000015
12770  45.335  -52.747  -29.168 0.1000000015
13286  46.227  -51.875  -28.267 0.1000000015
12769  45.777  -52.397  -28.635 0.1000000015
13837  46.333  -50.847  -28.669 0.1000000015
9666  45.522  -58.701  -22.272 0.2000000030
12214  46.574  -53.321  -26.381 0.3000000119
10150  43.593  -57.662  -29.957 0.1000000015
10149  43.883  -57.047  -29.479 0.1000000015
10625  44.567  -56.242  -29.041 0.1000000015
11150  45.380  -55.466  -28.312 0.1000000015
12225  45.751  -53.763  -27.715 0.2000000030
12735  46.422  -53.140  -26.655 0.3000000119
13263  47.161  -51.515  -26.359 0.3000000119
13826  47.551  -50.316  -26.271 0.3000000119
11159  45.344  -55.214  -28.945 0.1000000015
12226  45.507  -54.232  -28.202 0.1000000015
12744  46.278  -52.809  -27.193 0.2000000030
12756  45.941  -52.769  -28.046 0.1000000015
13273  46.579  -51.765  -27.365 0.2000000030
13832  47.045  -50.540  -27.181 0.3000000119
13285  46.444  -51.271  -28.071 0.1000000015
13836  46.567  -50.621  -27.943 0.2000000030
14389  47.346  -49.692  -26.983 0.4000000060
13298  45.865  -51.702  -29.189 0.1000000015
14394  46.418  -50.100  -28.390 0.1000000015
14393  47.046  -49.406  -28.160 0.3000000119
9152  45.391  -59.589  -17.999 0.1000000015
9156  45.524  -59.555  -19.028 0.1000000015
14373  48.202  -49.339  -24.611 0.4000000060
13817  47.840  -50.469  -25.496 0.4000000060
13816  48.139  -50.141  -25.066 0.4000000060
14378  47.990  -49.230  -25.537 0.4000000060
14384  47.506  -49.760  -26.555 0.4000000060
14970  47.929  -48.434  -27.091 0.5000000000
14388  47.610  -49.037  -27.435 0.3000000119
14399  46.330  -49.768  -28.998 0.2000000030
14392  47.577  -48.878  -27.976 0.4000000060
13309  45.684  -51.355  -30.029 0.1000000015
13845  46.142  -50.596  -29.652 0.1000000015
13310  44.929  -51.652  -30.504 0.1000000015
14398  46.769  -48.842  -29.326 0.2000000030
13852  45.680  -50.500  -30.732 0.1000000015
14933  49.414  -48.512  -22.867 0.4000000060
14946  49.133  -48.312  -23.390 0.4000000060
14956  48.351  -48.659  -24.044 0.4000000060
14955  48.487  -47.757  -24.294 0.4000000060
14383  47.682  -49.328  -26.467 0.4000000060
15564  47.996  -47.663  -26.777 0.4000000060
14966  47.823  -48.346  -26.140 0.4000000060
14975  47.896  -48.477  -27.860 0.4000000060
14980  47.307  -48.257  -28.965 0.3000000119
14976  47.597  -48.547  -28.365 0.4000000060
15571  47.897  -48.071  -28.339 0.4000000060
14410  46.010  -49.335  -30.985 0.2000000030
14404  46.313  -49.260  -30.032 0.2000000030
12790  42.933  -53.002  -32.061 0.1000000015
14945  49.495  -47.776  -23.140 0.4000000060
14932  49.696  -48.091  -22.588 0.4000000060
15555  47.886  -47.309  -25.101 0.4000000060
14961  48.028  -47.456  -24.693 0.4000000060
15559  48.021  -47.215  -25.844 0.4000000060
16195  48.090  -46.633  -26.949 0.3000000119
15570  48.106  -47.621  -27.732 0.4000000060
14979  47.525  -47.703  -29.475 0.3000000119
15576  47.637  -48.085  -28.647 0.4000000060
14992  46.736  -48.307  -30.718 0.2000000030
14984  46.657  -48.473  -30.123 0.2000000030
14403  46.667  -48.585  -29.842 0.2000000030
13860  45.678  -49.981  -31.382 0.2000000030
12797  42.490  -52.682  -32.350 0.1000000015
12796  43.210  -52.450  -32.307 0.1000000015
15532  50.352  -46.805  -23.147 0.4000000060
15515  50.413  -47.059  -22.591 0.3000000119
16174  49.768  -46.799  -24.162 0.4000000060
16183  49.650  -46.524  -24.725 0.4000000060
15558  48.478  -46.569  -25.628 0.4000000060
15554  48.571  -46.912  -24.951 0.4000000060
16190  48.428  -46.395  -26.131 0.4000000060
16198  48.660  -45.876  -27.398 0.4000000060
16206  48.119  -46.517  -29.858 0.3000000119
16203  47.980  -46.438  -29.063 0.3000000119
16199  48.285  -46.437  -28.105 0.3000000119
14999  46.573  -48.115  -31.516 0.2000000030
15589  47.133  -47.760  -31.334 0.2000000030
15588  47.646  -47.556  -30.712 0.3000000119
15580  47.799  -47.643  -30.116 0.2000000030
15575  47.733  -47.452  -28.757 0.3000000119
14993  46.123  -48.662  -31.377 0.2000000030
14991  47.187  -47.940  -30.472 0.2000000030
16137  51.286  -46.406  -21.259 0.3000000119
16136  51.996  -46.097  -21.837 0.3000000119
16153  51.284  -46.327  -22.297 0.3000000119
16172  50.869  -46.076  -23.958 0.3000000119
16826  50.695  -45.738  -25.269 0.4000000060
16819  50.863  -45.931  -24.520 0.4000000060
16188  50.078  -46.046  -25.365 0.4000000060
16833  49.556  -45.650  -26.550 0.3000000119
16189  49.250  -46.188  -25.782 0.4000000060
16848  49.014  -45.219  -28.767 0.3000000119
16841  49.232  -45.428  -28.082 0.2000000030
16837  49.355  -45.504  -27.201 0.2000000030
16194  48.802  -45.910  -26.636 0.3000000119
16849  48.335  -45.507  -29.201 0.3000000119
16842  48.470  -45.732  -28.623 0.3000000119
16212  47.951  -46.461  -30.955 0.3000000119
16207  48.101  -46.275  -30.278 0.3000000119
16776  52.106  -45.504  -20.394 0.3000000119
16121  51.350  -46.184  -20.312 0.3000000119
16831  51.089  -45.269  -25.696 0.3000000119
17531  50.687  -43.987  -27.469 0.2000000030
17518  50.643  -44.928  -26.774 0.2000000030
17517  51.112  -44.684  -26.259 0.2000000030
18184  50.318  -43.622  -28.513 0.2000000030
17532  50.169  -44.416  -28.064 0.2000000030
16840  49.885  -45.081  -27.553 0.2000000030
17524  50.450  -44.686  -27.332 0.2000000030
13321  44.736  -51.385  -31.263 0.1000000015
13853  45.165  -51.071  -31.140 0.1000000015
16859  47.342  -45.667  -30.795 0.3000000119
10114  45.143  -57.625  -24.660 0.2000000030
12215  46.341  -53.867  -26.648 0.3000000119
14931  50.070  -47.575  -22.450 0.3000000119
11151  45.053  -55.723  -28.842 0.1000000015
11692  45.455  -54.667  -28.562 0.1000000015
12757  45.587  -52.973  -28.531 0.1000000015
13274  46.280  -52.305  -27.726 0.1000000015
11684  45.622  -54.749  -27.923 0.2000000030
12734  46.667  -52.624  -26.508 0.3000000119
12743  46.531  -52.401  -27.030 0.3000000119
13825  48.007  -49.932  -25.837 0.4000000060
14962  47.831  -48.183  -24.982 0.4000000060
15534  49.404  -47.587  -23.413 0.4000000060
15533  49.901  -47.204  -23.287 0.4000000060
15579  47.915  -47.265  -29.654 0.3000000119
14983  47.122  -47.995  -29.959 0.2000000030
16164  50.795  -46.314  -23.288 0.4000000060
16173  50.263  -46.513  -24.013 0.4000000060
15595  47.526  -47.159  -31.450 0.2000000030
16801  51.737  -45.945  -22.551 0.4000000060
16832  50.335  -45.498  -26.115 0.4000000060
16836  50.086  -45.297  -26.973 0.2000000030
17545  49.287  -44.556  -29.090 0.2000000030
17544  49.979  -44.272  -28.767 0.2000000030
17533  49.604  -44.818  -28.622 0.2000000030
16810  51.545  -45.799  -22.977 0.3000000119
16152  51.843  -46.023  -22.336 0.2000000030
16809  51.912  -45.343  -23.292 0.3000000119
16120  51.945  -45.981  -21.041 0.2000000030
16790  52.528  -45.328  -21.484 0.2000000030
9674  44.387  -58.581  -24.521 0.1000000015
9183  44.021  -59.144  -24.903 0.1000000015
9677  44.298  -58.425  -25.336 0.1000000015
9676  44.723  -57.965  -24.951 0.1000000015
9187  43.997  -59.052  -25.765 0.1000000015
17482  52.336  -44.974  -18.668 0.1000000015
17481  52.484  -44.576  -19.338 0.1000000015
18126  53.014  -43.683  -19.321 0.1000000015
17493  52.728  -44.250  -20.205 0.1000000015
16775  52.817  -44.947  -20.713 0.1000000015
16789  52.866  -44.816  -21.245 0.1000000015
16800  52.140  -45.535  -22.543 0.2000000030
17498  52.787  -44.609  -21.622 0.1000000015
17502  52.810  -44.034  -21.888 0.2000000030
16818  51.488  -45.508  -23.969 0.2000000030
17503  52.576  -44.570  -22.370 0.2000000030
17505  52.314  -44.782  -23.262 0.2000000030
18138  52.851  -43.487  -22.794 0.2000000030
18139  52.518  -44.183  -23.012 0.2000000030
16817  52.044  -45.117  -23.700 0.2000000030
17509  51.767  -44.936  -24.758 0.2000000030
16825  51.317  -45.401  -24.993 0.2000000030
18151  51.350  -44.137  -25.933 0.1000000015
18766  53.529  -42.360  -22.317 0.2000000030
17508  52.182  -44.646  -24.182 0.2000000030
17513  51.497  -44.611  -25.483 0.1000000015
18150  51.711  -43.535  -25.642 0.1000000015
16760  52.475  -44.966  -19.998 0.1000000015
17467  52.677  -44.354  -18.433 0.1000000015
18131  53.105  -43.270  -20.543 0.1000000015
18143  52.528  -43.971  -23.659 0.2000000030
16855  47.756  -45.643  -30.076 0.2000000030
16854  48.007  -45.906  -29.769 0.2000000030
17557  47.242  -44.787  -29.886 0.2000000030
17546  48.525  -44.576  -29.335 0.2000000030
17547  47.868  -44.711  -29.477 0.2000000030
16850  48.035  -45.307  -29.498 0.2000000030
18196  48.304  -43.656  -29.396 0.2000000030
18825  48.143  -42.892  -29.264 0.1000000015
18195  49.214  -43.629  -29.297 0.1000000015
19502  48.392  -41.589  -28.766 0.1000000015
19508  47.986  -40.965  -28.990 0.1000000015
18135  53.109  -43.334  -21.634 0.1000000015
18194  49.916  -43.687  -28.992 0.1000000015
19493  49.619  -42.101  -28.982 0.1000000015
18833  48.611  -41.951  -28.771 0.1000000015
18824  48.865  -42.566  -29.104 0.1000000015
19522  48.335  -40.499  -30.447 0.1000000015
18761  53.828  -41.898  -21.538 0.1000000015
18765  53.900  -41.746  -22.097 0.1000000015
18823  49.963  -42.747  -28.886 0.1000000015
19501  49.300  -41.400  -29.327 0.1000000015
19507  48.661  -40.737  -30.016 0.1000000015
20113  49.532  -40.666  -30.550 0.1000000015
18812  50.602  -42.828  -28.427 0.1000000015
18183  50.742  -43.259  -27.872 0.1000000015
19491  51.221  -41.608  -29.298 0.1000000015
18822  50.927  -42.173  -28.792 0.1000000015
18813  50.227  -43.219  -28.730 0.1000000015
19492  50.293  -41.887  -29.172 0.1000000015
20105  50.959  -40.617  -30.349 0.1000000015
19500  50.596  -41.291  -29.749 0.1000000015
20112  50.382  -40.222  -31.059 0.1000000015
20106  50.175  -40.888  -30.243 0.1000000015
19442  53.980  -41.634  -22.537 0.1000000015
19446  53.723  -41.642  -23.226 0.1000000015
20110  51.944  -39.756  -30.510 0.1000000015
19499  51.457  -40.953  -29.749 0.1000000015
20111  51.352  -39.985  -30.946 0.1000000015
18182  51.269  -42.709  -27.502 0.1000000015
18197  47.626  -44.010  -29.475 0.1000000015
18202  47.739  -43.260  -29.331 0.1000000015
20124  49.738  -40.302  -31.438 0.1000000015
18811  51.798  -42.377  -28.344 0.1000000015
15011  42.125  -48.525  -33.586 0.1000000015
15606  42.718  -47.509  -33.487 0.1000000015
14426  41.572  -49.533  -33.615 0.1000000015
14427  40.511  -49.783  -33.729 0.1000000015
13880  40.144  -50.544  -33.227 0.1000000015
13881  39.125  -50.824  -33.319 0.1000000015
15010  43.173  -48.426  -33.550 0.1000000015
16226  43.294  -46.518  -33.295 0.1000000015
15009  44.150  -48.362  -33.389 0.1000000015
14424  43.631  -49.332  -33.546 0.1000000015
14425  42.624  -49.419  -33.574 0.1000000015
15604  44.557  -47.376  -32.969 0.1000000015
16878  43.878  -45.511  -33.076 0.1000000015
16879  42.909  -45.627  -33.349 0.1000000015
13887  38.860  -50.167  -33.896 0.1000000015
4450  36.228  -68.760  -6.348 0.1000000015
10172  42.773  -57.058  -32.101 0.1000000015
11127  46.227  -55.792  -26.322 0.3000000119
12102  51.009  -52.698  -8.227 0.1000000015
12234  45.663  -53.304  -28.234 0.1000000015
14947  48.661  -48.950  -23.563 0.4000000060
14982  47.641  -47.682  -29.836 0.2000000030
15007  45.307  -48.610  -32.602 0.2000000030
15516  50.003  -47.468  -22.716 0.3000000119
15545  49.825  -46.945  -23.878 0.4000000060
15546  49.276  -47.175  -23.956 0.4000000060
15587  48.131  -47.243  -30.222 0.2000000030
16112  51.378  -46.246  -19.558 0.5000000000
16165  50.316  -46.690  -23.431 0.4000000060
16182  50.325  -46.155  -24.793 0.4000000060
16211  48.203  -46.844  -30.511 0.3000000119
17497  52.941  -44.206  -21.120 0.1000000015
19441  54.532  -41.438  -22.129 0.1000000015
19523  47.959  -40.614  -29.900 0.1000000015
