#!ascii label  , from subject TEMPLATE vox2ras=TkReg
479
38603  22.459  -8.394  -16.640 0.1428571492
37826  21.960  -9.300  -16.234 0.1428571492
39487  21.451  -7.172  -17.401 0.1428571492
37825  23.082  -8.985  -16.211 0.1428571492
39471  22.880  -7.639  -16.948 0.2857142985
38614  21.431  -7.729  -17.040 0.1428571492
40361  22.274  -6.025  -18.183 0.5714285970
39485  23.137  -6.937  -17.171 0.1428571492
40340  24.286  -6.166  -17.088 0.2857142985
40341  23.825  -6.376  -17.169 0.2857142985
41141  25.247  -5.994  -16.874 0.1428571492
41158  24.504  -5.630  -17.303 0.2857142985
42776  25.422  -3.269  -18.475 0.2857142985
42755  24.914  -3.917  -18.074 0.1428571492
43557  25.788  -1.629  -19.222 0.2857142985
42775  26.360  -3.024  -18.101 0.2857142985
45111  26.331  -0.564  -19.637 0.2857142985
44337  25.585  -1.205  -19.794 0.2857142985
45860  26.786  0.649  -20.210 0.2857142985
48065  27.479  3.185  -21.002 0.8571428657
47327  27.391  2.455  -20.702 0.4285714328
45850  27.140  0.393  -19.719 0.2857142985
48812  27.904  4.527  -21.289 0.7142857313
48801  28.079  4.045  -20.833 0.7142857313
48071  27.733  3.748  -21.031 0.7142857313
47335  27.034  2.766  -21.206 0.7142857313
50334  28.873  6.418  -21.464 0.8571428657
49588  28.431  5.504  -21.361 0.5714285970
49589  27.805  5.382  -22.038 0.8571428657
48072  27.144  3.511  -21.523 0.7142857313
51833  29.670  7.990  -21.562 0.4285714328
51078  28.798  6.972  -21.864 0.7142857313
50335  28.338  6.051  -21.875 0.8571428657
52660  29.854  9.957  -21.927 0.2857142985
52668  29.196  9.676  -22.862 0.5714285970
51089  29.121  7.700  -22.164 0.8571428657
51845  29.327  8.399  -22.344 0.7142857313
51090  28.684  7.312  -22.425 0.8571428657
53467  29.929  11.047  -22.009 0.1428571492
51854  28.891  8.980  -23.180 0.5714285970
55021  29.887  12.653  -22.393 0.1428571492
54232  29.992  11.729  -22.237 0.1428571492
54233  29.725  11.102  -22.425 0.1428571492
53476  29.355  10.657  -22.496 0.4285714328
56468  29.889  14.476  -23.257 0.1428571492
55761  30.073  13.572  -22.652 0.1428571492
55762  29.096  13.880  -23.077 0.1428571492
54244  29.417  12.238  -22.457 0.1428571492
55023  28.369  12.471  -23.300 0.4285714328
53477  28.848  10.564  -23.410 0.5714285970
52669  28.616  9.527  -23.668 0.8571428657
56476  29.077  14.706  -23.502 0.1428571492
55032  28.375  13.324  -23.227 0.5714285970
53483  28.125  10.324  -24.235 0.8571428657
57163  29.831  15.159  -23.797 0.1428571492
57172  29.103  15.480  -23.981 0.2857142985
56477  28.117  14.889  -23.825 0.8571428657
54245  29.022  11.542  -22.919 0.7142857313
55024  28.009  12.445  -23.946 0.8571428657
57865  28.126  17.126  -24.218 0.1428571492
58573  28.578  18.036  -23.446 0.1428571492
56478  27.344  14.783  -24.423 0.8571428657
55034  27.361  12.895  -24.322 0.8571428657
57875  28.566  16.212  -24.065 0.4285714328
55772  26.884  13.900  -24.521 0.8571428657
59291  27.755  18.746  -23.302 0.2857142985
57876  27.609  16.581  -24.528 0.8571428657
57174  27.081  15.582  -25.095 0.8571428657
56485  26.781  14.669  -25.040 0.8571428657
59292  27.143  18.752  -24.060 0.7142857313
58574  27.559  17.811  -24.058 0.5714285970
57877  26.839  16.436  -25.130 0.8571428657
58583  26.300  16.732  -25.062 0.8571428657
57183  26.643  15.122  -25.420 0.8571428657
59297  26.733  18.223  -24.372 0.8571428657
58582  26.733  17.273  -24.631 0.8571428657
59302  25.635  17.901  -24.908 0.7142857313
59309  25.491  17.218  -25.101 0.7142857313
60031  26.072  19.287  -24.587 0.8571428657
90431  26.203  17.984  -24.622 0.8571428657
90432  25.275  19.873  -24.953 0.8571428657
59303  25.197  18.197  -25.305 0.7142857313
61620  26.245  20.873  -23.915 0.7142857313
62371  25.971  21.500  -24.052 0.8571428657
62379  25.125  21.049  -24.746 0.8571428657
63104  26.002  23.040  -24.200 0.7142857313
63821  28.059  23.970  -23.513 0.1428571492
62378  25.993  22.051  -24.049 0.8571428657
64545  28.320  25.660  -24.432 0.1428571492
63830  26.500  24.380  -24.283 0.5714285970
64547  26.112  25.235  -24.681 0.5714285970
64546  27.123  25.435  -24.445 0.1428571492
65256  28.804  26.446  -25.244 0.1428571492
65250  25.583  25.947  -24.890 0.5714285970
65859  28.258  27.262  -25.198 0.1428571492
66436  28.511  27.931  -25.897 0.1428571492
65249  26.591  26.419  -24.735 0.1428571492
66437  28.001  28.106  -24.996 0.1428571492
66425  27.375  27.647  -24.699 0.1428571492
67021  28.538  28.831  -25.841 0.1428571492
66438  26.928  28.262  -24.668 0.1428571492
40326  24.083  -6.709  -16.878 0.2857142985
42754  25.793  -3.879  -17.866 0.2857142985
41950  25.156  -4.650  -17.608 0.1428571492
45118  25.964  -0.292  -20.278 0.2857142985
46597  26.689  1.468  -20.777 0.5714285970
51103  28.340  7.513  -23.227 0.8571428657
55770  28.115  14.089  -23.133 0.8571428657
55033  27.994  12.831  -23.740 0.8571428657
54247  27.732  12.199  -24.249 0.8571428657
55042  26.821  13.252  -24.902 0.8571428657
60030  27.248  19.535  -23.555 0.8571428657
62370  26.601  21.978  -23.576 0.8571428657
63103  26.756  23.819  -23.921 0.7142857313
65257  28.189  26.701  -24.857 0.1428571492
66450  28.827  28.507  -26.731 0.1428571492
37071  21.280  -9.677  -16.310 0.1428571492
40342  22.799  -6.321  -17.694 0.4285714328
41951  24.052  -4.583  -18.169 0.1428571492
43550  25.928  -2.170  -18.695 0.2857142985
43558  25.265  -2.057  -19.467 0.2857142985
43551  25.024  -2.868  -19.185 0.2857142985
47328  26.746  2.189  -21.121 0.7142857313
55745  30.333  12.893  -22.329 0.1428571492
57874  29.322  16.094  -23.814 0.1428571492
57864  29.082  16.989  -23.689 0.1428571492
54246  28.201  11.570  -23.966 0.8571428657
53493  27.549  10.426  -24.590 1.0000000000
58591  25.681  16.568  -25.936 0.8571428657
61619  27.140  21.194  -23.218 0.5714285970
63092  26.414  22.595  -23.811 0.7142857313
63091  27.140  23.221  -23.565 0.2857142985
63829  27.512  24.480  -23.939 0.1428571492
65258  26.327  27.066  -24.848 0.2857142985
65247  28.268  26.329  -24.719 0.1428571492
66424  27.787  27.418  -24.812 0.1428571492
65860  26.776  27.348  -24.711 0.1428571492
67022  27.779  29.149  -24.994 0.1428571492
60831  27.526  20.415  -22.946 0.4285714328
62369  27.716  22.266  -23.167 0.4285714328
39472  21.986  -7.750  -17.066 0.1428571492
38604  21.432  -8.344  -16.750 0.1428571492
37827  20.967  -9.161  -16.517 0.1428571492
39486  22.354  -7.091  -17.411 0.4285714328
39470  23.913  -7.275  -16.725 0.1428571492
41159  23.447  -5.533  -17.864 0.1428571492
48813  27.045  4.395  -22.337 0.7142857313
51077  29.223  7.426  -21.680 0.8571428657
50350  28.530  6.624  -22.015 0.8571428657
55022  29.140  13.140  -23.024 0.2857142985
55771  27.540  13.966  -24.183 0.8571428657
57173  27.998  15.572  -24.372 0.8571428657
57175  26.675  15.974  -25.457 0.8571428657
60832  26.845  20.262  -23.643 0.8571428657
65858  28.776  27.234  -25.813 0.1428571492
65850  27.861  26.975  -24.783 0.1428571492
65248  27.669  26.378  -24.626 0.1428571492
65851  27.340  27.038  -24.699 0.1428571492
41949  26.187  -4.668  -17.459 0.1428571492
41160  22.752  -5.725  -18.168 0.4285714328
65861  26.151  27.617  -24.878 0.1428571492
43559  24.297  -2.598  -19.931 0.5714285970
43566  23.326  -2.512  -20.614 0.5714285970
43567  22.349  -2.351  -20.792 0.2857142985
44344  24.678  -1.335  -20.561 0.5714285970
44345  23.768  -1.671  -20.985 0.5714285970
42787  22.696  -3.694  -20.118 0.4285714328
43565  24.019  -2.051  -20.546 0.5714285970
44346  22.908  -1.790  -21.219 0.4285714328
45125  25.501  -0.061  -20.815 0.4285714328
45126  24.820  -0.457  -21.180 0.5714285970
45127  24.061  -0.433  -21.897 0.5714285970
45128  23.077  -0.527  -22.087 0.4285714328
45868  25.462  0.493  -21.263 0.5714285970
46606  25.586  1.414  -21.739 0.7142857313
46607  24.927  1.159  -22.206 0.4285714328
46605  26.284  1.733  -21.299 0.4285714328
44355  23.462  -1.160  -21.581 0.4285714328
44347  21.932  -1.424  -21.047 0.2857142985
45141  23.633  0.010  -22.284 0.4285714328
46598  26.056  1.102  -21.211 0.7142857313
47349  26.037  2.713  -22.372 0.7142857313
48087  25.239  3.127  -23.174 0.4285714328
48834  26.385  4.329  -23.108 0.7142857313
48845  25.679  4.389  -23.619 0.5714285970
49618  25.519  4.877  -24.016 0.2857142985
47336  26.394  2.474  -21.713 0.5714285970
48073  26.525  3.376  -22.238 0.5714285970
48086  25.998  3.333  -22.838 0.7142857313
49606  26.737  4.946  -23.214 0.7142857313
49628  26.025  5.926  -24.264 0.7142857313
50374  26.474  6.385  -24.214 0.7142857313
50375  25.824  6.490  -24.556 0.7142857313
51116  25.540  7.413  -24.916 0.4285714328
48833  26.869  4.754  -22.924 0.5714285970
50364  27.054  6.328  -23.804 0.5714285970
51105  27.008  6.940  -24.149 0.7142857313
51115  26.508  7.318  -24.573 0.7142857313
51863  27.226  8.296  -24.573 0.7142857313
51864  26.179  8.259  -25.094 0.5714285970
52676  26.529  9.274  -25.232 0.5714285970
51846  28.705  7.879  -22.963 0.7142857313
51104  27.689  7.198  -23.747 0.5714285970
51856  27.652  7.821  -24.133 0.7142857313
51114  27.212  7.528  -24.228 0.7142857313
52675  27.382  9.208  -24.726 0.8571428657
53485  27.055  9.796  -24.978 0.7142857313
52686  26.131  9.967  -25.528 0.7142857313
53495  26.596  10.370  -25.300 0.7142857313
53496  25.876  10.663  -25.858 0.7142857313
51855  28.318  8.338  -23.746 0.5714285970
53484  27.569  9.890  -24.646 0.8571428657
54265  27.295  10.661  -24.677 0.8571428657
54267  26.398  11.712  -25.497 0.7142857313
55051  25.305  12.961  -26.479 0.2857142985
54266  26.974  10.973  -24.857 0.7142857313
55786  25.753  13.826  -26.386 0.7142857313
54255  27.552  10.966  -24.485 0.7142857313
54257  26.712  12.300  -25.131 0.8571428657
56486  26.454  14.652  -25.632 0.8571428657
55043  26.480  12.977  -25.511 0.8571428657
55781  26.134  13.367  -26.043 0.5714285970
55780  26.252  13.955  -25.932 0.8571428657
56491  26.148  14.727  -26.084 0.8571428657
56493  25.270  14.774  -26.585 0.7142857313
55035  26.890  12.656  -24.892 0.8571428657
55779  26.564  13.896  -25.257 0.8571428657
57193  25.656  15.635  -26.486 0.8571428657
57184  26.318  15.551  -25.871 0.8571428657
57889  26.020  16.298  -25.982 0.8571428657
57900  25.644  16.374  -26.270 0.7142857313
58593  24.628  19.244  -25.442 0.7142857313
90426  24.447  20.484  -25.548 0.7142857313
63105  24.884  22.852  -24.980 0.7142857313
61629  24.393  20.899  -25.557 0.7142857313
63106  23.793  23.001  -25.637 0.7142857313
63832  24.684  24.137  -25.199 0.7142857313
63119  23.512  24.034  -25.692 0.5714285970
63841  23.970  24.472  -25.553 0.5714285970
63120  22.975  23.823  -25.649 0.5714285970
64549  24.562  25.219  -25.134 0.5714285970
63842  23.267  24.754  -25.695 0.5714285970
63843  22.310  24.696  -25.573 0.4285714328
63121  22.326  23.689  -25.444 0.4285714328
64559  22.187  25.691  -25.218 0.5714285970
64560  21.690  25.409  -24.930 0.4285714328
63109  20.955  23.108  -24.295 0.4285714328
63844  21.849  25.108  -25.279 0.5714285970
64540  21.747  26.208  -23.694 0.4285714328
48064  28.041  3.430  -20.563 0.2857142985
51091  28.112  6.903  -23.083 0.5714285970
64550  21.939  26.125  -24.549 0.2857142985
64541  21.095  25.401  -23.298 0.2857142985
43560  23.560  -3.003  -20.183 0.5714285970
44343  25.359  -0.862  -20.311 0.2857142985
45119  25.254  -0.606  -20.628 0.5714285970
42795  22.524  -3.084  -20.494 0.2857142985
45870  24.147  0.268  -22.252 0.4285714328
45884  24.433  0.806  -22.324 0.5714285970
45129  22.242  -0.531  -21.607 0.2857142985
47350  25.337  2.414  -22.687 0.5714285970
48800  28.609  4.440  -20.490 0.2857142985
48100  24.436  3.667  -23.483 0.2857142985
54256  27.190  11.898  -24.633 0.8571428657
55044  25.947  12.763  -26.116 0.7142857313
58592  24.683  17.745  -25.753 0.7142857313
62380  24.314  21.641  -25.476 0.7142857313
63107  22.630  22.633  -25.457 0.5714285970
63834  21.552  24.439  -24.881 0.2857142985
63831  25.535  24.139  -24.650 0.5714285970
64548  25.240  25.066  -24.886 0.5714285970
64558  22.965  25.724  -25.441 0.5714285970
50351  28.065  6.272  -22.545 0.7142857313
52674  28.017  9.328  -24.302 0.7142857313
58601  25.319  16.929  -25.868 0.7142857313
49605  27.248  5.376  -22.992 0.5714285970
44338  24.950  -1.806  -19.939 0.5714285970
42794  23.124  -3.216  -20.292 0.5714285970
44354  24.242  -1.046  -21.250 0.5714285970
44353  24.571  -0.957  -21.005 0.5714285970
41986  22.902  -4.057  -19.716 0.5714285970
44356  22.692  -1.139  -21.591 0.4285714328
45869  24.774  0.448  -21.857 0.5714285970
45142  23.144  0.206  -22.336 0.4285714328
46619  25.226  1.721  -22.299 0.5714285970
47337  25.722  2.136  -22.173 0.5714285970
48098  25.684  3.770  -23.269 0.5714285970
48099  25.127  3.725  -23.505 0.4285714328
48088  24.708  3.209  -23.316 0.4285714328
47351  24.479  2.518  -23.052 0.4285714328
48814  26.492  3.856  -22.634 0.7142857313
48846  24.976  4.339  -23.914 0.2857142985
49617  26.381  5.368  -23.753 0.7142857313
49616  27.094  5.826  -23.498 0.7142857313
50363  27.576  6.303  -23.308 0.5714285970
52677  25.876  8.902  -25.374 0.7142857313
51862  27.768  8.775  -24.388 0.5714285970
52687  25.524  9.617  -25.616 0.2857142985
54268  25.336  11.873  -26.246 0.5714285970
90436  24.682  20.838  -25.376 0.7142857313
64557  23.835  25.542  -25.338 0.7142857313
64551  21.357  25.396  -24.270 0.4285714328
45871  22.554  0.074  -22.052 0.1428571492
45885  23.762  0.737  -22.512 0.4285714328
40344  21.002  -6.332  -17.968 0.4285714328
44327  26.660  -1.604  -18.531 0.1428571492
44336  26.483  -1.136  -19.042 0.1428571492
46596  27.524  1.582  -20.195 0.1428571492
45110  27.066  -0.221  -19.327 0.1428571492
44326  27.468  -1.137  -18.456 0.1428571492
46595  28.170  1.824  -19.859 0.1428571492
45859  27.446  0.893  -19.879 0.1428571492
45109  27.913  -0.226  -18.849 0.1428571492
47326  28.203  2.543  -20.096 0.1428571492
49575  29.194  4.910  -20.155 0.2857142985
49587  29.105  5.578  -20.619 0.1428571492
59310  25.255  17.448  -25.352 0.5714285970
67619  27.598  30.224  -24.814 0.1428571492
57907  24.713  16.188  -26.723 0.4285714328
67620  26.830  30.514  -24.517 0.1428571492
57878  23.737  18.805  -25.892 0.4285714328
66427  24.130  28.738  -24.460 0.2857142985
65261  23.606  26.556  -24.969 0.2857142985
65260  24.696  26.404  -24.912 0.2857142985
90446  22.261  19.305  -25.309 0.1428571492
62381  23.054  20.260  -25.651 0.5714285970
65864  23.419  27.245  -24.677 0.2857142985
65251  25.017  25.664  -24.931 0.4285714328
62382  21.824  21.740  -25.204 0.4285714328
65252  22.399  27.012  -23.983 0.1428571492
65262  22.810  26.608  -24.719 0.1428571492
61631  21.067  21.426  -24.816 0.1428571492
63108  21.744  23.150  -25.104 0.4285714328
65853  23.285  27.992  -24.211 0.1428571492
62383  21.170  22.263  -24.796 0.2857142985
65243  22.269  27.000  -23.179 0.2857142985
65240  21.908  25.993  -21.996 0.1428571492
65846  22.564  28.029  -23.488 0.1428571492
65239  22.362  26.792  -22.328 0.1428571492
65842  22.762  27.762  -22.725 0.1428571492
40363  21.158  -5.830  -18.433 0.4285714328
41975  21.039  -4.893  -19.199 0.2857142985
45849  27.819  0.615  -19.429 0.1428571492
57891  24.099  17.332  -26.183 0.2857142985
65259  25.765  26.857  -24.904 0.2857142985
65863  24.115  27.769  -24.713 0.2857142985
66421  23.009  29.017  -23.593 0.2857142985
41183  20.648  -5.438  -18.435 0.2857142985
41157  25.621  -5.420  -17.191 0.1428571492
42774  27.317  -2.871  -17.726 0.1428571492
57890  24.651  17.213  -26.156 0.4285714328
90439  21.699  19.414  -24.988 0.2857142985
66441  24.354  28.365  -24.639 0.2857142985
65862  25.226  27.639  -24.892 0.2857142985
66440  24.838  28.628  -24.739 0.2857142985
67024  25.493  29.109  -24.592 0.1428571492
67010  24.899  29.439  -24.483 0.1428571492
67023  26.546  29.461  -24.493 0.1428571492
66439  25.860  28.470  -24.805 0.1428571492
50333  29.605  6.750  -20.853 0.2857142985
40362  21.660  -5.969  -18.362 0.4285714328
40343  21.912  -6.549  -17.923 0.4285714328
48811  28.522  5.020  -20.932 0.4285714328
65244  21.736  26.137  -22.801 0.2857142985
58602  24.918  17.204  -26.041 0.5714285970
46586  27.898  1.291  -19.756 0.1428571492
44335  27.220  -0.674  -18.901 0.1428571492
47312  28.620  2.204  -19.741 0.1428571492
57879  23.154  18.256  -25.753 0.2857142985
65852  23.809  28.177  -24.494 0.2857142985
90429  22.734  19.443  -25.531 0.2857142985
61630  21.497  20.560  -24.957 0.2857142985
47325  28.835  2.762  -19.741 0.1428571492
67009  25.826  29.681  -24.370 0.1428571492
67000  23.126  30.046  -23.621 0.1428571492
66428  23.453  29.395  -23.997 0.1428571492
67600  22.969  30.946  -23.714 0.1428571492
66414  23.463  28.459  -22.367 0.1428571492
67587  23.357  30.669  -23.202 0.1428571492
66990  23.558  29.225  -22.635 0.1428571492
66994  23.400  29.709  -23.079 0.1428571492
66993  23.788  29.840  -22.528 0.1428571492
68197  23.872  31.312  -22.663 0.1428571492
67576  24.784  30.281  -21.457 0.1428571492
68183  24.054  30.836  -22.334 0.1428571492
66989  24.055  29.412  -22.039 0.1428571492
68182  24.540  31.148  -21.945 0.1428571492
68826  22.944  32.333  -23.771 0.1428571492
67011  23.954  30.055  -24.289 0.1428571492
67012  23.259  30.548  -24.090 0.1428571492
67026  23.477  30.822  -24.391 0.1428571492
67577  24.157  30.346  -22.161 0.1428571492
66988  24.613  29.292  -21.400 0.1428571492
45861  26.085  0.546  -20.772 0.4285714328
41972  23.805  -4.118  -18.758 0.2857142985
42785  24.077  -3.355  -19.396 0.2857142985
42777  24.417  -3.609  -18.789 0.1428571492
43552  24.460  -3.124  -19.338 0.2857142985
41952  23.390  -4.981  -18.374 0.2857142985
41973  23.106  -4.542  -19.048 0.4285714328
42786  23.450  -3.566  -19.756 0.4285714328
42778  23.750  -3.824  -19.134 0.2857142985
41974  21.936  -4.933  -19.325 0.2857142985
41182  21.431  -5.485  -18.815 0.2857142985
41987  22.312  -4.258  -19.758 0.2857142985
46620  24.551  1.547  -22.608 0.2857142985
49629  25.369  5.549  -24.328 0.1428571492
50376  24.924  6.510  -24.644 0.1428571492
51865  25.168  8.555  -25.303 0.1428571492
54269  24.391  11.586  -26.252 0.1428571492
55052  24.698  13.047  -26.525 0.1428571492
55787  24.960  13.858  -26.609 0.1428571492
56494  24.529  14.836  -26.623 0.1428571492
56487  23.759  14.943  -26.406 0.1428571492
90428  22.585  18.806  -25.508 0.1428571492
63833  21.976  24.021  -25.283 0.1428571492
63822  20.936  24.366  -23.849 0.1428571492
41180  23.007  -5.275  -18.448 0.1428571492
57194  24.838  15.755  -26.739 0.2857142985
57195  24.232  15.903  -26.594 0.1428571492
41161  20.474  -5.922  -17.884 0.2857142985
46621  23.650  1.700  -22.807 0.2857142985
47352  23.587  2.794  -23.047 0.2857142985
51876  24.971  9.258  -25.524 0.1428571492
52688  24.553  9.791  -25.696 0.1428571492
53497  24.966  10.655  -26.104 0.1428571492
54270  23.466  11.790  -25.942 0.1428571492
54278  24.602  12.352  -26.402 0.1428571492
55053  24.184  12.892  -26.393 0.1428571492
55788  24.151  13.808  -26.419 0.1428571492
57902  24.538  16.339  -26.593 0.1428571492
57893  22.223  17.374  -25.770 0.1428571492
41181  22.312  -5.471  -18.676 0.2857142985
45886  22.797  0.913  -22.350 0.1428571492
54279  24.005  12.305  -26.306 0.1428571492
41162  20.080  -5.458  -17.533 0.1428571492
41184  20.119  -4.850  -18.251 0.1428571492
41988  21.418  -4.312  -19.648 0.1428571492
61618  28.290  21.317  -22.775 0.1428571492
39488  20.713  -7.021  -17.301 0.1428571492
41976  20.359  -4.380  -18.881 0.1428571492
41989  20.858  -4.322  -19.381 0.1428571492
42788  21.797  -3.598  -20.176 0.1428571492
42796  21.893  -2.852  -20.483 0.1428571492
60830  28.155  20.523  -22.552 0.1428571492
44348  21.271  -1.691  -20.474 0.1428571492
60029  28.001  19.715  -22.661 0.1428571492
51076  30.082  7.526  -21.227 0.1428571492
40345  20.380  -6.364  -17.430 0.1428571492
43568  21.629  -2.237  -20.531 0.1428571492
47361  24.247  3.082  -23.258 0.2857142985
48853  25.122  4.894  -24.169 0.2857142985
53494  27.165  10.336  -24.845 0.8571428657
54277  24.992  12.537  -26.458 0.1428571492
55006  30.525  12.384  -22.137 0.1428571492
55785  26.005  14.305  -26.231 0.8571428657
56492  25.809  14.740  -26.360 0.8571428657
57185  25.993  15.998  -26.286 0.8571428657
57192  26.004  15.168  -26.256 0.8571428657
57196  24.794  15.998  -26.829 0.4285714328
57197  24.588  16.052  -26.729 0.4285714328
57888  26.343  16.296  -25.541 0.8571428657
57901  24.955  16.596  -26.470 0.4285714328
57908  24.513  16.228  -26.819 0.4285714328
58590  25.747  16.704  -25.438 0.8571428657
58600  25.375  17.030  -25.428 0.5714285970
59301  25.937  17.232  -24.798 0.7142857313
59311  25.018  17.485  -25.662 0.5714285970
67008  26.211  29.742  -24.327 0.1428571492
67025  25.066  29.067  -24.686 0.1428571492
67586  23.767  30.462  -22.668 0.1428571492
68198  23.112  31.448  -23.275 0.1428571492
68209  22.702  31.674  -23.770 0.1428571492
68814  23.442  32.002  -23.115 0.1428571492
68815  22.922  31.926  -23.417 0.1428571492
68825  23.901  32.247  -23.532 0.1428571492
68833  23.414  32.429  -24.263 0.1428571492
68834  22.821  32.524  -24.508 0.1428571492
90440  22.490  19.230  -25.429 0.1428571492
