#!ascii label  , from subject TEMPLATE vox2ras=TkReg
201
51862  27.768  8.775  -24.388 0.0000000000
45119  25.254  -0.606  -20.628 0.0000000000
55786  25.753  13.826  -26.386 0.0000000000
63842  23.267  24.754  -25.695 0.0000000000
43565  24.019  -2.051  -20.546 0.0000000000
57877  26.839  16.436  -25.130 0.0000000000
60031  26.072  19.287  -24.587 0.0000000000
50375  25.824  6.490  -24.556 0.0000000000
48814  26.492  3.856  -22.634 0.0000000000
50351  28.065  6.272  -22.545 0.0000000000
53477  28.848  10.564  -23.410 0.0000000000
51845  29.327  8.399  -22.344 0.0000000000
54267  26.398  11.712  -25.497 0.0000000000
55772  26.884  13.900  -24.521 0.0000000000
63106  23.793  23.001  -25.637 0.0000000000
62378  25.993  22.051  -24.049 0.0000000000
46597  26.689  1.468  -20.777 0.0000000000
59303  25.197  18.197  -25.305 0.0000000000
58593  24.628  19.244  -25.442 0.0000000000
51115  26.508  7.318  -24.573 0.0000000000
50364  27.054  6.328  -23.804 0.0000000000
51104  27.689  7.198  -23.747 0.0000000000
44344  24.678  -1.335  -20.561 0.0000000000
55044  25.947  12.763  -26.116 0.0000000000
55035  26.890  12.656  -24.892 0.0000000000
55779  26.564  13.896  -25.257 0.0000000000
58574  27.559  17.811  -24.058 0.0000000000
57876  27.609  16.581  -24.528 0.0000000000
63844  21.849  25.108  -25.279 0.0000000000
63107  22.630  22.633  -25.457 0.0000000000
63119  23.512  24.034  -25.692 0.0000000000
64547  26.112  25.235  -24.681 0.0000000000
63830  26.500  24.380  -24.283 0.0000000000
63831  25.535  24.139  -24.650 0.0000000000
63103  26.756  23.819  -23.921 0.0000000000
62370  26.601  21.978  -23.576 0.0000000000
48072  27.144  3.511  -21.523 0.0000000000
47336  26.394  2.474  -21.713 0.0000000000
43560  23.560  -3.003  -20.183 0.0000000000
57184  26.318  15.551  -25.871 0.0000000000
58591  25.681  16.568  -25.936 0.0000000000
90431  26.203  17.984  -24.622 0.0000000000
59292  27.143  18.752  -24.060 0.0000000000
48845  25.679  4.389  -23.619 0.0000000000
49617  26.381  5.368  -23.753 0.0000000000
49605  27.248  5.376  -22.992 0.0000000000
48812  27.904  4.527  -21.289 0.0000000000
53483  28.125  10.324  -24.235 0.0000000000
51855  28.318  8.338  -23.746 0.0000000000
52668  29.196  9.676  -22.862 0.0000000000
52677  25.876  8.902  -25.374 0.0000000000
52686  26.131  9.967  -25.528 0.0000000000
53485  27.055  9.796  -24.978 0.0000000000
54255  27.552  10.966  -24.485 0.0000000000
55024  28.009  12.445  -23.946 0.0000000000
55770  28.115  14.089  -23.133 0.0000000000
57174  27.081  15.582  -25.095 0.0000000000
56477  28.117  14.889  -23.825 0.0000000000
62380  24.314  21.641  -25.476 0.0000000000
64549  24.562  25.219  -25.134 0.0000000000
63832  24.684  24.137  -25.199 0.0000000000
63105  24.884  22.852  -24.980 0.0000000000
90436  24.682  20.838  -25.376 0.0000000000
62379  25.125  21.049  -24.746 0.0000000000
61620  26.245  20.873  -23.915 0.0000000000
45868  25.462  0.493  -21.263 0.0000000000
47349  26.037  2.713  -22.372 0.0000000000
51090  28.684  7.312  -22.425 0.0000000000
50334  28.873  6.418  -21.464 0.0000000000
51863  27.226  8.296  -24.573 0.0000000000
51114  27.212  7.528  -24.228 0.0000000000
51856  27.652  7.821  -24.133 0.0000000000
41986  22.902  -4.057  -19.716 0.0000000000
42787  22.696  -3.694  -20.118 0.0000000000
55781  26.134  13.367  -26.043 0.0000000000
55780  26.252  13.955  -25.932 0.0000000000
63843  22.310  24.696  -25.573 0.0000000000
63120  22.975  23.823  -25.649 0.0000000000
63091  27.140  23.221  -23.565 0.0000000000
48071  27.733  3.748  -21.031 0.0000000000
48065  27.479  3.185  -21.002 0.0000000000
45127  24.061  -0.433  -21.897 0.0000000000
57900  25.644  16.374  -26.270 0.0000000000
58601  25.319  16.929  -25.868 0.0000000000
59302  25.635  17.901  -24.908 0.0000000000
59297  26.733  18.223  -24.372 0.0000000000
64559  22.187  25.691  -25.218 0.0000000000
49618  25.519  4.877  -24.016 0.0000000000
49628  26.025  5.926  -24.264 0.0000000000
50363  27.576  6.303  -23.308 0.0000000000
49616  27.094  5.826  -23.498 0.0000000000
49589  27.805  5.382  -22.038 0.0000000000
43566  23.326  -2.512  -20.614 0.0000000000
52669  28.616  9.527  -23.668 0.0000000000
51864  26.179  8.259  -25.094 0.0000000000
53496  25.876  10.663  -25.858 0.0000000000
53495  26.596  10.370  -25.300 0.0000000000
54265  27.295  10.661  -24.677 0.0000000000
54266  26.974  10.973  -24.857 0.0000000000
55042  26.821  13.252  -24.902 0.0000000000
55034  27.361  12.895  -24.322 0.0000000000
55033  27.994  12.831  -23.740 0.0000000000
55771  27.540  13.966  -24.183 0.0000000000
57175  26.675  15.974  -25.457 0.0000000000
57183  26.643  15.122  -25.420 0.0000000000
57173  27.998  15.572  -24.372 0.0000000000
57172  29.103  15.480  -23.981 0.0000000000
62382  21.824  21.740  -25.204 0.0000000000
62381  23.054  20.260  -25.651 0.0000000000
65250  25.583  25.947  -24.890 0.0000000000
64548  25.240  25.066  -24.886 0.0000000000
63104  26.002  23.040  -24.200 0.0000000000
61619  27.140  21.194  -23.218 0.0000000000
60832  26.845  20.262  -23.643 0.0000000000
45884  24.433  0.806  -22.324 0.0000000000
48834  26.385  4.329  -23.108 0.0000000000
48098  25.684  3.770  -23.269 0.0000000000
48086  25.998  3.333  -22.838 0.0000000000
47328  26.746  2.189  -21.121 0.0000000000
46605  26.284  1.733  -21.299 0.0000000000
46598  26.056  1.102  -21.211 0.0000000000
51854  28.891  8.980  -23.180 0.0000000000
51846  28.705  7.879  -22.963 0.0000000000
51089  29.121  7.700  -22.164 0.0000000000
58602  24.918  17.204  -26.041 0.0000000000
58592  24.683  17.745  -25.753 0.0000000000
90432  25.275  19.873  -24.953 0.0000000000
50374  26.474  6.385  -24.214 0.0000000000
51105  27.008  6.940  -24.149 0.0000000000
51091  28.112  6.903  -23.083 0.0000000000
43559  24.297  -2.598  -19.931 0.0000000000
44338  24.950  -1.806  -19.939 0.0000000000
43558  25.265  -2.057  -19.467 0.0000000000
54245  29.022  11.542  -22.919 0.0000000000
54268  25.336  11.873  -26.246 0.0000000000
54257  26.712  12.300  -25.131 0.0000000000
55043  26.480  12.977  -25.511 0.0000000000
58582  26.733  17.273  -24.631 0.0000000000
57865  28.126  17.126  -24.218 0.0000000000
63092  26.414  22.595  -23.811 0.0000000000
48813  27.045  4.395  -22.337 0.0000000000
48073  26.525  3.376  -22.238 0.0000000000
47335  27.034  2.766  -21.206 0.0000000000
42794  23.124  -3.216  -20.292 0.0000000000
44345  23.768  -1.671  -20.985 0.0000000000
44354  24.242  -1.046  -21.250 0.0000000000
44353  24.571  -0.957  -21.005 0.0000000000
45126  24.820  -0.457  -21.180 0.0000000000
56493  25.270  14.774  -26.585 0.0000000000
56491  26.148  14.727  -26.084 0.0000000000
57193  25.656  15.635  -26.486 0.0000000000
57889  26.020  16.298  -25.982 0.0000000000
58583  26.300  16.732  -25.062 0.0000000000
59310  25.255  17.448  -25.352 0.0000000000
59309  25.491  17.218  -25.101 0.0000000000
60030  27.248  19.535  -23.555 0.0000000000
64560  21.690  25.409  -24.930 0.0000000000
64558  22.965  25.724  -25.441 0.0000000000
49606  26.737  4.946  -23.214 0.0000000000
48833  26.869  4.754  -22.924 0.0000000000
48801  28.079  4.045  -20.833 0.0000000000
52674  28.017  9.328  -24.302 0.0000000000
53476  29.355  10.657  -22.496 0.0000000000
52676  26.529  9.274  -25.232 0.0000000000
52675  27.382  9.208  -24.726 0.0000000000
53484  27.569  9.890  -24.646 0.0000000000
53493  27.549  10.426  -24.590 0.0000000000
54246  28.201  11.570  -23.966 0.0000000000
54256  27.190  11.898  -24.633 0.0000000000
54247  27.732  12.199  -24.249 0.0000000000
55023  28.369  12.471  -23.300 0.0000000000
55032  28.375  13.324  -23.227 0.0000000000
56486  26.454  14.652  -25.632 0.0000000000
56485  26.781  14.669  -25.040 0.0000000000
56478  27.344  14.783  -24.423 0.0000000000
64557  23.835  25.542  -25.338 0.0000000000
63841  23.970  24.472  -25.553 0.0000000000
61629  24.393  20.899  -25.557 0.0000000000
90426  24.447  20.484  -25.548 0.0000000000
62371  25.971  21.500  -24.052 0.0000000000
45869  24.774  0.448  -21.857 0.0000000000
47350  25.337  2.414  -22.687 0.0000000000
47337  25.722  2.136  -22.173 0.0000000000
46619  25.226  1.721  -22.299 0.0000000000
46606  25.586  1.414  -21.739 0.0000000000
51103  28.340  7.513  -23.227 0.0000000000
50350  28.530  6.624  -22.015 0.0000000000
51077  29.223  7.426  -21.680 0.0000000000
51078  28.798  6.972  -21.864 0.0000000000
50335  28.338  6.051  -21.875 0.0000000000
49588  28.431  5.504  -21.361 0.0000000000
53494  27.165  10.336  -24.845 0.0000000000
55785  26.005  14.305  -26.231 0.0000000000
56492  25.809  14.740  -26.360 0.0000000000
57185  25.993  15.998  -26.286 0.0000000000
57192  26.004  15.168  -26.256 0.0000000000
57888  26.343  16.296  -25.541 0.0000000000
58590  25.747  16.704  -25.438 0.0000000000
58600  25.375  17.030  -25.428 0.0000000000
59301  25.937  17.232  -24.798 0.0000000000
59311  25.018  17.485  -25.662 0.0000000000
